locus	Chr	pos	type	Variant_Classification	Protein_Change	Strand	Reference_Allele	Mutant_Allele	Variant_Type	Number of times codon change is in COSMIC	coverage_1	observed_alt_1	alt_1	ref_1	Pr_homozygous_1	Pr_subclonal_homozygous_1	Pr_clonal_1	SC_Aq_d_1	SC_Aq_a_1	C_Aq_1	HS_q_hat_1_1	HS_q_hat_2_1	q_hat_1	H1_1	H2_1	H3_1	H4_1	detection_power_1	detection_power_for_single_read_1	coverage_2	observed_alt_2	alt_2	ref_2	Pr_homozygous_2	Pr_subclonal_homozygous_2	Pr_clonal_2	SC_Aq_d_2	SC_Aq_a_2	C_Aq_2	HS_q_hat_1_2	HS_q_hat_2_2	q_hat_2	H1_2	H2_2	H3_2	H4_2	detection_power_2	detection_power_for_single_read_2	mut_class	mut_class_order	var_cluster_classes	CCF1	CCF2
PRKCQ	10	6506274	SNV	Splice_Site		+	C	T	SNP	0	376	6	6	370	0	0	1.20126131264442e-11	NA	NA	NA	1	1	2	NA	NA	NA	NA	0.999999999999996	1	301	3	3	298	0	0	3.73034936274053e-14	NA	NA	NA	1	1	2	NA	NA	NA	NA	0.999999999999998	1	S_S	121	Z_S	0.05	0.07
POTEG	14	19553754	SNV	Missense_Mutation	p.G113D	+	G	A	SNP	0	628	8	8	620	0	0.337180974882483	4.14933544823359e-06	0	1	1	1	1	2	2.07441877361878e-06	0.33141601043787	0.337178900463709	0.331403014679648	1	1	429	4	4	425	0	0.474066661690481	4.42278967893728e-08	0	1	1	1	1	2	0.000489499631317744	0.262966753343195	0.473577162059163	0.262966584966323	1	1	S_S	119	Z_S	0.05	0.07
DBNL	7	44100464	SNV	Silent	p.P414P	+	G	A	SNP	0	121	5	5	116	0	0	0.0254776012716311	NA	NA	NA	1	2	3	NA	NA	NA	NA	0.999758610352972	0.999999856524696	100	1	1	99	0	0	0.000106296632224612	NA	NA	NA	1	2	3	NA	NA	NA	NA	0.999882190543981	0.99999982139853	S_S	129	S_Z	0.27	0.02
ODF2	9	131250301	SNV	Silent	p.L511L	+	G	T	SNP	0	36	6	6	30	0	0	0.76489660951355	NA	NA	NA	1	1	2	NA	NA	NA	NA	0.866578516209387	0.997814401603306	12	4	4	8	0	0	0.818176401397037	NA	NA	NA	1	1	2	NA	NA	NA	NA	0.429874254851722	0.924264596438553	C_C	109	C_C	1	1
ZNF679	7	63727192	SNV	Missense_Mutation	p.S394I	+	G	T	SNP	0	15	3	3	12	0	0	0.743423710191349	NA	NA	NA	1	1	2	NA	NA	NA	NA	0.452091071294795	0.927366461508584	19	0	0	19	0	0	0.106677093910997	NA	NA	NA	1	1	2	NA	NA	NA	NA	0.744302945261836	0.982454634945985	S_ND	9	S_Z	0.27	0.02
CCDC146	7	76889554	SNV	Splice_Site		+	G	A	SNP	0	29	3	3	26	0	0	0.591539217646072	NA	NA	NA	1	1	2	NA	NA	NA	NA	0.767565059034728	0.993116934677251	39	0	0	39	0	0	0.00491447019728219	NA	NA	NA	1	1	2	NA	NA	NA	NA	0.95982732942702	0.999684199512248	S_ND	3	S_Z	0.27	0.02
ZNF33B	10	43088893	SNV	Missense_Mutation	p.C502Y	+	C	T	SNP	0	140	23	23	117	0	0	0.835551498973265	NA	NA	NA	1	1	2	NA	NA	NA	NA	0.999996141921154	0.999999999353563	160	24	24	136	0	0	0.693260609561224	NA	NA	NA	1	1	2	NA	NA	NA	NA	0.999999991696133	0.999999999999543	C_C	42	C_C	1	1
CIAPIN1	16	57473235	SNV	Missense_Mutation	p.E57K	+	C	T	SNP	0	213	5	5	208	0	0	1.33153063497371e-06	NA	NA	NA	1	1	2	NA	NA	NA	NA	0.999999997937263	0.999999999999904	187	0	0	187	0	0	1.76658687678355e-12	NA	NA	NA	1	1	2	NA	NA	NA	NA	0.999999999718727	0.99999999999999	S_ND	69	S_Z	0.27	0.02
TRPC1	3	142499837	SNV	Missense_Mutation	p.R309H	+	G	A	SNP	0	110	4	4	106	2.22671685848126e-17	0	0.0199469745169486	NA	NA	NA	0	3	3	NA	NA	NA	NA	0.999514630735547	0.9999994926798	104	2	2	102	1.96476211269375e-22	0	0.000489655963142099	NA	NA	NA	0	3	3	NA	NA	NA	NA	0.999902992128142	0.999999896213298	S_S	77	S_Z	0.27	0.02
ID3	1	23885761	SNV	Missense_Mutation	p.E53K	+	C	T	SNP	0	212	76	76	136	0	0	0.999999985316792	NA	NA	NA	1	2	3	NA	NA	NA	NA	0.999999879550892	0.999999999989079	208	82	82	126	0	0	0.999999988933953	NA	NA	NA	1	2	3	NA	NA	NA	NA	0.999999993977007	0.999999999999644	C_C	53	C_C	1	1
MRPS18B	6	30593314	SNV	Missense_Mutation	p.R173W	+	C	T	SNP	0	317	35	35	282	0	0	0.436226322618031	NA	NA	NA	1	1	2	NA	NA	NA	NA	0.999999999999593	1	295	64	64	231	0	0	0.902834170904634	NA	NA	NA	1	1	2	NA	NA	NA	NA	0.999999999999997	1	C_C	72	C_C	1	1
RAD54L2	3	51669785	SNV	Missense_Mutation	p.R440Q	+	G	A	SNP	0	14	6	6	8	0.847664002297073	0.152335997702927	0.847664002297073	NA	NA	NA	0	1	1	NA	NA	NA	NA	0.537570029016386	0.950769261110899	17	7	7	10	0.860697587770785	0.139302412229215	0.860697587770785	NA	NA	NA	0	1	1	NA	NA	NA	NA	0.823955732361363	0.990981445066307	C_C	22	C_C	1	1
LGALS12	11	63276383	SNV	Missense_Mutation	p.E120K	+	G	A	SNP	0	110	8	8	102	0	0	0.153487055315326	NA	NA	NA	1	1	2	NA	NA	NA	NA	0.999939522339911	0.999999964884702	66	0	0	66	0	0	6.21305783262693e-05	NA	NA	NA	1	1	2	NA	NA	NA	NA	0.999072938915268	0.999998038993343	S_ND	36	S_Z	0.27	0.02
ATXN7L2	1	110026680	SNV	Silent	p.R35R	+	G	T	SNP	0	60	6	6	54	0	0	0.539034353321741	NA	NA	NA	1	1	2	NA	NA	NA	NA	0.98913195789343	0.99995049096397	41	6	6	35	0	0	0.687827584262675	NA	NA	NA	1	1	2	NA	NA	NA	NA	0.96892827080448	0.999786043789099	C_C	28	C_C	1	1
OR1E1	17	3301535	SNV	Missense_Mutation	p.T57M	+	G	A	SNP	0	65	13	13	52	0	0	0.847144139077732	NA	NA	NA	1	1	2	NA	NA	NA	NA	0.993861452995205	0.999976898742187	47	7	7	40	0	0	0.69799909837729	NA	NA	NA	1	1	2	NA	NA	NA	NA	0.986081670437868	0.999932603915063	C_C	66	C_C	1	1
SERPINF1	17	1680665	SNV	Silent	p.F394F	+	C	T	SNP	0	217	45	45	172	0	0	0.899957856130689	NA	NA	NA	1	1	2	NA	NA	NA	NA	0.999999998621314	0.999999999999939	148	14	14	134	0	0	0.0987451537059285	NA	NA	NA	1	1	2	NA	NA	NA	NA	0.99999996208085	0.999999999997304	C_C	21	C_C	1	1
ZC3H7A	16	11852352	SNV	Missense_Mutation	p.G788E	+	C	T	SNP	0	121	7	7	114	0	0	0.0374920903420483	NA	NA	NA	1	1	2	NA	NA	NA	NA	0.999975274212314	0.999999992111132	162	0	0	162	0	0	4.6622261606899e-11	NA	NA	NA	1	1	2	NA	NA	NA	NA	0.999999993551603	0.999999999999658	S_ND	86	S_Z	0.27	0.02
CSMD1	8	2832075	SNV	Missense_Mutation	p.V2881I	+	C	T	SNP	0	35	5	5	30	0	0	0.715440900136332	NA	NA	NA	1	1	2	NA	NA	NA	NA	0.85430647684036	0.997428348365806	25	6	6	19	0	0	0.816804532267412	NA	NA	NA	1	1	2	NA	NA	NA	NA	0.827615942420709	0.994869788545894	C_C	95	C_C	1	1
SCN8A	12	52159684	SNV	Missense_Mutation	p.S925F	+	C	T	SNP	0	256	39	39	217	0	0	0.827007096427902	NA	NA	NA	1	1	2	NA	NA	NA	NA	0.999999999970261	0.999999999999999	154	32	32	122	0	0	0.877226101698029	NA	NA	NA	1	1	2	NA	NA	NA	NA	0.999999982253847	0.999999999998896	C_C	2	C_C	1	1
TMOD4	1	151143933	SNV	Silent	p.T234T	+	C	T	SNP	0	124	5	5	119	0	0	0.00410692497506238	NA	NA	NA	1	1	2	NA	NA	NA	NA	0.999981263284063	0.999999994719356	92	0	0	92	0	0	1.06071775685113e-06	NA	NA	NA	1	1	2	NA	NA	NA	NA	0.999979510108555	0.999999979640597	S_ND	128	S_Z	0.27	0.02
HIST1H4H	6	26285431	SNV	Silent	p.Y99Y	+	G	A	SNP	0	164	5	5	159	0	0	0.000109972696026528	NA	NA	NA	1	1	2	NA	NA	NA	NA	0.999999679101078	0.999999999968755	148	1	1	147	0	0	9.51030809659414e-09	NA	NA	NA	1	1	2	NA	NA	NA	NA	0.99999996208085	0.999999999997304	S_S	124	S_Z	0.27	0.02
ABCC3	17	48736619	SNV	Silent	p.R232R	+	G	A	SNP	0	115	4	4	111	0	0	0.0027641567226272	NA	NA	NA	1	1	2	NA	NA	NA	NA	0.999958428599218	0.999999982262116	114	1	1	113	0	0	9.41050457559101e-07	NA	NA	NA	1	1	2	NA	NA	NA	NA	0.999997754092481	0.999999999468193	S_S	61	S_Z	0.27	0.02
KXD1	19	18675777	SNV	Missense_Mutation	p.T67M	+	C	T	SNP	0	156	25	25	131	0	0	0.831260148747171	NA	NA	NA	1	1	2	NA	NA	NA	NA	0.999999261192901	0.99999999991554	105	27	27	78	0	0	0.899952165428287	NA	NA	NA	1	1	2	NA	NA	NA	NA	0.999995260714649	0.999999997691011	C_C	62	C_C	1	1
MOCS1	6	39874605	SNV	Missense_Mutation	p.E480G	+	T	C	SNP	0	86	19	19	67	0	0	0.877983605185366	NA	NA	NA	1	1	2	NA	NA	NA	NA	0.999474635386829	0.999998967806097	48	11	11	37	0	0	0.847665695136978	NA	NA	NA	1	1	2	NA	NA	NA	NA	0.987869862889773	0.999944304634057	C_C	75	C_C	1	1
TMED8	14	77812762	SNV	Missense_Mutation	p.G86V	+	C	A	SNP	0	142	21	21	121	0	0	0.792571482874744	NA	NA	NA	1	1	2	NA	NA	NA	NA	0.999996855173977	0.999999999500504	100	19	19	81	0	0	0.833969566543967	NA	NA	NA	1	1	2	NA	NA	NA	NA	0.999993617471253	0.999999994708901	C_C	96	C_C	1	1
NAIF1	9	130826155	SNV	Missense_Mutation	p.T179M	+	G	A	SNP	0	127	4	4	123	0	0	0.000882478186351454	NA	NA	NA	1	1	2	NA	NA	NA	NA	0.999985916357074	0.999999996456612	117	0	0	117	0	0	2.52492823316075e-08	NA	NA	NA	1	1	2	NA	NA	NA	NA	0.999998363372623	0.999999999671803	S_ND	1	S_Z	0.27	0.02
ALPK3	15	85399886	SNV	Silent	p.T841T	+	G	T	SNP	0	49	12	12	37	0	0	0.864874335967573	NA	NA	NA	1	1	2	NA	NA	NA	NA	0.963366103140173	0.999726585345975	43	10	10	33	0	0	0.844476431345542	NA	NA	NA	1	1	2	NA	NA	NA	NA	0.976111540407433	0.99985473105903	C_C	56	C_C	1	1
NAV1	1	201751574	SNV	Missense_Mutation	p.R645H	+	G	A	SNP	0	150	4	4	146	0	0	9.74560445283768e-05	NA	NA	NA	1	1	2	NA	NA	NA	NA	0.999998621787164	0.999999999820154	110	1	1	109	0	0	1.64202181729411e-06	NA	NA	NA	1	1	2	NA	NA	NA	NA	0.999996707169524	0.999999998982551	S_S	130	S_Z	0.27	0.02
MDK	11	46403866	SNV	Silent	p.P33P	+	G	A	SNP	0	62	14	14	48	0	0	0.865690840246896	NA	NA	NA	1	1	2	NA	NA	NA	NA	0.991342849457249	0.999963541146452	61	22	22	39	0	0	0.910727323449156	NA	NA	NA	1	1	2	NA	NA	NA	NA	0.998082675975515	0.999995110515023	C_C	65	C_C	1	1
GPR98	5	89992813	SNV	Missense_Mutation	p.E2669K	+	G	A	SNP	0	69	5	5	64	0	0	0.27500643115387	NA	NA	NA	1	1	2	NA	NA	NA	NA	0.996134331489425	0.999987366074147	60	0	0	60	0	0	0.000162738870570944	NA	NA	NA	1	1	2	NA	NA	NA	NA	0.997784477021303	0.999994121787103	S_ND	127	S_Z	0.27	0.02
ABCA13	7	48416092	SNV	Missense_Mutation	p.G3753V	+	G	T	SNP	0	99	11	11	88	0	0	0.669195920179863	NA	NA	NA	1	2	3	NA	NA	NA	NA	0.999210273359878	0.999998153205302	90	16	16	74	0	0	0.830467715631301	NA	NA	NA	1	2	3	NA	NA	NA	NA	0.999627324435133	0.999999290325604	C_C	117	C_C	1	1
BAZ2B	2	160206569	SNV	Nonsense_Mutation	p.K1505*	+	T	A	SNP	0	91	14	14	77	0	0	0.791394769032368	NA	NA	NA	1	1	2	NA	NA	NA	NA	0.999709147081348	0.999999496994876	88	12	12	76	0	0	0.624534878220852	NA	NA	NA	1	1	2	NA	NA	NA	NA	0.999963198938344	0.999999959667672	C_C	125	C_C	1	1
GDNF	5	37834772	SNV	Missense_Mutation	p.A43T	+	C	T	SNP	0	23	7	7	16	0	0	0.847078489322717	NA	NA	NA	1	1	2	NA	NA	NA	NA	0.691024902389765	0.981298859722944	11	1	1	10	0	0	0.557084515357049	NA	NA	NA	1	1	2	NA	NA	NA	NA	0.373067788364781	0.906432093360275	C_C	89	C_C	1	1
TMPRSS11A	4	68784930	SNV	Nonsense_Mutation	p.W241*	+	C	T	SNP	0	99	16	16	83	0	0	0.813917558110258	NA	NA	NA	1	1	2	NA	NA	NA	NA	0.999887094080903	0.99999983816363	122	25	25	97	0	0	0.865381334656878	NA	NA	NA	1	1	2	NA	NA	NA	NA	0.999999067630675	0.999999999852107	C_C	59	C_C	1	1
FREM2	13	39438677	SNV	Silent	p.F2639F	+	C	T	SNP	0	62	6	6	56	0	0	0.512538037977997	NA	NA	NA	1	1	2	NA	NA	NA	NA	0.991342849457249	0.999963541146452	58	7	7	51	0	0	0.553310719439318	NA	NA	NA	1	1	2	NA	NA	NA	NA	0.997044626547569	0.999991491677905	C_C	81	C_C	1	1
FBXW7	4	153249385	SNV	Missense_Mutation	p.R465C	+	G	A	SNP	0	205	19	19	186	0	0	0.231654250894161	NA	NA	NA	1	1	2	NA	NA	NA	NA	0.999999995359871	0.999999999999761	246	3	3	243	0	0	1.08988373881402e-11	NA	NA	NA	1	1	2	NA	NA	NA	NA	0.999999999999755	1	S_S	103	S_Z	0.27	0.02
GRASP	12	52404854	SNV	Missense_Mutation	p.R128H	+	G	A	SNP	0	308	5	5	303	0	0	4.13479028793518e-10	NA	NA	NA	1	1	2	NA	NA	NA	NA	0.999999999999206	1	234	0	0	234	0	0	5.32907051820075e-15	NA	NA	NA	1	1	2	NA	NA	NA	NA	0.999999999999018	1	S_ND	5	S_Z	0.27	0.02
MKL1	22	40807546	SNV	Missense_Mutation	p.D882N	+	C	T	SNP	0	53	9	9	44	0	0	0.794923835449897	NA	NA	NA	1	1	2	NA	NA	NA	NA	0.976251502018942	0.999853879322113	28	10	10	18	0	0	0.881658845372221	NA	NA	NA	1	1	2	NA	NA	NA	NA	0.862849391812943	0.997203583936403	C_C	6	C_C	1	1
HACL1	3	15610010	SNV	Silent	p.F393F	+	G	A	SNP	0	126	21	21	105	0.000655776989976857	0	0.811368510722616	NA	NA	NA	0	2	2	NA	NA	NA	NA	0.99998449828634	0.999999995953703	131	23	23	108	1.20790155746204e-05	0	0.783539842875142	NA	NA	NA	0	2	2	NA	NA	NA	NA	0.999999682330616	0.999999999963978	C_C	8	C_C	1	1
FLI1	11	128680779	SNV	Missense_Mutation	p.A419T	+	G	A	SNP	0	90	4	4	86	0.00361645573556097	0.996383544264439	0.00361645573556091	NA	NA	NA	0	1	1	NA	NA	NA	NA	0.999976818549239	0.999999977566022	51	0	0	51	4.80461517559756e-05	0.999951953848244	4.80461517560204e-05	NA	NA	NA	0	1	1	NA	NA	NA	NA	0.999194019170136	0.999998529219449	S_ND	13	S_Z	0.27	0.02
KIF24	9	34311297	SNV	Missense_Mutation	p.Q16H	+	C	G	SNP	0	25	8	8	17	0	0	0.85864381230724	NA	NA	NA	1	1	2	NA	NA	NA	NA	0.710003364300159	0.986620608853695	31	7	7	24	0	0	0.818305245393871	NA	NA	NA	1	1	2	NA	NA	NA	NA	0.897435999396185	0.998467731271229	C_C	17	C_C	1	1
NBAS	2	15679477	SNV	Missense_Mutation	p.P128L	+	G	A	SNP	85	81	4	4	77	0	0	0.0591824163572728	NA	NA	NA	1	1	2	NA	NA	NA	NA	0.999052048379278	0.999997864950011	74	1	1	73	0	0	0.0002799398655845	NA	NA	NA	1	1	2	NA	NA	NA	NA	0.999712612965521	0.999999534194208	S_S	20	S_Z	0.27	0.02
UBE3C	7	156974913	SNV	Silent	p.Y294Y	+	C	T	SNP	0	104	4	4	100	0.000654936875542146	0.999345063124457	0.000654936875542522	NA	NA	NA	0	1	1	NA	NA	NA	NA	0.999996003848752	0.999999998001903	117	0	0	117	7.36330758327401e-11	0.999999999926367	7.36326555283995e-11	NA	NA	NA	0	1	1	NA	NA	NA	NA	0.999999992566541	0.99999999999945	S_ND	26	S_Z	0.27	0.02
DCLK1	13	36382418	SNV	Silent	p.L602L	+	C	T	SNP	0	194	26	26	168	0	0	0.736748710681748	NA	NA	NA	1	1	2	NA	NA	NA	NA	0.999999985711041	0.999999999999147	146	29	29	117	0	0	0.863232284435567	NA	NA	NA	1	1	2	NA	NA	NA	NA	0.999999951179784	0.999999999996361	C_C	30	C_C	1	1
CNTNAP5	2	125405531	SNV	Silent	p.T690T	+	G	A	SNP	0	27	6	6	21	0	0	0.809975368311763	NA	NA	NA	1	1	2	NA	NA	NA	NA	0.737113612841797	0.99041165952771	11	2	2	9	0	0	0.703423344809217	NA	NA	NA	1	1	2	NA	NA	NA	NA	0.373067788364781	0.906432093360275	C_C	37	C_C	1	1
SMAD9	13	37427609	SNV	Missense_Mutation	p.E403K	+	C	T	SNP	0	105	14	14	91	0	0	0.724605894964492	NA	NA	NA	1	1	2	NA	NA	NA	NA	0.999920579741989	0.999999929982001	58	14	14	44	0	0	0.867475315410213	NA	NA	NA	1	1	2	NA	NA	NA	NA	0.997044626547569	0.999991491677905	C_C	40	C_C	1	1
GNB2	7	100276341	SNV	Missense_Mutation	p.R314C	+	C	T	SNP	0	136	16	16	120	0	0	0.620788321521881	NA	NA	NA	1	1	2	NA	NA	NA	NA	0.999994211943343	0.999999998913962	113	25	25	88	0	0	0.879973325556682	NA	NA	NA	1	1	2	NA	NA	NA	NA	0.99999751640204	0.9999999993749	C_C	43	C_C	1	1
PTCH1	9	98240451	SNV	Silent	p.V411V	+	G	A	SNP	0	91	16	16	75	0	0	0.83555866905895	NA	NA	NA	1	1	2	NA	NA	NA	NA	0.999709147081348	0.999999496994876	64	10	10	54	0	0	0.728073873112278	NA	NA	NA	1	1	2	NA	NA	NA	NA	0.998759377867067	0.999997177904755	C_C	50	C_C	1	1
BCL2L1	20	30309910	SNV	Missense_Mutation	p.P38S	+	G	A	SNP	0	191	37	37	154	0	0	0.887388447629464	NA	NA	NA	1	1	2	NA	NA	NA	NA	0.999999980545358	0.999999999998787	238	51	51	187	0	0	0.896129589894826	NA	NA	NA	1	1	2	NA	NA	NA	NA	0.999999999999384	1	C_C	51	C_C	1	1
ZNF263	16	3336044	SNV	Missense_Mutation	p.V222M	+	G	A	SNP	0	169	6	6	163	0	0	0.000257943161491414	NA	NA	NA	1	1	2	NA	NA	NA	NA	0.999999809479089	0.99999999998309	156	0	0	156	0	0	1.04637187803291e-10	NA	NA	NA	1	1	2	NA	NA	NA	NA	0.999999986223751	0.999999999999178	S_ND	52	S_Z	0.27	0.02
GPATCH1	19	33584344	SNV	Missense_Mutation	p.R125Q	+	G	A	SNP	0	94	4	4	90	0	0	0.0193089174583893	NA	NA	NA	1	1	2	NA	NA	NA	NA	0.999796046946032	0.999999671989662	97	0	0	97	0	0	4.95221637031307e-07	NA	NA	NA	1	1	2	NA	NA	NA	NA	0.999990124176865	0.9999999912565	S_ND	54	S_Z	0.27	0.02
GABRA2	4	46307650	SNV	Missense_Mutation	p.S213F	+	G	A	SNP	0	125	0	0	125	0	0	2.32054553905847e-07	NA	NA	NA	1	1	2	NA	NA	NA	NA	0.999982950354193	0.999999995378173	157	15	15	142	0	0	0.0937871493658858	NA	NA	NA	1	1	2	NA	NA	NA	NA	0.999999987861879	0.99999999999929	ND_S	55	Z_S	0.01	0.25
KCNAB1	3	156139441	SNV	Missense_Mutation	p.L104F	+	G	T	SNP	0	271	1	1	270	6.27192067134129e-43	0	1.84162018967982e-10	NA	NA	NA	0	3	3	NA	NA	NA	NA	0.99999999900897	0.99999999999995	157	21	21	136	1.10934603741179e-15	0	0.725668176137534	NA	NA	NA	0	3	3	NA	NA	NA	NA	0.999999060629176	0.999999999878627	S_S	57	Z_S	0.03	0.98
OSBPL10	3	31705624	SNV	Missense_Mutation	p.R733W	+	G	A	SNP	1	208	0	0	208	2.11657266045532e-26	0	1.65574221000497e-11	NA	NA	NA	0	2	2	NA	NA	NA	NA	0.999999996578852	0.99999999999983	144	5	5	139	3.5467372385218e-17	0	3.11707654391258e-05	NA	NA	NA	0	2	2	NA	NA	NA	NA	0.999999937168263	0.999999999995081	ND_S	58	Z_S	0.01	0.25
VPS37B	12	123352064	SNV	Missense_Mutation	p.R153W	+	G	A	SNP	0	278	0	0	278	0	0	1.77635683940025e-14	NA	NA	NA	1	1	2	NA	NA	NA	NA	0.999999999995948	1	288	57	57	231	0	0	0.882086012356999	NA	NA	NA	1	1	2	NA	NA	NA	NA	0.999999999999995	1	ND_S	60	Z_S	0.03	0.98
C21orf62	21	34166641	SNV	Missense_Mutation	p.T31M	+	G	A	SNP	0	138	2	2	136	2.19890794435367e-07	0.999999780109206	2.19890794239674e-07	NA	NA	NA	0	1	1	NA	NA	NA	NA	0.999999906189154	0.99999999999248	91	4	4	87	0.00012418357524579	0.999875816424754	0.000124183575245684	NA	NA	NA	0	1	1	NA	NA	NA	NA	0.999999698804952	0.999999999860354	S_S	63	Z_S	0.01	0.25
FAM120B	6	170626899	SNV	Missense_Mutation	p.T141P	+	A	C	SNP	0	115	0	0	115	0	0	7.85058857033505e-07	NA	NA	NA	1	1	2	NA	NA	NA	NA	0.999958428599218	0.999999982262116	109	5	5	104	0	0	0.0019350379333154	NA	NA	NA	1	1	2	NA	NA	NA	NA	0.999996412529461	0.999999998802262	ND_S	64	Z_S	0.01	0.25
ITPR3	6	33654231	SNV	Missense_Mutation	p.A1972S	+	G	T	SNP	0	218	0	0	218	0	0	6.87272461163957e-12	NA	NA	NA	1	1	2	NA	NA	NA	NA	0.999999998753092	0.999999999999945	161	7	7	154	0	0	8.29037222834783e-05	NA	NA	NA	1	1	2	NA	NA	NA	NA	0.999999992682618	0.999999999999605	ND_S	67	Z_S	0.01	0.25
HRNR	1	152188206	SNV	Missense_Mutation	p.Y1967H	+	A	G	SNP	0	1284	7	7	1277	0	0	0	NA	NA	NA	1	1	2	NA	NA	NA	NA	1	1	774	10	10	764	0	0	0	NA	NA	NA	1	1	2	NA	NA	NA	NA	1	1	S_S	68	Z_S	0.05	0.07
BCAN	1	156622700	SNV	Missense_Mutation	p.G417V	+	G	T	SNP	0	114	0	0	114	0	0	8.8777702811349e-07	NA	NA	NA	1	1	2	NA	NA	NA	NA	0.999954952049947	0.999999979677631	98	6	6	92	0	0	0.0189426240612085	NA	NA	NA	1	1	2	NA	NA	NA	NA	0.999991462590824	0.999999992607384	ND_S	70	Z_S	0.01	0.25
NEB	2	152496896	SNV	Silent	p.A2886A	+	A	G	SNP	0	256	1	1	255	0	0	6.03428418344265e-12	NA	NA	NA	1	1	2	NA	NA	NA	NA	0.999999999970261	0.999999999999999	143	6	6	137	0	0	0.000159956929595917	NA	NA	NA	1	1	2	NA	NA	NA	NA	0.999999928732454	0.999999999994278	S_S	71	Z_S	0.01	0.25
LY6G6C	6	31687061	SNV	Missense_Mutation	p.R64S	+	G	T	SNP	0	160	1	1	159	0	0	1.01281226294603e-07	NA	NA	NA	1	1	2	NA	NA	NA	NA	0.999999513003035	0.999999999948726	127	7	7	120	0	0	0.00277301381854655	NA	NA	NA	1	1	2	NA	NA	NA	NA	0.999999483660318	0.999999999932755	S_S	73	Z_S	0.01	0.25
TBC1D5	3	17255739	SNV	Missense_Mutation	p.R571L	+	C	A	SNP	0	83	0	0	83	1.92467196202273e-12	0	3.73337900764215e-05	NA	NA	NA	0	2	2	NA	NA	NA	NA	0.999251248930832	0.999998405114569	98	5	5	93	2.60612285630826e-11	0	0.00556072264002305	NA	NA	NA	0	2	2	NA	NA	NA	NA	0.999991462590824	0.999999992607384	ND_S	74	Z_S	0.01	0.25
ZNF716	7	57529048	SNV	Missense_Mutation	p.K294R	+	A	G	SNP	0	61	0	0	61	0	0	0.000779090027221319	NA	NA	NA	1	1	2	NA	NA	NA	NA	0.990298338613567	0.999957521783654	61	4	4	57	0	0	0.110858093379398	NA	NA	NA	1	1	2	NA	NA	NA	NA	0.998082675975515	0.999995110515023	ND_S	76	Z_S	0.01	0.25
RGPD4	2	108475924	SNV	Silent	p.L516L	+	G	T	SNP	0	269	1	1	268	0	0	1.78523862359725e-12	NA	NA	NA	1	1	2	NA	NA	NA	NA	0.999999999991399	1	344	24	24	320	0	0	9.42695535532945e-05	NA	NA	NA	1	1	2	NA	NA	NA	NA	1	1	S_S	78	Z_S	0.01	0.25
ARAP2	4	36075402	SNV	Missense_Mutation	p.R1551H	+	C	T	SNP	0	140	1	1	139	0	0	9.12589181223389e-07	NA	NA	NA	1	1	2	NA	NA	NA	NA	0.999996141921154	0.999999999353563	167	6	6	161	0	0	1.19087615099156e-05	NA	NA	NA	1	1	2	NA	NA	NA	NA	0.99999999656975	0.999999999999834	S_S	79	Z_S	0.01	0.25
CCDC96	4	7043800	SNV	Missense_Mutation	p.G289V	+	C	A	SNP	0	245	0	0	245	0	0	4.40536496171262e-13	NA	NA	NA	1	1	2	NA	NA	NA	NA	0.999999999913753	0.999999999999997	218	11	11	207	0	0	3.04148311939256e-05	NA	NA	NA	1	1	2	NA	NA	NA	NA	0.999999999993517	1	ND_S	80	Z_S	0.01	0.25
KCNT2	1	196342347	SNV	Nonsense_Mutation	p.Y442*	+	G	T	SNP	0	169	0	0	169	0	0	1.37135280908751e-09	NA	NA	NA	1	1	2	NA	NA	NA	NA	0.999999809479089	0.99999999998309	211	4	4	207	0	0	3.75327946500192e-09	NA	NA	NA	1	1	2	NA	NA	NA	NA	0.999999999985004	1	ND_S	82	Z_S	0.01	0.25
DVL3	3	183884673	SNV	Missense_Mutation	p.G370S	+	G	A	SNP	0	151	2	2	149	8.05764927960484e-26	0	3.80305711243922e-05	NA	NA	NA	0	3	3	NA	NA	NA	NA	0.99997839452141	0.999999994743222	112	5	5	107	2.60547045381529e-20	0	0.0132571965758507	NA	NA	NA	0	3	3	NA	NA	NA	NA	0.999936872513797	0.999999964423884	S_S	83	Z_S	0.01	0.25
AHNAK	11	62297797	SNV	Silent	p.V1364V	+	A	C	SNP	0	479	0	0	479	0	0	0	NA	NA	NA	1	1	2	NA	NA	NA	NA	1	1	403	7	7	396	0	0	9.76996261670138e-15	NA	NA	NA	1	1	2	NA	NA	NA	NA	1	1	ND_S	84	Z_S	0.01	0.25
ADD3	10	111886191	SNV	Missense_Mutation	p.R513L	+	G	T	SNP	0	129	0	0	129	0	0	1.43305333377697e-07	NA	NA	NA	1	1	2	NA	NA	NA	NA	0.999988398890388	0.999999997280501	151	5	5	146	0	0	1.66767679822266e-05	NA	NA	NA	1	1	2	NA	NA	NA	NA	0.99999997405557	0.999999999998277	ND_S	85	Z_S	0.01	0.25
VMP1	17	57915708	SNV	Nonsense_Mutation	p.E343*	+	G	T	SNP	0	108	1	1	107	0	0	3.45873452316514e-05	NA	NA	NA	1	1	2	NA	NA	NA	NA	0.999931423770082	0.999999953761497	188	14	14	174	0	0	0.00546081168612655	NA	NA	NA	1	1	2	NA	NA	NA	NA	0.999999999751478	0.999999999999991	S_S	87	Z_S	0.01	0.25
PCNXL2	1	233314916	SNV	Silent	p.P1024P	+	C	A	SNP	0	87	0	0	87	0	0	2.64113931256471e-05	NA	NA	NA	1	1	2	NA	NA	NA	NA	0.999533203226002	0.999999106593061	71	5	5	66	0	0	0.102547483163055	NA	NA	NA	1	1	2	NA	NA	NA	NA	0.99955377493118	0.999999204192758	ND_S	88	Z_S	0.01	0.25
DGKZ	11	46397012	SNV	Missense_Mutation	p.R769W	+	C	T	SNP	0	13	0	0	13	0	0	0.263526507117697	NA	NA	NA	1	1	2	NA	NA	NA	NA	0.359926047193449	0.897581233899854	16	4	4	12	0	0	0.792991122402225	NA	NA	NA	1	1	2	NA	NA	NA	NA	0.630496761958312	0.9672856031187	ND_S	90	Z_S	0.03	0.98
SPG20	13	36909189	SNV	Missense_Mutation	p.T260K	+	G	T	SNP	0	184	1	1	183	0	0	7.83905651502437e-09	NA	NA	NA	1	1	2	NA	NA	NA	NA	0.999999959919762	0.999999999997227	182	9	9	173	0	0	0.000102757857909253	NA	NA	NA	1	1	2	NA	NA	NA	NA	0.999999999476641	0.99999999999998	S_S	91	Z_S	0.01	0.25
RFWD2	1	175958501	SNV	Missense_Mutation	p.S615F	+	G	A	SNP	0	68	0	0	68	0	0	0.000310500794969637	NA	NA	NA	1	1	2	NA	NA	NA	NA	0.995658901758453	0.999985316250224	65	11	11	54	0	0	0.768835569913995	NA	NA	NA	1	1	2	NA	NA	NA	NA	0.998927451142127	0.999997648079787	ND_S	92	Z_S	0.03	0.98
TMEM159	16	21185399	SNV	Missense_Mutation	p.A112T	+	G	A	SNP	0	139	2	2	137	0	0	9.48294158287233e-06	NA	NA	NA	1	1	2	NA	NA	NA	NA	0.999995728319749	0.999999999264319	105	7	7	98	0	0	0.0243392837610897	NA	NA	NA	1	1	2	NA	NA	NA	NA	0.999995260714649	0.999999997691011	S_S	93	Z_S	0.01	0.25
ESRRG	1	216680365	SNV	Silent	p.A431A	+	G	T	SNP	0	202	0	0	202	0	0	3.70112829273239e-11	NA	NA	NA	1	1	2	NA	NA	NA	NA	0.999999993701058	0.999999999999662	102	5	5	97	0	0	0.00422175061669439	NA	NA	NA	1	1	2	NA	NA	NA	NA	0.999994809859476	0.999999996206989	ND_S	94	Z_S	0.01	0.25
NEK1	4	170400557	SNV	Silent	p.G684G	+	G	A	SNP	0	150	0	0	150	0	0	1.20117763513505e-08	NA	NA	NA	1	1	2	NA	NA	NA	NA	0.999998621787164	0.999999999820154	218	6	6	212	0	0	5.3736558647266e-08	NA	NA	NA	1	1	2	NA	NA	NA	NA	0.999999999993517	1	ND_S	97	Z_S	0.01	0.25
MIDN	19	1255006	SNV	Missense_Mutation	p.V268F	+	G	T	SNP	0	158	0	0	158	0	0	4.77725059511158e-09	NA	NA	NA	1	1	2	NA	NA	NA	NA	0.999999400127521	0.999999999934224	180	9	9	171	0	0	0.000124546840213346	NA	NA	NA	1	1	2	NA	NA	NA	NA	0.999999999328493	0.999999999999974	ND_S	98	Z_S	0.01	0.25
FLG	1	152282939	SNV	Missense_Mutation	p.N1475D	+	T	C	SNP	0	448	1	1	447	0	0	0	NA	NA	NA	1	1	2	NA	NA	NA	NA	1	1	260	6	6	254	0	0	7.6317530073311e-10	NA	NA	NA	1	1	2	NA	NA	NA	NA	0.99999999999995	1	S_S	99	Z_S	0.01	0.25
ZNF805	19	57765342	SNV	Silent	p.A385A	+	G	T	SNP	0	77	0	0	77	0	0	9.59633673736082e-05	NA	NA	NA	1	1	2	NA	NA	NA	NA	0.998482173047611	0.999996158797658	52	4	4	48	0	0	0.234470324498057	NA	NA	NA	1	1	2	NA	NA	NA	NA	0.993055932997839	0.999973890696606	ND_S	100	Z_S	0.01	0.25
EDEM2	20	33703480	SNV	Missense_Mutation	p.V498E	+	A	T	SNP	0	177	0	0	177	0	0	5.61121815678689e-10	NA	NA	NA	1	1	2	NA	NA	NA	NA	0.999999917154058	0.999999999993593	124	8	8	116	0	0	0.00996227192854393	NA	NA	NA	1	1	2	NA	NA	NA	NA	0.999999261953919	0.999999999892212	ND_S	101	Z_S	0.01	0.25
ATP11A	13	113514618	SNV	Silent	p.A915A	+	G	A	SNP	0	160	0	0	160	2.80721385820027e-11	0.999999999971928	2.80717671330422e-11	NA	NA	NA	0	1	1	NA	NA	NA	NA	0.99999999476509	0.999999999999752	130	4	4	126	2.09020214717983e-07	0.999999790979785	2.09020214803068e-07	NA	NA	NA	0	1	1	NA	NA	NA	NA	0.999999999075765	0.999999999999961	ND_S	102	Z_S	0.01	0.25
ZFYVE9	1	52705256	SNV	Missense_Mutation	p.A723T	+	G	A	SNP	0	61	0	0	61	0	0	0.00252635610722085	NA	NA	NA	1	2	3	NA	NA	NA	NA	0.970878619690123	0.999795448465823	60	4	4	56	0	0	0.00498422600670123	2	1	1	1	2	3	0.178824692213399	0.00293633950934743	0.573481781655739	0.244757186621514	0.988540496310155	0.999945176622008	ND_S	104	Z_S	0.01	0.25
ZNF808	19	53058420	SNV	Missense_Mutation	p.L751V	+	C	G	SNP	0	186	2	2	184	0	0	7.2276256091186e-08	NA	NA	NA	1	1	2	NA	NA	NA	NA	0.999999967410112	0.999999999997813	169	7	7	162	0	0	3.61205010059873e-05	NA	NA	NA	1	1	2	NA	NA	NA	NA	0.999999997333763	0.999999999999876	S_S	105	Z_S	0.01	0.25
TOX3	16	52498062	SNV	Silent	p.F64F	+	G	A	SNP	0	181	0	0	181	0	0	3.60501850593664e-10	NA	NA	NA	1	1	2	NA	NA	NA	NA	0.999999945308524	0.999999999996035	175	6	6	169	0	0	5.03558382825009e-06	NA	NA	NA	1	1	2	NA	NA	NA	NA	0.999999998745218	0.999999999999947	ND_S	106	Z_S	0.01	0.25
PDS5A	4	39978142	SNV	Missense_Mutation	p.A19V	+	G	A	SNP	0	152	0	0	152	0	0	9.52802725606716e-09	NA	NA	NA	1	1	2	NA	NA	NA	NA	0.999998880073494	0.999999999860343	109	4	4	105	0	0	0.000511797098470823	NA	NA	NA	1	1	2	NA	NA	NA	NA	0.999996412529461	0.999999998802262	ND_S	107	Z_S	0.01	0.25
CBLN3	14	24897507	SNV	Silent	p.N135N	+	G	A	SNP	0	339	1	1	338	0	0	3.5527136788005e-15	NA	NA	NA	1	1	2	NA	NA	NA	NA	0.999999999999927	1	307	5	5	302	0	0	1.34470212742599e-12	NA	NA	NA	1	1	2	NA	NA	NA	NA	0.999999999999999	1	S_S	108	Z_S	0.05	0.07
PSMF1	20	1099470	SNV	Missense_Mutation	p.R18S	+	G	T	SNP	0	93	0	0	93	0	0	1.22802037938463e-05	NA	NA	NA	1	1	2	NA	NA	NA	NA	0.999770432079806	0.999999621863879	61	4	4	57	0	0	0.110858093379398	NA	NA	NA	1	1	2	NA	NA	NA	NA	0.998082675975515	0.999995110515023	ND_S	110	Z_S	0.01	0.25
NEB	2	152496895	SNV	Missense_Mutation	p.R2887W	+	G	A	SNP	0	255	0	0	255	0	0	1.63424829224823e-13	NA	NA	NA	1	1	2	NA	NA	NA	NA	0.999999999967257	0.999999999999999	143	7	7	136	0	0	0.000536532673168222	NA	NA	NA	1	1	2	NA	NA	NA	NA	0.999999928732454	0.999999999994278	ND_S	111	Z_S	0.01	0.25
GALR1	18	74962778	SNV	Nonsense_Mutation	p.Q92*	+	C	T	SNP	0	130	0	0	130	0	0	1.27099605395919e-07	NA	NA	NA	1	1	2	NA	NA	NA	NA	0.999989480532129	0.999999997616598	78	5	5	73	0	0	0.053355602803575	NA	NA	NA	1	1	2	NA	NA	NA	NA	0.999840275548679	0.999999770485332	ND_S	112	Z_S	0.01	0.25
FEM1B	15	68582697	SNV	Missense_Mutation	p.R334Q	+	G	A	SNP	0	103	0	0	103	0	0	3.47798726740844e-06	NA	NA	NA	1	1	2	NA	NA	NA	NA	0.99991601421212	0.999999907533783	108	4	4	104	0	0	0.000576575897332288	NA	NA	NA	1	1	2	NA	NA	NA	NA	0.999996112273786	0.999999998589488	ND_S	113	Z_S	0.01	0.25
ASB2	14	94417448	SNV	Silent	p.S211S	+	G	A	SNP	0	126	0	0	126	0	0	2.05650519058409e-07	NA	NA	NA	1	1	2	NA	NA	NA	NA	0.99998449828634	0.999999995953703	98	6	6	92	0	0	0.0189426240612085	NA	NA	NA	1	1	2	NA	NA	NA	NA	0.999991462590824	0.999999992607384	ND_S	114	Z_S	0.01	0.25
ESR2	14	64746835	SNV	Missense_Mutation	p.C133W	+	G	C	SNP	0	208	1	1	207	0	0	6.61387389300216e-10	NA	NA	NA	1	1	2	NA	NA	NA	NA	0.999999996578852	0.99999999999983	136	5	5	131	0	0	9.12001986068667e-05	NA	NA	NA	1	1	2	NA	NA	NA	NA	0.999999828724526	0.999999999983363	S_S	115	Z_S	0.01	0.25
PCLO	7	82451997	SNV	Missense_Mutation	p.V4869L	+	C	G	SNP	0	296	1	1	295	0	0	1.51878509768721e-13	NA	NA	NA	1	1	2	NA	NA	NA	NA	0.999999999998184	1	197	9	9	188	0	0	2.42889085739773e-05	NA	NA	NA	1	1	2	NA	NA	NA	NA	0.999999999917929	0.999999999999997	S_S	116	Z_S	0.01	0.25
NPR1	1	153659739	SNV	Missense_Mutation	p.V667L	+	G	T	SNP	0	87	0	0	87	0	0	2.64113931256471e-05	NA	NA	NA	1	1	2	NA	NA	NA	NA	0.999533203226002	0.999999106593061	50	4	4	46	0	0	0.269989952670927	NA	NA	NA	1	1	2	NA	NA	NA	NA	0.990809042707794	0.99996190553526	ND_S	118	Z_S	0.01	0.25
RXRA	9	137300841	SNV	Silent	p.T162T	+	G	T	SNP	0	243	0	0	243	0	0	5.38236122338276e-13	NA	NA	NA	1	1	2	NA	NA	NA	NA	0.999999999895176	0.999999999999996	194	12	12	182	0	0	0.000660206298090937	NA	NA	NA	1	1	2	NA	NA	NA	NA	0.999999999881415	0.999999999999996	ND_S	120	Z_S	0.01	0.25
PPWD1	5	64865752	SNV	Missense_Mutation	p.S150P	+	T	C	SNP	0	104	0	0	104	0	0	3.06898538737777e-06	NA	NA	NA	1	1	2	NA	NA	NA	NA	0.99991788873558	0.999999919548819	149	4	4	145	0	0	4.40404439427944e-06	NA	NA	NA	1	1	2	NA	NA	NA	NA	0.999999966584944	0.999999999997679	ND_S	122	Z_S	0.01	0.25
HOXB2	17	46622240	SNV	Missense_Mutation	p.I12L	+	T	G	SNP	0	101	0	0	101	0	0	4.46935404330162e-06	NA	NA	NA	1	1	2	NA	NA	NA	NA	0.999910860091665	0.999999877743929	148	7	7	141	0	0	0.000319707626853405	NA	NA	NA	1	1	2	NA	NA	NA	NA	0.99999996208085	0.999999999997304	ND_S	123	Z_S	0.01	0.25
CIT	12	120172071	SNV	Missense_Mutation	p.R1041L	+	C	A	SNP	0	104	0	0	104	0	0	3.06898538737777e-06	NA	NA	NA	1	1	2	NA	NA	NA	NA	0.99991788873558	0.999999919548819	84	5	5	79	0	0	0.0292257052757307	NA	NA	NA	1	1	2	NA	NA	NA	NA	0.9999338284192	0.999999919560544	ND_S	126	Z_S	0.01	0.25
PFDN2	1	161070489	SNV	Missense_Mutation	p.G150V	+	C	A	SNP	0	59	0	0	59	0	0	0.00101405326431248	NA	NA	NA	1	1	2	NA	NA	NA	NA	0.98783030486647	0.999942275746067	67	5	5	62	0	0	0.144274410707311	NA	NA	NA	1	1	2	NA	NA	NA	NA	0.999198835151577	0.999998364162915	ND_S	132	Z_S	0.01	0.25
MTOR	1	11187790	SNV	Missense_Mutation	p.R2036L	+	C	A	SNP	0	411	1	1	410	0	0	8.88178419700125e-15	NA	NA	NA	1	2	3	NA	NA	NA	NA	0.999999999999781	1	325	11	11	314	0	0	1.08034712642535e-06	NA	NA	NA	1	2	3	NA	NA	NA	NA	0.999999999999344	1	S_S	10	Z_S	0.01	0.25
CHST9	18	24497057	SNV	Missense_Mutation	p.N166K	+	A	C	SNP	0	118	0	0	118	0	0	5.43512893136366e-07	NA	NA	NA	1	1	2	NA	NA	NA	NA	0.999967713578589	0.999999988185503	161	9	9	152	0	0	0.000769237753396323	NA	NA	NA	1	1	2	NA	NA	NA	NA	0.999999992682618	0.999999999999605	ND_S	12	Z_S	0.01	0.25
GRK5	10	121212708	SNV	Missense_Mutation	p.T532S	+	A	T	SNP	0	259	0	0	259	0	0	1.11022302462516e-13	NA	NA	NA	1	1	2	NA	NA	NA	NA	0.999999999977703	0.999999999999999	197	7	7	190	0	0	2.00698102537089e-06	NA	NA	NA	1	1	2	NA	NA	NA	NA	0.999999999917929	0.999999999999997	ND_S	49	Z_S	0.01	0.25
MTERFD1	8	97270605	SNV	Missense_Mutation	p.D105A	+	T	G	SNP	0	86	0	0	86	0	0	3.00257020947603e-05	NA	NA	NA	1	1	2	NA	NA	NA	NA	0.999474635386829	0.999998967806097	125	4	4	121	0	0	7.58225169349425e-05	NA	NA	NA	1	1	2	NA	NA	NA	NA	0.999999344281908	0.999999999907931	ND_S	29	Z_S	0.01	0.25
PTCH1	9	98229474	SNV	Silent	p.N828N	+	G	A	SNP	0	95	0	0	95	0	0	9.52745924132081e-06	NA	NA	NA	1	1	2	NA	NA	NA	NA	0.999818802403613	0.999999715383254	91	4	4	87	0	0	0.00430315104698675	NA	NA	NA	1	1	2	NA	NA	NA	NA	0.999976282742054	0.999999975861195	ND_S	41	Z_S	0.01	0.25
TANC1	2	160031499	SNV	Silent	p.T513T	+	G	T	SNP	0	686	0	0	686	0	0	0	NA	NA	NA	1	1	2	NA	NA	NA	NA	1	1	405	25	25	380	0	0	3.90615004564054e-06	NA	NA	NA	1	1	2	NA	NA	NA	NA	1	1	ND_S	23	Z_S	0.01	0.25
WDFY3	4	85708827	SNV	Missense_Mutation	p.A1237T	+	C	T	SNP	0	70	1	1	69	0	0	0.00294036531111919	NA	NA	NA	1	1	2	NA	NA	NA	NA	0.996558468490468	0.999989126008911	59	4	4	55	0	0	0.132862851882131	NA	NA	NA	1	1	2	NA	NA	NA	NA	0.99744071103662	0.99999292968863	S_S	131	Z_S	0.01	0.25
VMP1	17	57915707	SNV	Silent	p.L342L	+	G	T	SNP	0	110	0	0	110	0	0	1.45466499001934e-06	NA	NA	NA	1	1	2	NA	NA	NA	NA	0.999939522339911	0.999999964884702	188	13	13	175	0	0	0.00254000205483851	NA	NA	NA	1	1	2	NA	NA	NA	NA	0.999999999751478	0.999999999999991	ND_S	4	Z_S	0.01	0.25
GALR1	18	74962777	SNV	Missense_Mutation	p.F91L	+	C	A	SNP	0	131	0	0	131	0	0	1.1274867961486e-07	NA	NA	NA	1	1	2	NA	NA	NA	NA	0.99999046656355	0.999999997910605	78	5	5	73	0	0	0.053355602803575	NA	NA	NA	1	1	2	NA	NA	NA	NA	0.999840275548679	0.999999770485332	ND_S	24	Z_S	0.01	0.25
AVIL	12	58197087	SNV	Missense_Mutation	p.D635E	+	G	C	SNP	0	214	0	0	214	0	0	1.04281028256992e-11	NA	NA	NA	1	1	2	NA	NA	NA	NA	0.999999998135204	0.999999999999914	250	11	11	239	0	0	1.74089173821113e-06	NA	NA	NA	1	1	2	NA	NA	NA	NA	0.999999999999845	1	ND_S	38	Z_S	0.01	0.25
ZNF274	19	58724016	SNV	Missense_Mutation	p.R490L	+	G	T	SNP	0	109	0	0	109	0	0	1.64660830714869e-06	NA	NA	NA	1	1	2	NA	NA	NA	NA	0.999935456358004	0.999999959710913	99	7	7	92	0	0	0.0424241816020269	NA	NA	NA	1	1	2	NA	NA	NA	NA	0.999992618714412	0.999999993747045	ND_S	19	Z_S	0.01	0.25
ESCO1	18	19154446	SNV	Missense_Mutation	p.R120L	+	C	A	SNP	0	256	0	0	256	0	0	1.48325796089921e-13	NA	NA	NA	1	1	2	NA	NA	NA	NA	0.999999999970261	0.999999999999999	308	15	15	293	0	0	8.81889001047576e-07	NA	NA	NA	1	1	2	NA	NA	NA	NA	0.999999999999999	1	ND_S	45	Z_S	0.01	0.25
PHLDB2	3	111603429	SNV	Missense_Mutation	p.G169S	+	G	A	SNP	0	140	0	0	140	1.41401777788706e-27	0	6.45765642959262e-07	NA	NA	NA	0	3	3	NA	NA	NA	NA	0.999945695123519	0.999999982721693	84	4	4	80	2.56765387016145e-16	0	0.0486817346212428	NA	NA	NA	0	3	3	NA	NA	NA	NA	0.999255653018589	0.999998349894573	ND_S	34	Z_S	0.01	0.25
CASZ1	1	10707934	SNV	Missense_Mutation	p.A1141S	+	C	A	SNP	0	156	0	0	156	0	0	1.35809791523833e-07	NA	NA	NA	1	2	3	NA	NA	NA	NA	0.999985869347937	0.999999996914019	146	7	7	139	0	0	0.00648640603514949	NA	NA	NA	1	2	3	NA	NA	NA	NA	0.999997183654338	0.999999999537311	ND_S	39	Z_S	0.01	0.25
MPZL2	11	118130768	SNV	Splice_Site		+	C	T	SNP	0	385	2	2	383	1.26633221860153e-19	1	0	NA	NA	NA	0	1	1	NA	NA	NA	NA	1	1	592	7	7	585	1.44379923758958e-28	1	0	NA	NA	NA	0	1	1	NA	NA	NA	NA	1	1	S_S	25	Z_S	0.05	0.07
WISP1	8	134232908	SNV	Missense_Mutation	p.T145K	+	C	A	SNP	0	211	0	0	211	0	0	8.43586533960661e-10	NA	NA	NA	1	2	3	NA	NA	NA	NA	0.999999869022093	0.999999999987979	208	13	13	195	0	0	0.0828090443012475	NA	NA	NA	1	3	4	NA	NA	NA	NA	0.999999733950007	0.99999999996995	ND_S	27	Z_S	0.01	0.25
FBXW7	4	153247289	SNV	Missense_Mutation	p.R505G	+	G	C	SNP	0	130	2	2	128	0	0	2.47882585812098e-05	NA	NA	NA	1	1	2	NA	NA	NA	NA	0.999989480532129	0.999999997616598	172	36	36	136	0	0	0.882458423281092	NA	NA	NA	1	1	2	NA	NA	NA	NA	0.999999998171716	0.999999999999919	S_S	31	Z_S	0.03	0.98
PSMC2	7	103008482	SNV	Missense_Mutation	p.R428H	+	G	A	SNP	0	76	0	0	76	0	0	0.000109275123797881	NA	NA	NA	1	1	2	NA	NA	NA	NA	0.998293089899735	0.999995547639893	101	5	5	96	0	0	0.00471549436235053	NA	NA	NA	1	1	2	NA	NA	NA	NA	0.999994480368635	0.99999999552102	ND_S	46	Z_S	0.01	0.25
SLC34A2	4	25669554	SNV	Silent	p.T192T	+	G	A	SNP	0	48	1	1	47	0	0	0.0360909027110703	NA	NA	NA	1	1	2	NA	NA	NA	NA	0.959251925243102	0.99967992086713	42	3	3	39	0	0	0.256224153768371	NA	NA	NA	1	1	2	NA	NA	NA	NA	0.972736907722361	0.999823748625414	S_S	48	Z_S	0.01	0.25
TNF	6	31543648	SNV	Missense_Mutation	p.A44S	+	G	T	SNP	0	133	0	0	133	0	0	8.87773113911194e-08	NA	NA	NA	1	1	2	NA	NA	NA	NA	0.999992181635591	0.999999998393021	106	6	6	100	0	0	0.00836775682413426	NA	NA	NA	1	1	2	NA	NA	NA	NA	0.999995525152107	0.999999998041579	ND_S	47	Z_S	0.01	0.25
GTF2H1	11	18361204	SNV	Splice_Site	p.V203I	+	G	A	SNP	0	79	0	0	79	0	0	7.4041400904945e-05	NA	NA	NA	1	1	2	NA	NA	NA	NA	0.99880024673077	0.999997138114518	103	4	4	99	0	0	0.001045236006324	NA	NA	NA	1	1	2	NA	NA	NA	NA	0.999994877074504	0.999999996786635	ND_S	44	Z_S	0.01	0.25
CPNE6	14	24546820	SNV	Missense_Mutation	p.A519T	+	G	A	SNP	0	251	1	1	250	0	0	9.69802016470567e-12	NA	NA	NA	1	1	2	NA	NA	NA	NA	0.999999999951831	0.999999999999998	204	6	6	198	0	0	2.31322406452072e-07	NA	NA	NA	1	1	2	NA	NA	NA	NA	0.999999999965048	0.999999999999999	S_S	15	Z_S	0.01	0.25
MMP13	11	102822769	SNV	Silent	p.D257D	+	G	A	SNP	0	248	1	1	247	1.44227588062948e-14	0.999999999999986	1.4210854715202e-14	NA	NA	NA	0	1	1	NA	NA	NA	NA	0.999999999999926	1	304	7	7	297	1.25686129522002e-15	0.999999999999999	8.88178419700125e-16	NA	NA	NA	0	1	1	NA	NA	NA	NA	1	1	S_S	33	Z_S	0.05	0.07
PPAP2A	5	54763948	SNV	Silent	p.Y80Y	+	G	A	SNP	0	76	0	0	76	0	0	0.000109275123797881	NA	NA	NA	1	1	2	NA	NA	NA	NA	0.998293089899735	0.999995547639893	113	4	4	109	0	0	0.000317597858496166	NA	NA	NA	1	1	2	NA	NA	NA	NA	0.99999751640204	0.9999999993749	ND_S	7	Z_S	0.01	0.25
AHNAK	11	62293239	SNV	Missense_Mutation	p.N2884D	+	T	C	SNP	0	466	3	3	463	0	0	0	NA	NA	NA	1	1	2	NA	NA	NA	NA	1	1	420	7	7	413	0	0	2.66453525910038e-15	NA	NA	NA	1	1	2	NA	NA	NA	NA	1	1	S_S	11	Z_S	0.05	0.07
ATP9B	18	77108165	SNV	Missense_Mutation	p.V958I	+	G	A	SNP	0	207	1	1	206	0	0	7.31915861251764e-10	NA	NA	NA	1	1	2	NA	NA	NA	NA	0.999999996213408	0.99999999999981	167	5	5	162	0	0	2.76129546927795e-06	NA	NA	NA	1	1	2	NA	NA	NA	NA	0.99999999656975	0.999999999999834	S_S	32	Z_S	0.01	0.25
ZNF780B	19	40542082	SNV	Silent	p.K228K	+	T	C	SNP	9	90	3	3	87	0	0	0.00832064721864878	NA	NA	NA	1	1	2	NA	NA	NA	NA	0.999672621808725	0.999999419586917	71	4	4	67	0	0	0.0408608359754482	NA	NA	NA	1	1	2	NA	NA	NA	NA	0.99955377493118	0.999999204192758	S_S	18	Z_S	0.01	0.25
AHNAK	11	62297266	SNV	Silent	p.V1541V	+	A	G	SNP	0	317	1	1	316	0	0	2.39808173319034e-14	NA	NA	NA	1	1	2	NA	NA	NA	NA	0.999999999999593	1	366	6	6	360	0	0	3.99680288865056e-14	NA	NA	NA	1	1	2	NA	NA	NA	NA	1	1	S_S	14	Z_S	0.05	0.07
C6orf62	6	24706483	SNV	Frame_Shift_Del	p.PK190fs	+	TTTG	-	DEL	0	67	10	10	57	0	0	0.764388367807729	NA	NA	NA	1	1	2	NA	NA	NA	NA	0.995126176908101	0.999982927952359	77	23	23	54	0	0	0.904861144564819	NA	NA	NA	1	1	2	NA	NA	NA	NA	0.999815003507679	0.999999726241161	C_C	16	C_C	1	1
ZNF644	1	91404878	SNV	Frame_Shift_Del	p.KIH676fs	+	TGAATTTT	-	DEL	0	277	0	0	277	0	0	3.25606208662066e-12	NA	NA	NA	1	2	3	NA	NA	NA	NA	0.999999999380751	0.99999999999997	292	6	6	286	0	0	1.87874247270514e-08	NA	NA	NA	1	2	3	NA	NA	NA	NA	0.999999999994056	1	ND_S	35	Z_S	0.01	0.25
