locus	Chr	pos	type	Variant_Classification	Protein_Change	Strand	Reference_Allele	Mutant_Allele	Variant_Type	Number of times codon change is in COSMIC	coverage_1	observed_alt_1	alt_1	ref_1	Pr_homozygous_1	Pr_subclonal_homozygous_1	Pr_clonal_1	SC_Aq_d_1	SC_Aq_a_1	C_Aq_1	HS_q_hat_1_1	HS_q_hat_2_1	q_hat_1	H1_1	H2_1	H3_1	H4_1	detection_power_1	detection_power_for_single_read_1	coverage_2	observed_alt_2	alt_2	ref_2	Pr_homozygous_2	Pr_subclonal_homozygous_2	Pr_clonal_2	SC_Aq_d_2	SC_Aq_a_2	C_Aq_2	HS_q_hat_1_2	HS_q_hat_2_2	q_hat_2	H1_2	H2_2	H3_2	H4_2	detection_power_2	detection_power_for_single_read_2	mut_class	mut_class_order	var_cluster_classes	CCF1	CCF2
MOGAT2	11	75439994	SNV	Missense_Mutation	p.S270R	+	C	A	SNP	0	68	4	4	64	0	0	0.0772015500446793	NA	NA	NA	1	1	2	NA	NA	NA	NA	0.999718922627199	0.999999546986322	73	0	0	73	0	0	1.05078738681375e-05	NA	NA	NA	1	1	2	NA	NA	NA	NA	0.999921790702681	0.999999911078693	S_ND	79	S_Z	0.24	0
FOXRED1	11	126143289	SNV	Missense_Mutation	p.Y159C	+	A	G	SNP	0	60	14	14	46	0	0	0.937497310749882	NA	NA	NA	1	1	2	NA	NA	NA	NA	0.998998821981102	0.999997842988253	96	24	24	72	0	0	0.955812881718348	NA	NA	NA	1	1	2	NA	NA	NA	NA	0.999998432693022	0.999999999051974	C_C	34	C_C	1	1
KRIT1	7	91865804	SNV	Silent	p.Q136Q	+	T	C	SNP	0	80	26	26	54	0.956728714202445	0.0432712857975547	0.956728714202445	NA	NA	NA	0	1	1	NA	NA	NA	NA	0.999999635658621	0.999999999831394	60	0	0	60	1.82561906157631e-06	0.999998174380939	1.82561906103551e-06	NA	NA	NA	0	1	1	NA	NA	NA	NA	0.99998274934283	0.999999987309601	C_ND	11	C_Z	1	0.01
CSMD1	8	2807777	SNV	Missense_Mutation	p.N3431K	+	A	T	SNP	0	87	17	17	70	0	0	0.919536524252316	NA	NA	NA	1	1	2	NA	NA	NA	NA	0.999986272409187	0.999999987187271	152	38	38	114	0	0	0.962121210307167	NA	NA	NA	1	1	2	NA	NA	NA	NA	0.999999998993736	0.999999999999963	C_C	5	C_C	1	1
STK17B	2	197021174	SNV	Silent	p.L108L	+	C	T	SNP	0	72	11	11	61	0.0660022346649261	0.964920191514159	0.0938959393270843	2	1	0	0	1	1	0.399018579496607	0.303911016159377	0.0221503547569938	0.274920049587022	0.999997868825338	0.999999998752922	43	4	4	39	0.00325196704270283	0.68007278621841	0.00905975612167242	2	1	0	0	1	1	0.244666743995583	0.114279677853863	0.387013418424029	0.254040159726525	0.999072449320503	0.99999836789231	S_S	33	S_S	0.54	0.22
CGNL1	15	57730592	SNV	Missense_Mutation	p.R132H	+	G	A	SNP	0	50	9	9	41	0	0	0.890903462697032	NA	NA	NA	1	1	2	NA	NA	NA	NA	0.995213037475594	0.999984000967506	67	20	20	47	0	0	0.96077448960597	NA	NA	NA	1	1	2	NA	NA	NA	NA	0.999783126400171	0.99999969729246	C_C	71	C_C	1	1
GGA3	17	73242590	SNV	Splice_Site	p.T67T	+	C	T	SNP	0	32	5	5	27	0	0	0.84956787909656	NA	NA	NA	1	1	2	NA	NA	NA	NA	0.936908258046563	0.999308084625767	42	6	6	36	0	0	0.814620467729452	NA	NA	NA	1	1	2	NA	NA	NA	NA	0.986722524894386	0.999939347136316	C_C	35	C_C	1	1
POU6F2	7	39491257	SNV	Silent	p.S453S	+	A	C	SNP	0	14	3	3	11	0	0	0.88406644821764	NA	NA	NA	1	1	2	NA	NA	NA	NA	0.597063660169654	0.962447528527262	11	0	0	11	0	0	0.464847739253921	NA	NA	NA	1	1	2	NA	NA	NA	NA	0.439630419741428	0.929404183474784	C_ND	62	C_Z	1	0.01
RBL1	20	35672567	SNV	Missense_Mutation	p.E564D	+	C	G	SNP	0	73	14	14	59	0	0	0.927051324583945	NA	NA	NA	1	2	3	NA	NA	NA	NA	0.998525392827366	0.99999610458517	57	10	10	47	0	0	0.910224184139936	NA	NA	NA	1	2	3	NA	NA	NA	NA	0.99175530137068	0.999966775025309	C_C	74	C_C	1	1
ERC2	3	56173538	SNV	Splice_Site	p.E491V	+	T	A	SNP	0	43	16	16	27	0	0	0.95898713179023	NA	NA	NA	1	1	2	NA	NA	NA	NA	0.986188248054086	0.999932500502961	48	0	0	48	0	0	0.00106623386725446	NA	NA	NA	1	1	2	NA	NA	NA	NA	0.99486246085951	0.999983504042379	C_ND	58	C_Z	1	0.01
RBBP6	16	24573183	SNV	Missense_Mutation	p.K330N	+	A	T	SNP	0	94	11	11	83	0	0	0.109775609407378	2	1	1	1	1	2	0.410217976750824	0.0946781603359522	0.353996515348673	0.14110734756455	0.99999544015829	0.999999996390067	71	5	5	66	0	0	0.352322223867587	NA	NA	NA	1	2	3	NA	NA	NA	NA	0.998624916035146	0.999996726981958	S_S	82	S_S	0.54	0.22
C9orf37	9	140510149	SNV	Missense_Mutation	p.T168I	+	G	A	SNP	0	39	11	11	28	0	0	0.943666717769692	NA	NA	NA	1	1	2	NA	NA	NA	NA	0.975309294269554	0.999844133165035	50	22	22	28	0	0	0.96838777836454	NA	NA	NA	1	1	2	NA	NA	NA	NA	0.996285614032606	0.999989265856679	C_C	60	C_C	1	1
MUC5AC	11	1159010	SNV	Missense_Mutation	p.C393W	+	C	G	SNP	0	38	5	5	33	0	0	0.790541483369594	NA	NA	NA	1	1	2	NA	NA	NA	NA	0.971564839874469	0.999807540841866	91	0	0	91	0	0	4.16785336243564e-07	NA	NA	NA	1	1	2	NA	NA	NA	NA	0.999996345022944	0.999999997506454	C_ND	59	C_Z	1	0.01
RBBP6	16	24573173	SNV	Missense_Mutation	p.G327D	+	G	A	SNP	0	90	13	13	77	0	0	0.31386826421044	2	1	1	1	1	2	0.557642693083475	0.16795317604457	0.195645972415101	0.0787581584568548	0.999991448667008	0.999999992577009	68	7	7	61	0	0	0.704801669744914	NA	NA	NA	1	2	3	NA	NA	NA	NA	0.997972552725904	0.999994656070722	S_C	48	C_C	1	1
ABHD17B	9	74489586	SNV	Silent	p.P137P	+	G	A	SNP	0	97	25	25	72	0	0	0.954849512561612	NA	NA	NA	1	1	2	NA	NA	NA	NA	0.999997149265659	0.99999999788699	67	16	16	51	0	0	0.944997808697321	NA	NA	NA	1	1	2	NA	NA	NA	NA	0.999783126400171	0.99999969729246	C_C	1	C_C	1	1
C17orf53	17	42232763	SNV	Missense_Mutation	p.S586C	+	C	G	SNP	0	46	11	11	35	0	0	0.933730301248142	NA	NA	NA	1	1	2	NA	NA	NA	NA	0.991182664042826	0.999963718051303	49	10	10	39	0	0	0.916389722765448	NA	NA	NA	1	1	2	NA	NA	NA	NA	0.995629859820717	0.999986696795568	C_C	18	C_C	1	1
LIMK2	22	31658650	SNV	Missense_Mutation	p.R243C	+	C	T	SNP	0	46	9	9	37	0	0	0.906118699401272	NA	NA	NA	1	1	2	NA	NA	NA	NA	0.991182664042826	0.999963718051303	66	0	0	66	0	0	3.77780342332157e-05	NA	NA	NA	1	1	2	NA	NA	NA	NA	0.999743055545987	0.999999628095212	C_ND	42	C_Z	1	0.01
TPCN1	12	113714744	SNV	Silent	p.D321D	+	C	T	SNP	0	103	5	5	98	0	0	0.00388598186265809	NA	NA	NA	1	1	2	NA	NA	NA	NA	0.999998590003072	0.999999999266729	180	0	0	180	0	0	2.01616501271928e-13	NA	NA	NA	1	1	2	NA	NA	NA	NA	0.999999999983846	1	S_ND	44	S_Z	0.24	0
NAV2	11	19955749	SNV	Silent	p.V676V	+	C	A	SNP	0	34	5	5	29	0	0	0.832519031227298	NA	NA	NA	1	1	2	NA	NA	NA	NA	0.951068271503839	0.999549577412743	59	8	8	51	0	0	0.768390468262317	NA	NA	NA	1	1	2	NA	NA	NA	NA	0.999163249693876	0.999998406555498	C_C	14	C_C	1	1
MORC1	3	108773574	SNV	Splice_Site		+	C	T	SNP	0	134	20	20	114	0	0	0.892204085881389	NA	NA	NA	1	2	3	NA	NA	NA	NA	0.999996336583572	0.999999999270717	173	26	26	147	0	0	0.93240683849797	NA	NA	NA	1	3	4	NA	NA	NA	NA	0.999999110134822	0.999999999892256	C_C	50	C_C	1	1
APOB	2	21258577	SNV	Missense_Mutation	p.R233S	+	G	T	SNP	0	19	3	3	16	0	0	0.846394592176386	NA	NA	NA	1	1	2	NA	NA	NA	NA	0.795681397391617	0.987915549075387	30	0	0	30	0	0	0.0299233073702386	NA	NA	NA	1	1	2	NA	NA	NA	NA	0.927804586663885	0.9991288892332	C_ND	52	C_Z	1	0.01
USP7	16	9014299	SNV	Silent	p.V176V	+	C	T	SNP	0	56	11	11	45	0	0	0.923620617148442	NA	NA	NA	1	2	3	NA	NA	NA	NA	0.988537870879053	0.99994455491432	64	12	12	52	0	0	0.923480191609432	NA	NA	NA	1	2	3	NA	NA	NA	NA	0.996608293442274	0.999989670767326	C_C	53	C_C	1	1
MMRN1	4	90816720	SNV	Missense_Mutation	p.S200T	+	T	A	SNP	0	18	4	4	14	0.867206393776372	0.132793606223628	0.867206393776372	NA	NA	NA	0	1	1	NA	NA	NA	NA	0.902160364371513	0.996327179768295	19	5	5	14	0.501234293229916	0.740068573349256	0.56097436719333	2	1	0	0	1	1	0.431472058013512	0.462034530777154	0.00233977804940761	0.104153633159926	0.929105642874315	0.997725776899056	C_C	54	C_C	1	1
COLEC11	2	3691033	SNV	Splice_Site		+	G	C	SNP	0	23	4	4	19	0	0	0.867897047511692	NA	NA	NA	1	1	2	NA	NA	NA	NA	0.85438666341009	0.995053739718619	84	0	0	84	0	0	1.44573204730047e-06	NA	NA	NA	1	1	2	NA	NA	NA	NA	0.999987990349595	0.999999990163687	C_ND	55	C_Z	1	0.01
TRIM4	7	99506346	SNV	Silent	p.Q219Q	+	C	T	SNP	0	129	30	30	99	0	0	0.951212611551159	NA	NA	NA	1	1	2	NA	NA	NA	NA	0.999999909365405	0.999999999991003	96	21	21	75	0	0	0.941879198323252	NA	NA	NA	1	1	2	NA	NA	NA	NA	0.999998432693022	0.999999999051974	C_C	56	C_C	1	1
ZNF429	19	21720838	SNV	Silent	p.G661G	+	T	C	SNP	0	56	10	10	46	0	0	0.890997265594762	NA	NA	NA	1	1	2	NA	NA	NA	NA	0.998119279192625	0.999995226911146	34	0	0	34	0	0	0.0144558991926363	NA	NA	NA	1	1	2	NA	NA	NA	NA	0.956967474727269	0.999644903716345	C_ND	61	C_Z	1	0.01
WSCD1	17	5993656	SNV	Silent	p.A186A	+	C	T	SNP	0	27	3	3	24	0	0	0.745144997737715	NA	NA	NA	1	1	2	NA	NA	NA	NA	0.890262394808517	0.99795125417031	89	0	0	89	0	0	5.93742300214473e-07	NA	NA	NA	1	1	2	NA	NA	NA	NA	0.999994867705648	0.999999996317501	C_ND	63	C_Z	1	0.01
CLCN7	16	1504467	SNV	Splice_Site		+	C	T	SNP	0	36	9	9	27	0	0	0.541090331253466	2	1	2	2	2	4	0.244523042279208	0.730068603936946	0.021506885915512	0.00390146786833437	0.805180701909058	0.995547508480416	75	27	27	48	0	0	0.999630271225872	NA	NA	NA	1	2	3	NA	NA	NA	NA	0.999182484938058	0.999998288604715	C_C	65	C_C	1	1
OR5C1	9	125551761	SNV	Missense_Mutation	p.D184N	+	G	A	SNP	0	25	5	5	20	0	0	0.89335405220409	NA	NA	NA	1	1	2	NA	NA	NA	NA	0.870133867978207	0.996821325764791	51	13	13	38	0	0	0.945133579626495	NA	NA	NA	1	1	2	NA	NA	NA	NA	0.996845305042194	0.999991334178314	C_C	69	C_C	1	1
PTPRR	12	71158516	SNV	Missense_Mutation	p.R134W	+	G	A	SNP	0	65	11	11	54	0	0	0.877904876468094	NA	NA	NA	1	1	2	NA	NA	NA	NA	0.999546990713477	0.999999190160423	70	19	19	51	0	0	0.95627494683368	NA	NA	NA	1	1	2	NA	NA	NA	NA	0.999869702723356	0.999999836291789	C_C	70	C_C	1	1
CUBN	10	16975134	SNV	Missense_Mutation	p.I2026L	+	T	G	SNP	0	84	14	14	70	0	0	0.873970579900824	NA	NA	NA	1	1	2	NA	NA	NA	NA	0.999977934057214	0.999999977783733	96	14	14	82	0	0	0.780654059488438	NA	NA	NA	1	1	2	NA	NA	NA	NA	0.999998432693022	0.999999999051974	C_C	73	C_C	1	1
CYP3A43	7	99459333	SNV	Missense_Mutation	p.R375T	+	G	C	SNP	0	58	23	23	35	0	0	0.96381462528256	NA	NA	NA	1	1	2	NA	NA	NA	NA	0.99862701752322	0.999996795136547	61	19	19	42	0	0	0.961266469580119	NA	NA	NA	1	1	2	NA	NA	NA	NA	0.999402037340664	0.999998951176034	C_C	76	C_C	1	1
STK17B	2	197021185	SNV	Missense_Mutation	p.E105K	+	C	T	SNP	0	86	12	12	74	0.0246330191538914	0.977159590109881	0.0375528728087186	2	1	0	0	1	1	0.370575278647393	0.285380372984468	0.0359832458187112	0.308061102549427	0.999999902037083	0.999999999961254	52	4	4	48	0.000260000015505579	0.543375677719218	0.00102462787750679	2	1	0	0	1	1	0.189122611475133	0.0646280634900888	0.516361789766543	0.229887535268235	0.99988524191086	0.999999878492067	S_S	77	S_S	0.54	0.22
RBBP6	16	24573186	SNV	Missense_Mutation	p.R331S	+	A	T	SNP	0	101	15	15	86	0	0	0.339980660726889	2	1	1	1	1	2	0.581983988944486	0.175792467869405	0.172284897084428	0.0699386461016814	0.99999847190985	0.99999999895849	76	5	5	71	0	0	0.262653049098299	NA	NA	NA	1	2	3	NA	NA	NA	NA	0.99928237610358	0.999998543354559	S_S	78	S_S	0.54	0.22
STK17B	2	197021317	SNV	Missense_Mutation	p.A61T	+	C	T	SNP	0	183	10	10	173	1.24606856144806e-10	0.328389055866971	9.85386883201045e-10	2	1	0	0	1	1	0.109119454555402	0.0173352806031342	0.704917341548127	0.168627923293336	0.999999999999997	1	109	9	9	100	7.32416752461194e-06	0.57260686507948	2.75893807650807e-05	2	1	0	0	1	1	0.211904905171052	0.0535656244853026	0.491006696269117	0.243522774074529	0.99999999952975	0.999999999999969	S_S	85	Z_S	0.04	0.21
NDNF	4	121957709	SNV	Missense_Mutation	p.Q473E	+	G	C	SNP	0	76	19	19	57	0.559087969453358	0.73899922303537	0.593235781900625	2	1	0	0	1	1	0.502476816122389	0.439961227082181	4.30780288734681e-06	0.057557648992543	0.999999120497992	0.999999999544137	87	29	29	58	0.802275121218749	0.458403396370726	0.808919148029287	2	1	0	0	1	1	0.322255343101407	0.669531194741437	1.0799369036784e-11	0.00821346214635738	0.999999971772014	0.999999999991449	C_C	86	C_C	1	1
ZFAT	8	135612694	SNV	Missense_Mutation	p.K820N	+	T	G	SNP	0	97	19	19	78	0	0	0.922016619789654	NA	NA	NA	1	1	2	NA	NA	NA	NA	0.999997149265659	0.99999999788699	164	0	0	164	0	0	2.33235653013253e-12	NA	NA	NA	1	1	2	NA	NA	NA	NA	0.999999999830102	0.999999999999995	C_ND	49	C_Z	1	0.01
KRAS	12	25398284	SNV	Missense_Mutation	p.G12A	+	C	G	SNP	0	698	323	323	375	0	0	0.91544596453369	NA	NA	NA	1	1	2	NA	NA	NA	NA	1	1	1577	1	1	1576	0	0	0	NA	NA	NA	1	2	3	NA	NA	NA	NA	1	1	C_S	51	C_Z	1	0.01
KANK4	1	62728875	SNV	Missense_Mutation	p.P810S	+	G	A	SNP	0	22	7	7	15	0	0	0.936814689242254	NA	NA	NA	1	1	2	NA	NA	NA	NA	0.850496058476195	0.993823034599414	31	0	0	31	0	0	0.0249883093255379	NA	NA	NA	1	1	2	NA	NA	NA	NA	0.93614625302511	0.999304558395045	C_ND	57	C_Z	1	0.01
GAN	16	81411151	SNV	Missense_Mutation	p.R582C	+	C	T	SNP	0	207	51	51	156	0	0	0.960760454384997	NA	NA	NA	1	1	2	NA	NA	NA	NA	0.999999999996773	1	285	66	66	219	0	0	0.962956005770596	NA	NA	NA	1	1	2	NA	NA	NA	NA	1	1	C_C	66	C_C	1	1
CPEB3	10	93812164	SNV	Silent	p.Q634Q	+	C	T	SNP	0	62	11	11	51	0	0	0.890971668064539	NA	NA	NA	1	1	2	NA	NA	NA	NA	0.999270599675198	0.999998544821882	92	18	18	74	0	0	0.921215630606651	NA	NA	NA	1	1	2	NA	NA	NA	NA	0.999996915121292	0.999999997946755	C_C	67	C_C	1	1
SUSD1	9	114825283	SNV	Missense_Mutation	p.T595M	+	G	A	SNP	0	172	6	6	166	0	0	4.39270785290713e-06	NA	NA	NA	1	1	2	NA	NA	NA	NA	0.999999999703105	0.999999999999989	104	0	0	104	0	0	4.3034280139409e-08	NA	NA	NA	1	1	2	NA	NA	NA	NA	0.999999406907472	0.999999999793718	S_ND	68	S_Z	0.24	0
MYH15	3	108183654	SNV	Missense_Mutation	p.G541A	+	C	G	SNP	0	95	16	16	79	0	0	0.913926600406735	NA	NA	NA	1	2	3	NA	NA	NA	NA	0.99989950380702	0.999999849606349	111	32	32	79	0	0	0.999393586620027	NA	NA	NA	1	3	4	NA	NA	NA	NA	0.999802147837517	0.999999848392532	C_C	75	C_C	1	1
CAMK1	3	9803179	SNV	Missense_Mutation	p.D200N	+	C	T	SNP	1629	47	4	4	43	0	0	0.473224310441352	NA	NA	NA	1	1	2	NA	NA	NA	NA	0.992422487478805	0.99997046215579	82	0	0	82	0	0	2.06816185166492e-06	NA	NA	NA	1	1	2	NA	NA	NA	NA	0.999983118402888	0.99999998538235	S_ND	80	S_Z	0.24	0
IGF2R	6	160479148	SNV	Missense_Mutation	p.I964V	+	A	G	SNP	0	98	29	29	69	0	0	0.96153371249992	NA	NA	NA	1	1	2	NA	NA	NA	NA	0.99999756148793	0.999999998230769	67	19	19	48	0	0	0.958147282831861	NA	NA	NA	1	1	2	NA	NA	NA	NA	0.999783126400171	0.99999969729246	C_C	38	C_C	1	1
KCNJ11	11	17409559	SNV	Missense_Mutation	p.R0H	+	C	T	SNP	0	36	7	7	29	0	0	0.898903142426799	NA	NA	NA	1	1	2	NA	NA	NA	NA	0.96251589479656	0.999705973034444	138	0	0	138	0	0	1.44601663976118e-10	NA	NA	NA	1	1	2	NA	NA	NA	NA	0.999999992020081	0.99999999999958	C_ND	3	C_Z	1	0.01
ZNF407	18	72343000	SNV	Missense_Mutation	p.E9K	+	G	A	SNP	0	33	8	8	25	0	0	0.92618871649227	NA	NA	NA	1	1	2	NA	NA	NA	NA	0.944340903089738	0.999441933929695	26	5	5	21	0	0	0.890125698806577	NA	NA	NA	1	1	2	NA	NA	NA	NA	0.889502679614835	0.997842755483844	C_C	8	C_C	1	1
KRAS	12	25398262	SNV	Missense_Mutation	p.L19F	+	C	G	SNP	0	710	2	2	708	0	0	0	NA	NA	NA	1	1	2	NA	NA	NA	NA	1	1	1576	95	95	1481	0	0	1.39436274748661e-08	NA	NA	NA	1	2	3	NA	NA	NA	NA	1	1	S_S	10	Z_S	0.04	0.21
NUTM2F	9	97082646	SNV	Silent	p.E389E	+	C	T	SNP	0	20	0	0	20	0	0	0.171219374097151	NA	NA	NA	1	1	2	NA	NA	NA	NA	0.823445326676173	0.990345096582108	53	12	12	41	0	0	0.933601405480838	NA	NA	NA	1	1	2	NA	NA	NA	NA	0.997728920254641	0.999994343033839	ND_C	13	Z_C	0	1
PAPPA2	1	176525546	SNV	Missense_Mutation	p.R30C	+	C	T	SNP	0	33	0	0	33	0	0	0.0211664625637118	NA	NA	NA	1	1	2	NA	NA	NA	NA	0.944340903089738	0.999441933929695	98	6	6	92	0	0	0.0126294092490148	NA	NA	NA	1	1	2	NA	NA	NA	NA	0.999998881994365	0.999999999354152	ND_S	17	Z_S	0.04	0.21
BAI1	8	143623601	SNV	Missense_Mutation	p.A1336S	+	G	T	SNP	0	24	0	0	24	0	0	0.174587236229656	NA	NA	NA	1	2	3	NA	NA	NA	NA	0.741821201958476	0.987948425030101	65	14	14	51	0	0	0.93161168756628	NA	NA	NA	1	1	2	NA	NA	NA	NA	0.999695634235901	0.999999542854833	ND_C	21	Z_C	0	1
SPIC	12	101880340	SNV	Missense_Mutation	p.G180R	+	G	A	SNP	0	48	0	0	48	0	0	0.00152743883226492	NA	NA	NA	1	1	2	NA	NA	NA	NA	0.993493366655922	0.999975937365094	55	13	13	42	0	0	0.939511354122637	NA	NA	NA	1	1	2	NA	NA	NA	NA	0.998368832112997	0.999996299429586	ND_S	24	Z_C	0	1
PRIMPOL	4	185599436	SNV	Missense_Mutation	p.G299R	+	G	A	SNP	0	46	0	0	46	2.19790471056172e-09	0.211682777271622	9.88118160627494e-08	2	1	0	0	1	1	0.0198889474324245	0.00235439144106463	0.80419264319477	0.173564017931741	0.999319689260641	0.99999882530223	36	3	3	33	0.0046590709733243	0.743689364129534	0.0111282203361063	2	1	0	0	1	1	0.24985834447496	0.168813359769385	0.329361238778607	0.251967056977048	0.995615192810174	0.999987153106417	ND_S	26	Z_S	0.04	0.21
KRT1	12	53074111	SNV	Missense_Mutation	p.R8W	+	T	A	SNP	0	63	0	0	63	0	0	0.000112342858659131	NA	NA	NA	1	1	2	NA	NA	NA	NA	0.9993775923442	0.999998803736249	110	24	24	86	0	0	0.943997679882453	NA	NA	NA	1	1	2	NA	NA	NA	NA	0.999999642327785	0.999999999933126	ND_S	27	Z_C	0	1
MKNK1	1	47024390	SNV	Missense_Mutation	p.E419K	+	C	T	SNP	24	30	0	0	30	0	0	0.0353734992741492	NA	NA	NA	1	1	2	NA	NA	NA	NA	0.91993611646418	0.998934137146663	64	4	4	60	0	0	0.0907783874336761	NA	NA	NA	1	1	2	NA	NA	NA	NA	0.999639531456253	0.999999437799331	ND_S	37	Z_S	0.04	0.21
ADAMTS1	21	28214912	SNV	Missense_Mutation	p.G275S	+	C	T	SNP	0	161	0	0	161	0	0	2.7103652655569e-11	NA	NA	NA	1	1	2	NA	NA	NA	NA	0.999999998721011	0.999999999999942	118	4	4	114	0	0	5.66851647295641e-05	NA	NA	NA	1	1	2	NA	NA	NA	NA	0.999999864569884	0.999999999984768	ND_S	39	Z_S	0.04	0.21
CATSPERG	19	38852303	SNV	Silent	p.L632L	+	C	T	SNP	0	7	0	0	7	0	0	0.613780466165046	NA	NA	NA	1	1	2	NA	NA	NA	NA	0.179668123136526	0.810115266113085	15	5	5	10	0	0	0.931437164452296	NA	NA	NA	1	1	2	NA	NA	NA	NA	0.65852706602361	0.972534997840198	ND_C	46	Z_C	0	1
ADAMTS7	15	79080692	SNV	Silent	p.S401S	+	G	A	SNP	0	75	1	1	74	0	0	0.000257588140266773	NA	NA	NA	1	1	2	NA	NA	NA	NA	0.999907811972309	0.999999880904882	152	5	5	147	0	0	2.66230574019755e-06	NA	NA	NA	1	1	2	NA	NA	NA	NA	0.999999998993736	0.999999999999963	S_S	12	Z_S	0.04	0.21
RB1CC1	8	53568773	SNV	Missense_Mutation	p.E1206K	+	C	T	SNP	0	212	2	2	210	0	0	2.10294004432399e-11	NA	NA	NA	1	1	2	NA	NA	NA	NA	0.999999999998278	1	185	6	6	179	0	0	1.78991151678076e-07	NA	NA	NA	1	1	2	NA	NA	NA	NA	0.999999999992204	1	S_S	32	Z_S	0.04	0.21
NFATC1	18	77211039	SNV	Missense_Mutation	p.R559W	+	C	T	SNP	0	76	1	1	75	0	0	0.000220464343373861	NA	NA	NA	1	1	2	NA	NA	NA	NA	0.99992137800766	0.999999901383034	191	5	5	186	0	0	1.53780365108602e-08	NA	NA	NA	1	1	2	NA	NA	NA	NA	0.999999999996732	1	S_S	45	Z_S	0.04	0.21
KEAP1	19	10610439	SNV	Missense_Mutation	p.A91T	+	C	T	SNP	0	18	0	0	18	0	0	0.224081469878259	NA	NA	NA	1	1	2	NA	NA	NA	NA	0.764245176477198	0.984863087378535	35	4	4	31	0	0	0.72346857440387	NA	NA	NA	1	1	2	NA	NA	NA	NA	0.962538088089387	0.99971585190591	ND_S	40	Z_S	0.04	0.21
SORBS1	10	97131092	SNV	Silent	p.N632N	+	G	A	SNP	0	94	1	1	93	0	0	1.38469414878717e-05	NA	NA	NA	1	1	2	NA	NA	NA	NA	0.99999544015829	0.999999996390067	83	4	4	79	0	0	0.00773611672952379	NA	NA	NA	1	1	2	NA	NA	NA	NA	0.999985761594349	0.999999988011738	S_S	25	Z_S	0.04	0.21
PIGT	20	44052991	SNV	Missense_Mutation	p.T457M	+	C	T	SNP	0	53	0	0	53	0	0	0.0040528233165017	NA	NA	NA	1	2	3	NA	NA	NA	NA	0.98369085619297	0.999910178188402	53	6	6	47	0	0	0.779427122803807	NA	NA	NA	1	2	3	NA	NA	NA	NA	0.986438444811499	0.999934652519351	ND_S	15	Z_C	0	1
UPK1A	19	36166854	SNV	Missense_Mutation	p.T194M	+	C	T	SNP	0	32	3	3	29	0	0	0.647564566983531	NA	NA	NA	1	1	2	NA	NA	NA	NA	0.936908258046563	0.999308084625767	40	10	10	30	0	0	0.937378536240501	NA	NA	NA	1	1	2	NA	NA	NA	NA	0.981968388881721	0.999905972339195	C_C	28	C_C	1	1
GGT5	22	24629944	SNV	Missense_Mutation	p.V68M	+	C	T	SNP	0	9	0	0	9	0	0	0.543957020031195	NA	NA	NA	1	1	2	NA	NA	NA	NA	0.30224020619468	0.880978348765996	21	3	3	18	0	0	0.826500742862513	NA	NA	NA	1	1	2	NA	NA	NA	NA	0.858103306384055	0.993206723381682	ND_S	84	Z_C	0	1
BTBD8	1	92546147	SNV	Missense_Mutation	p.G7C	+	G	T	SNP	0	20	0	0	20	0	0	0.171219374097151	NA	NA	NA	1	1	2	NA	NA	NA	NA	0.823445326676173	0.990345096582108	30	8	8	22	0	0	0.935497605576082	NA	NA	NA	1	1	2	NA	NA	NA	NA	0.927804586663885	0.9991288892332	ND_C	2	Z_C	0	1
BAI1	8	143623600	SNV	Silent	p.R1335R	+	G	T	SNP	0	25	0	0	25	0	0	0.15634702603618	NA	NA	NA	1	2	3	NA	NA	NA	NA	0.75247327422635	0.989898535008866	65	14	14	51	0	0	0.93161168756628	NA	NA	NA	1	1	2	NA	NA	NA	NA	0.999695634235901	0.999999542854833	ND_C	43	Z_C	0	1
CERS4	19	8326830	SNV	Missense_Mutation	p.R341H	+	G	A	SNP	0	31	0	0	31	0	0	0.0298411145139668	NA	NA	NA	1	1	2	NA	NA	NA	NA	0.928765520951963	0.999141531786357	42	11	11	31	0	0	0.942862173985247	NA	NA	NA	1	1	2	NA	NA	NA	NA	0.986722524894386	0.999939347136316	ND_C	83	Z_C	0	1
NEUROD6	7	31378559	SNV	Silent	p.H108H	+	G	A	SNP	0	97	0	0	97	0	0	3.93046040159106e-07	NA	NA	NA	1	1	2	NA	NA	NA	NA	0.999997149265659	0.99999999788699	147	5	5	142	0	0	5.21123765906406e-06	NA	NA	NA	1	1	2	NA	NA	NA	NA	0.999999997887515	0.999999999999913	ND_S	20	Z_S	0.04	0.21
GRIK1	21	30949347	SNV	Silent	p.L689L	+	C	A	SNP	0	78	0	0	78	0	0	8.82660732315355e-06	NA	NA	NA	1	1	2	NA	NA	NA	NA	0.999942804740019	0.999999932272825	83	13	13	70	0	0	0.838124145593502	NA	NA	NA	1	1	2	NA	NA	NA	NA	0.999985761594349	0.999999988011738	ND_S	16	Z_C	0	1
SLC27A3	1	153750812	SNV	Missense_Mutation	p.R493H	+	G	A	SNP	0	65	1	1	64	0	0	0.00123020095941473	NA	NA	NA	1	1	2	NA	NA	NA	NA	0.999546990713477	0.999999190160423	96	4	4	92	0	0	0.00126917901320367	NA	NA	NA	1	1	2	NA	NA	NA	NA	0.999998432693022	0.999999999051974	S_S	9	Z_S	0.04	0.21
UNC13C	15	54817827	SNV	Silent	p.Y1846Y	+	T	C	SNP	0	18	3	3	15	0	0	0.855194517151408	NA	NA	NA	1	1	2	NA	NA	NA	NA	0.764245176477198	0.984863087378535	28	9	9	19	0	0	0.947328402768631	NA	NA	NA	1	1	2	NA	NA	NA	NA	0.909303693276393	0.998630794511673	C_C	22	C_C	1	1
PCDHA10	5	140236991	SNV	Missense_Mutation	p.A453V	+	C	T	SNP	0	75	0	0	75	0	0	0.0002088549224466	NA	NA	NA	1	2	3	NA	NA	NA	NA	0.998844891306439	0.999997125854949	307	7	7	300	0	0	2.05880468229225e-09	NA	NA	NA	1	2	3	NA	NA	NA	NA	0.999999999999962	1	ND_S	29	Z_S	0.04	0.21
TRIM33	1	114944012	SNV	Splice_Site	p.S989L	+	G	A	SNP	0	88	1	1	87	0	0	3.45654226144854e-05	NA	NA	NA	1	1	2	NA	NA	NA	NA	0.999988277841369	0.999999989324117	108	4	4	104	0	0	0.000233453806405493	NA	NA	NA	1	1	2	NA	NA	NA	NA	0.999999561993774	0.999999999902811	S_S	30	Z_S	0.04	0.21
JAKMIP1	4	6107566	SNV	Silent	p.A86A	+	C	T	SNP	0	10	0	0	10	0.3736078057886	0.6263921942114	0.3736078057886	NA	NA	NA	0	1	1	NA	NA	NA	NA	0.547719105883326	0.9575914412256	36	13	13	23	0.952469873928536	0.0475301260714637	0.952469873928536	NA	NA	NA	0	1	1	NA	NA	NA	NA	0.995615192810174	0.999987153106417	ND_C	4	Z_C	0	1
HRG	3	186389477	SNV	Missense_Mutation	p.R153C	+	C	T	SNP	0	105	0	0	105	0	0	2.37563284821718e-07	5	4	1	1	4	5	0.00867106000363392	0.000322770798989076	0.675650554374874	0.315355614822503	0.998058698215243	0.999995239614268	148	11	11	137	0	0	0.353021852260938	7	6	1	1	6	7	0.564419598403869	0.24818460335858	0.0878629738525083	0.0995328243850428	0.998334230840645	0.999998509863057	ND_S	6	Z_C	0	1
IRX6	16	55363058	SNV	Missense_Mutation	p.R390W	+	C	T	SNP	0	21	0	0	21	0	0	0.148513763635554	NA	NA	NA	1	1	2	NA	NA	NA	NA	0.847840954022425	0.992280341463195	79	4	4	75	0	0	0.01333109755982	NA	NA	NA	1	1	2	NA	NA	NA	NA	0.999971857736351	0.999999973427332	ND_S	36	Z_S	0.04	0.21
TRIM59	3	160156821	SNV	Nonsense_Mutation	p.R51*	+	G	A	SNP	0	156	0	0	156	0	0	1.01642827488035e-08	NA	NA	NA	1	2	3	NA	NA	NA	NA	0.999999621005659	0.999999999955217	156	5	5	151	0	0	0.00260362243724488	NA	NA	NA	1	3	4	NA	NA	NA	NA	0.999995677892687	0.999999999278536	ND_S	72	Z_S	0.04	0.21
PDPR	16	70177499	SNV	Silent	p.G564G	+	C	T	SNP	0	33	2	2	31	0	0	0.397387585817282	NA	NA	NA	1	1	2	NA	NA	NA	NA	0.944340903089738	0.999441933929695	29	4	4	25	0	0	0.812330536597888	NA	NA	NA	1	1	2	NA	NA	NA	NA	0.918821064434792	0.998908202106437	S_S	41	C_C	1	1
APBA1	9	72131447	SNV	Missense_Mutation	p.R227H	+	C	T	SNP	0	10	0	0	10	0	0	0.507045512047231	NA	NA	NA	1	1	2	NA	NA	NA	NA	0.365687887899199	0.905653023427595	27	10	10	17	0	0	0.953963810714291	NA	NA	NA	1	1	2	NA	NA	NA	NA	0.899435735708215	0.99828187846645	ND_C	47	Z_C	0	1
CRYBB1	22	27012140	SNV	Silent	p.S48S	+	G	A	SNP	0	33	3	3	30	0	0	0.62471794120175	NA	NA	NA	1	1	2	NA	NA	NA	NA	0.944340903089738	0.999441933929695	80	20	20	60	0	0	0.952695203997274	NA	NA	NA	1	1	2	NA	NA	NA	NA	0.99997626625053	0.999999978237134	C_C	81	C_C	1	1
PLD2	17	4720502	SNV	Missense_Mutation	p.T588M	+	C	T	SNP	0	102	1	1	101	0	0	4.14490837508108e-06	NA	NA	NA	1	1	2	NA	NA	NA	NA	0.999998569090432	0.999999999126298	144	4	4	140	0	0	1.45924273931008e-06	NA	NA	NA	1	1	2	NA	NA	NA	NA	0.999999996705986	0.999999999999853	S_S	23	Z_S	0.04	0.21
KIAA0247	14	70175514	SNV	Frame_Shift_Del	p.D193fs	+	C	-	DEL	1	93	21	21	72	0	0	0.942879468108191	NA	NA	NA	1	1	2	NA	NA	NA	NA	0.999994665331022	0.999999995680328	141	27	27	114	0	0	0.922184323812506	NA	NA	NA	1	1	2	NA	NA	NA	NA	0.999999994869002	0.999999999999752	C_C	64	C_C	1	1
ARNT2	15	80743275	SNV	Frame_Shift_Del	p.A29fs	+	C	-	DEL	0	105	22	22	83	0	0	0.935362007143011	NA	NA	NA	1	1	2	NA	NA	NA	NA	0.999998707336449	0.99999999948279	275	58	58	217	0	0	0.951728532333077	NA	NA	NA	1	1	2	NA	NA	NA	NA	1	1	C_C	31	C_C	1	1
AIM1	6	106968890	SNV	In_Frame_Del	p.FSTSQN862del	+	TTTCAGTACTTCTCAGAA	-	DEL	0	187	0	0	187	0	0	7.90478793533111e-13	NA	NA	NA	1	1	2	NA	NA	NA	NA	0.99999999995834	0.999999999999999	122	10	10	112	0	0	0.0389004321412368	NA	NA	NA	1	1	2	NA	NA	NA	NA	0.999999920971393	0.999999999992662	ND_S	7	Z_S	0.04	0.21
C19orf53	19	13888935	SNV	In_Frame_Del	p.KKLAL75del	+	AAGAAGCTGGCACTG	-	DEL	0	52	0	0	52	0	0	0.000757715640928192	NA	NA	NA	1	1	2	NA	NA	NA	NA	0.996487069895549	0.999989335788763	78	15	15	63	0	0	0.91437329694719	NA	NA	NA	1	1	2	NA	NA	NA	NA	0.999966629947129	0.99999996753949	ND_S	19	Z_C	0	1
