locus	Chr	pos	type	Variant_Classification	Protein_Change	Strand	Reference_Allele	Mutant_Allele	Variant_Type	Number of times codon change is in COSMIC	coverage_1	observed_alt_1	alt_1	ref_1	Pr_homozygous_1	Pr_subclonal_homozygous_1	Pr_clonal_1	SC_Aq_d_1	SC_Aq_a_1	C_Aq_1	HS_q_hat_1_1	HS_q_hat_2_1	q_hat_1	H1_1	H2_1	H3_1	H4_1	detection_power_1	detection_power_for_single_read_1	coverage_2	observed_alt_2	alt_2	ref_2	Pr_homozygous_2	Pr_subclonal_homozygous_2	Pr_clonal_2	SC_Aq_d_2	SC_Aq_a_2	C_Aq_2	HS_q_hat_1_2	HS_q_hat_2_2	q_hat_2	H1_2	H2_2	H3_2	H4_2	detection_power_2	detection_power_for_single_read_2	mut_class	mut_class_order	var_cluster_classes	CCF1	CCF2
TNXB	6	32017972	SNV	Missense_Mutation	p.M3126T	+	A	G	SNP	0	51	5	5	46	2.44562844320321e-09	0	0.893892339371677	NA	NA	NA	0	4	4	NA	NA	NA	NA	0.867497570209771	0.997874828980724	60	0	0	60	0	0	0.36729283589528	NA	NA	NA	2	2	4	NA	NA	NA	NA	0.276392793595593	0.911974277998233	C_ND	145	C_Z	1	0.03
AP3D1	19	2130469	SNV	Missense_Mutation	p.Y177C	+	T	C	SNP	0	90	5	5	85	0	0	0.484960493274126	NA	NA	NA	1	2	3	NA	NA	NA	NA	0.997903636809571	0.999993780519876	90	1	1	89	0	0	0.520172634549784	NA	NA	NA	2	2	4	NA	NA	NA	NA	0.52918069576538	0.969801440191604	S_S	74	S_S	0.38	0.08
ZNF397	18	32822614	SNV	Missense_Mutation	p.E60D	+	G	C	SNP	0	166	8	8	158	0	0	0.0236192004678279	3	2	2	2	2	4	0.31023346934795	0.199654167423133	0.194166096730425	0.295946266498492	0.999936913821996	0.999999980055485	123	0	0	123	0	0	0.112056387169699	NA	NA	NA	2	2	4	NA	NA	NA	NA	0.654094441406964	0.989819284390971	S_ND	2	S_S	0.38	0.08
USH2A	1	216363647	SNV	Silent	p.R1438R	+	C	T	SNP	0	97	10	10	87	0	0	0.497578989050249	5	4	2	2	5	7	0.568014664150946	0.279735759573932	0.1510101859853	0.00123939028982245	0.961750444981861	0.999645013274547	74	0	0	74	0	0	0.292020729215925	NA	NA	NA	2	2	4	NA	NA	NA	NA	0.398135047359041	0.947126080675777	C_ND	103	C_Z	1	0.03
LMBRD1	6	70386066	SNV	Missense_Mutation	p.S536C	+	G	C	SNP	0	42	14	14	28	0	0	0.99184768519229	3	2	2	2	2	4	0.214196436512375	0.779713527130947	5.58083954750956e-08	0.00608998054828333	0.763465710956678	0.994037018632748	38	0	0	38	0	0	0.498336384055798	NA	NA	NA	2	2	4	NA	NA	NA	NA	0.114005898873488	0.795774073008904	C_ND	69	C_Z	1	0.03
OR2L8	1	248112300	SNV	Silent	p.L47L	+	C	T	SNP	0	299	12	12	287	0	0	0.00929133435180629	5	4	2	2	5	7	0.169551516980591	0.000161356428047476	0.683269832090188	0.147017294501173	0.999989130078616	0.999999998564579	124	0	0	124	0	0	0.0920299476622397	NA	NA	NA	1	1	2	NA	NA	NA	NA	0.724872726240004	0.993844947366403	S_ND	126	S_S	0.38	0.08
TANC1	2	160082215	SNV	Silent	p.A1276A	+	G	A	SNP	0	62	6	6	56	0	0	0.633641795372055	1	2	2	2	2	4	0.430872530502635	0.411241420767301	0.00772808825846782	0.150157960471596	0.939426634783322	0.999380310912391	59	0	0	59	0	0	0.37298465073617	NA	NA	NA	2	2	4	NA	NA	NA	NA	0.267827213521663	0.908642783216112	C_ND	73	C_Z	1	0.03
ASXL1	20	31021123	SNV	Silent	p.N374N	+	C	T	SNP	0	60	17	17	43	0	0	0.999493475383326	NA	NA	NA	2	3	5	NA	NA	NA	NA	0.882060996206337	0.998202244412327	69	0	0	69	0	0	0.317871691820378	NA	NA	NA	2	2	4	NA	NA	NA	NA	0.354724396470476	0.936707116083156	C_ND	16	C_Z	1	0.03
SMARCA4	19	11145752	SNV	Missense_Mutation	p.R1372C	+	C	T	SNP	0	16	4	4	12	0	0	0.956726792610382	NA	NA	NA	1	2	3	NA	NA	NA	NA	0.382350147202977	0.902302012982384	18	0	0	18	0	0	0.61917636234934	NA	NA	NA	2	2	4	NA	NA	NA	NA	0.0454379045398902	0.539557654888791	C_ND	101	C_Z	1	0.03
PIK3CA	3	178952074	SNV	Missense_Mutation	p.M1043I	+	G	A	SNP	65	92	6	6	86	0	0	0.294987721670121	4	3	2	2	3	5	0.4384836306376	0.173190352371646	0.237922019409692	0.150403997581062	0.985400160739137	0.999913347062856	83	0	0	83	0	0	0.248806171250896	NA	NA	NA	2	2	4	NA	NA	NA	NA	0.47379336310573	0.961524620173593	C_ND	89	C_Z	1	0.03
ADAM7	8	24324357	SNV	Silent	p.V145V	+	G	A	SNP	0	85	7	7	78	0	0.0178311367461802	0.443569381647672	0	1	2	1	2	3	0.346051972221293	0.413385955085019	0.0306898052479038	0.209872267445784	0.996628647808999	0.999988630801652	94	0	0	94	0	0	0.202233570664472	NA	NA	NA	2	2	4	NA	NA	NA	NA	0.55916031326451	0.973654741869481	C_ND	128	C_Z	1	0.03
COL2A1	12	48369302	SNV	Silent	p.P1228P	+	C	T	SNP	0	53	20	20	33	0	0	0.999948075412685	NA	NA	NA	2	2	4	NA	NA	NA	NA	0.88450506490577	0.99830534223763	28	0	0	28	0	0	0.559327711349882	NA	NA	NA	2	2	4	NA	NA	NA	NA	0.0745855804846642	0.695202230955135	C_ND	77	C_Z	1	0.03
EPHB6	7	142561964	SNV	Missense_Mutation	p.E136Q	+	G	C	SNP	0	49	13	13	36	0	0	0.995786322074473	NA	NA	NA	2	2	4	NA	NA	NA	NA	0.848400021631606	0.997332166681681	44	0	0	44	0	0	0.461764741543737	NA	NA	NA	2	2	4	NA	NA	NA	NA	0.150589150678942	0.838500818204452	C_ND	152	C_Z	1	0.03
PITPNM3	17	6377772	SNV	Missense_Mutation	p.T413M	+	G	A	SNP	0	40	13	13	27	0	0	0.99863013978729	NA	NA	NA	2	2	4	NA	NA	NA	NA	0.733901944893857	0.99247824416726	24	0	0	24	0	0	0.583471210740641	NA	NA	NA	2	2	4	NA	NA	NA	NA	0.0680850842472189	0.641054978122033	C_ND	3	C_Z	1	0.03
TEK	9	27190536	SNV	Missense_Mutation	p.K446M	+	A	T	SNP	0	189	54	54	135	0	0	0.998857367113175	4	3	2	2	3	5	0.00114255410610903	0.998854800629059	3.80874240434674e-07	2.26439059145466e-06	0.999922954256201	0.999999973378205	160	0	0	160	0	0	0.050447474590758	NA	NA	NA	2	2	4	NA	NA	NA	NA	0.783459697564561	0.996691856743595	C_ND	6	C_Z	1	0.03
SNX9	6	158359750	SNV	Missense_Mutation	p.R540T	+	G	C	SNP	0	167	15	15	152	2.73524729164701e-08	0	0.572991054053953	NA	NA	NA	0	2	2	NA	NA	NA	NA	0.999999694757432	0.999999999970794	220	1	1	219	0	0	0.0942778253217359	NA	NA	NA	2	2	4	NA	NA	NA	NA	0.917418758689223	0.999362281454903	S_S	19	S_S	0.38	0.08
CYTH3	7	6210534	SNV	Missense_Mutation	p.P213L	+	G	A	SNP	0	15	3	3	12	0	0	0.942679339438887	NA	NA	NA	2	2	4	NA	NA	NA	NA	0.269698901158432	0.849073186657692	22	0	0	22	0	0	0.595449122421886	NA	NA	NA	2	2	4	NA	NA	NA	NA	0.067046618469286	0.610185486834243	C_ND	26	C_Z	1	0.03
NCR2	6	41309564	SNV	Missense_Mutation	p.R143C	+	C	T	SNP	0	40	18	18	22	0	0	0.999962884948104	NA	NA	NA	2	2	4	NA	NA	NA	NA	0.733901944893857	0.99247824416726	44	1	1	43	0	0	0.707639300167148	NA	NA	NA	2	2	4	NA	NA	NA	NA	0.150589150678942	0.838500818204452	C_S	29	C_Z	1	0.03
GEMIN4	17	650625	SNV	Missense_Mutation	p.L220F	+	G	A	SNP	0	110	4	4	106	0	0	0.533909946638268	NA	NA	NA	2	4	6	NA	NA	NA	NA	0.985336301430037	0.999945597278332	50	0	0	50	0	0	0.425625335740063	NA	NA	NA	2	2	4	NA	NA	NA	NA	0.194142072583247	0.871780164582437	S_ND	30	S_S	0.38	0.08
LRP1	12	57560811	SNV	Missense_Mutation	p.D966N	+	G	A	SNP	0	117	44	44	73	0	0	0.999999999246734	NA	NA	NA	3	3	6	NA	NA	NA	NA	0.988284787321352	0.999968591985376	114	0	0	114	0	0	0.135297359894815	NA	NA	NA	2	2	4	NA	NA	NA	NA	0.627986028414902	0.986420834840424	C_ND	43	C_Z	1	0.03
ADH7	4	100350733	SNV	Missense_Mutation	p.E38K	+	C	T	SNP	0	51	24	24	27	0	0.97913443577989	0.999983422468344	0	1	2	1	2	3	0.979356204893599	0.0190493976144395	3.31591904458539e-07	0.00159406590005784	0.925496546702629	0.999176770382834	73	0	0	73	0	0	0.29709052627725	NA	NA	NA	2	2	4	NA	NA	NA	NA	0.38950489161962	0.945199823546422	C_ND	46	C_Z	1	0.03
ABCA3	16	2334400	SNV	Missense_Mutation	p.V1248M	+	C	T	SNP	0	60	9	9	51	0	0	0.950175905259822	NA	NA	NA	2	2	4	NA	NA	NA	NA	0.929854744981198	0.999226432930057	109	0	0	109	0	0	0.149969491479192	NA	NA	NA	2	2	4	NA	NA	NA	NA	0.617654283917724	0.984021744079793	C_ND	49	C_Z	1	0.03
ZNF530	19	58117758	SNV	Missense_Mutation	p.H289N	+	C	A	SNP	0	76	12	12	64	0	0	0.800587242643206	3	2	2	2	2	4	0.381112901941067	0.583233495115026	1.57154569106121e-05	0.0356378874869959	0.979088098886567	0.999865179145949	86	0	0	86	0	0	0.235408750800646	NA	NA	NA	2	2	4	NA	NA	NA	NA	0.497959668912012	0.965336726115992	C_ND	50	C_Z	1	0.03
ERMAP	1	43308271	SNV	Missense_Mutation	p.R266W	+	C	T	SNP	0	71	20	20	51	0	0	0.999489766889315	NA	NA	NA	2	2	4	NA	NA	NA	NA	0.969238625038609	0.999768797780886	80	0	0	80	0	0	0.262715536773892	NA	NA	NA	2	2	4	NA	NA	NA	NA	0.449049147003695	0.957258898902999	C_ND	56	C_Z	1	0.03
SSH2	17	27963063	SNV	Missense_Mutation	p.D702N	+	C	T	SNP	0	264	44	44	220	0	0	0.975611311317793	NA	NA	NA	2	2	4	NA	NA	NA	NA	0.999999934994008	0.999999999993904	167	0	0	167	0	0	0.0433192046254817	NA	NA	NA	2	2	4	NA	NA	NA	NA	0.805056231399144	0.997298621767155	C_ND	58	C_Z	1	0.03
TMEM108	3	133109176	SNV	Missense_Mutation	p.E535Q	+	G	C	SNP	0	144	4	4	140	0	0	0.00189807727526481	4	3	2	2	3	5	0.128731734878373	0.0268688216623876	0.549363709263569	0.295035734195671	0.998808472082487	0.999999056543657	107	0	0	107	0	0	0.156210611535953	NA	NA	NA	2	2	4	NA	NA	NA	NA	0.614733947092985	0.982938010401616	S_ND	60	S_S	0.38	0.08
CRB1	1	197396974	SNV	Missense_Mutation	p.E840G	+	A	G	SNP	0	74	8	8	66	0	0	0.680394796700296	3	2	5	2	5	7	0.385139202008068	0.562045002897537	0.0169301532902426	0.035885641804152	0.878077505594752	0.997996412242568	41	0	0	41	0	0	0.480018349732012	NA	NA	NA	2	2	4	NA	NA	NA	NA	0.131284813702509	0.818481365620119	C_ND	80	C_Z	1	0.03
SKAP1	17	46474058	SNV	Missense_Mutation	p.Q46K	+	G	T	SNP	0	169	26	26	143	1.16469380054219e-17	0	0.975130477940857	NA	NA	NA	0	5	5	NA	NA	NA	NA	0.999736034298804	0.999999874572272	76	0	0	76	0	0	0.282037459960065	NA	NA	NA	2	2	4	NA	NA	NA	NA	0.415286731386972	0.950764037937832	C_ND	91	C_Z	1	0.03
FLG	1	152276983	SNV	Nonsense_Mutation	p.S3460*	+	G	C	SNP	0	295	14	14	281	0	0	0.0407099426515034	5	4	2	2	5	7	0.292522535851285	0.00724772291006489	0.593701903449483	0.106527837789167	0.999987947616848	0.999999998231858	164	0	0	164	0	0	0.0462410897903035	NA	NA	NA	2	2	4	NA	NA	NA	NA	0.7959973030234	0.997054634522355	S_ND	99	S_S	0.38	0.08
HNRNPF	10	43882813	SNV	Missense_Mutation	p.E174K	+	C	T	SNP	0	88	5	5	83	0	0	0.514563063134741	NA	NA	NA	1	2	3	NA	NA	NA	NA	0.997464271222677	0.999992089413851	107	0	0	107	0	0	0.156210611535953	NA	NA	NA	2	2	4	NA	NA	NA	NA	0.614733947092985	0.982938010401616	S_ND	110	S_S	0.38	0.08
RABL5	7	100961481	SNV	Missense_Mutation	p.E44K	+	C	T	SNP	0	206	28	28	178	0	0	0.95959268189337	NA	NA	NA	2	2	4	NA	NA	NA	NA	0.999996378236156	0.999999999376233	180	0	0	180	0	0	0.0326683485777023	NA	NA	NA	2	2	4	NA	NA	NA	NA	0.840781147800246	0.998131257302619	C_ND	117	C_Z	1	0.03
TMPRSS3	21	43815481	SNV	Nonsense_Mutation	p.R16*	+	G	A	SNP	0	46	21	21	25	0	0	0.999283752060002	1	2	1	1	2	3	0.849751492535089	0.138415924732311	1.33869110964812e-08	0.0118325693456887	0.887705923987438	0.998410269727838	48	0	0	48	0	0	0.437602157286354	NA	NA	NA	2	2	4	NA	NA	NA	NA	0.178988123414302	0.861588510358094	C_ND	130	C_Z	1	0.03
HIGD2A	5	175816423	SNV	Silent	p.R82R	+	G	A	SNP	0	173	22	22	151	0	0	0.951613712958079	NA	NA	NA	2	2	4	NA	NA	NA	NA	0.999961756765936	0.999999989315716	181	0	0	181	0	0	0.0319689415194487	NA	NA	NA	2	2	4	NA	NA	NA	NA	0.843290973938063	0.998182742940397	C_ND	149	C_Z	1	0.03
CPSF2	14	92627472	SNV	Missense_Mutation	p.S713L	+	C	T	SNP	0	144	15	15	129	0	0	0.608927093049358	4	3	2	2	3	5	0.601822724603715	0.322277183110689	0.000585234593068638	0.0753148576925266	0.998808472082487	0.999999056543657	110	0	0	110	0	0	0.146929694930054	NA	NA	NA	2	2	4	NA	NA	NA	NA	0.619397939105603	0.984535691639335	C_ND	176	C_Z	1	0.03
MPEG1	11	58980271	SNV	Missense_Mutation	p.S23L	+	G	A	SNP	0	131	24	24	107	0	0	0.981890245438607	NA	NA	NA	2	2	4	NA	NA	NA	NA	0.999288399143385	0.999999488172157	183	1	1	182	0	0	0.168118815867256	NA	NA	NA	2	2	4	NA	NA	NA	NA	0.848210018788306	0.998281203708549	C_S	164	C_Z	1	0.03
NTN4	12	96180857	SNV	Missense_Mutation	p.D149N	+	C	T	SNP	0	55	9	9	46	0	0	0.956886057963251	NA	NA	NA	2	2	4	NA	NA	NA	NA	0.899576709078292	0.998647245729332	86	0	0	86	0	0	0.235408750800646	NA	NA	NA	2	2	4	NA	NA	NA	NA	0.497959668912012	0.965336726115992	C_ND	163	C_Z	1	0.03
HEATR1	1	236737981	SNV	Missense_Mutation	p.Q1103E	+	G	C	SNP	0	222	26	26	196	0	0	0.364390406368016	5	4	2	2	5	7	0.449086270676371	0.51683366329745	0.0340674337090758	1.26323171039601e-05	0.999796669252787	0.9999999001062	126	0	0	126	0	0	0.105154563681442	NA	NA	NA	2	2	4	NA	NA	NA	NA	0.664133167759472	0.990738943523514	C_ND	177	C_Z	1	0.03
MRPS27	5	71591374	SNV	Missense_Mutation	p.E89K	+	C	T	SNP	0	187	25	25	162	0	0	0.95712716828056	NA	NA	NA	2	2	4	NA	NA	NA	NA	0.999985967106973	0.999999996861974	170	0	0	170	0	0	0.0405835849426405	NA	NA	NA	2	2	4	NA	NA	NA	NA	0.813812311708917	0.997521047116181	C_ND	170	C_Z	1	0.03
ASTN2	9	119203034	SNV	Silent	p.Y1212Y	+	G	A	SNP	0	116	44	44	72	0	0	0.999914021386432	4	3	2	2	4	6	7.21921246376408e-05	0.999927794406862	1.3467305858574e-08	1.1952933481029e-12	0.987853253882818	0.999966043669426	105	0	0	105	0	0	0.162670145623069	NA	NA	NA	2	2	4	NA	NA	NA	NA	0.612658013385786	0.981774988246096	C_ND	154	C_Z	1	0.03
DOPEY2	21	37660428	SNV	Missense_Mutation	p.P2093S	+	C	T	SNP	0	65	10	10	55	0	0	0.704747953761058	3	2	1	1	2	3	0.411829213883056	0.543824094254112	0.000955808256463411	0.0433908836063688	0.978237901958153	0.999864305495785	86	1	1	85	0	0	0.537750579043013	NA	NA	NA	2	2	4	NA	NA	NA	NA	0.497959668912012	0.965336726115992	C_S	172	C_Z	1	0.03
NEK8	17	27065692	SNV	Missense_Mutation	p.R409I	+	G	T	SNP	0	59	7	7	52	0	0	0.925056593042762	NA	NA	NA	2	2	4	NA	NA	NA	NA	0.924563768480687	0.999135384895799	44	0	0	44	0	0	0.485039305615043	NA	NA	NA	3	3	6	NA	NA	NA	NA	0.123677640198347	0.81145031695048	C_ND	153	C_Z	1	0.03
KIAA1109	4	123229277	SNV	Missense_Mutation	p.D3339N	+	G	A	SNP	0	174	19	19	155	0	0	0.506275445843633	3	2	1	1	2	3	0.529118977752609	0.368849616123979	0.00317742332457862	0.0988539827988333	0.999996362973948	0.999999999416864	200	0	0	200	0	0	0.0212469252855223	NA	NA	NA	2	2	4	NA	NA	NA	NA	0.884837723506526	0.998919839842253	C_ND	173	C_Z	1	0.03
CABLES1	18	20815935	SNV	Missense_Mutation	p.S421C	+	C	G	SNP	0	127	5	5	122	0	0	0.221728313499287	NA	NA	NA	2	2	4	NA	NA	NA	NA	0.999081929883817	0.999999247950428	144	0	0	144	0	0	0.0714274720522713	NA	NA	NA	2	2	4	NA	NA	NA	NA	0.728782555348368	0.99468166814682	S_ND	155	S_S	0.38	0.08
GLG1	16	74508446	SNV	Missense_Mutation	p.E684K	+	C	T	SNP	0	98	10	10	88	0	0	0.911099821869913	NA	NA	NA	2	2	4	NA	NA	NA	NA	0.996339953145128	0.999986557482438	115	0	0	115	0	0	0.132518356471201	NA	NA	NA	2	2	4	NA	NA	NA	NA	0.630482900200638	0.986852522836977	C_ND	156	C_Z	1	0.03
SLC29A3	10	73121730	SNV	Missense_Mutation	p.L265I	+	C	A	SNP	0	44	6	6	38	0	0.0208092888536954	0.694407241978391	0	1	2	1	2	3	0.528886045542593	0.353267670712505	0.01791882053346	0.0999274632114413	0.868514226412137	0.99792707196993	62	0	0	62	0	0	0.356020655205851	NA	NA	NA	2	2	4	NA	NA	NA	NA	0.293654731431409	0.918252524725467	C_ND	157	C_Z	1	0.03
CROT	7	87027901	SNV	Nonsense_Mutation	p.Q594*	+	C	T	SNP	0	134	7	7	127	0	0	0.471596996747759	NA	NA	NA	2	2	4	NA	NA	NA	NA	0.999415180966091	0.999999615734674	113	0	0	113	0	0	0.138127454952987	NA	NA	NA	2	2	4	NA	NA	NA	NA	0.62561893224496	0.985973896425399	S_ND	158	S_S	0.38	0.08
WDR17	4	177098666	SNV	Missense_Mutation	p.R1237K	+	G	A	SNP	0	136	22	22	114	0	0	0.740348423785428	3	2	1	1	2	3	0.357147080588165	0.632428720200579	2.59758107632549e-05	0.0103982234004927	0.999912486869638	0.999999967900112	138	0	0	138	0	0	0.081320260716218	NA	NA	NA	2	2	4	NA	NA	NA	NA	0.707040670976246	0.993617562176888	C_ND	159	C_Z	1	0.03
PACS1	11	65977852	SNV	Missense_Mutation	p.R155H	+	G	A	SNP	0	67	25	25	42	0	0	0.999988570555125	NA	NA	NA	2	2	4	NA	NA	NA	NA	0.9582984089062	0.999642529593429	81	0	0	81	0	0	0.258022827127136	NA	NA	NA	2	2	4	NA	NA	NA	NA	0.457357195428043	0.958734642185748	C_ND	160	C_Z	1	0.03
IFT80	3	160099474	SNV	Missense_Mutation	p.E26K	+	C	T	SNP	0	237	8	8	229	0	0	0.00100675080523249	3	2	3	3	3	6	0.106060691380842	0.00492160692851077	0.570675368441769	0.318342333248878	0.999975573190179	0.999999992889368	154	0	0	154	0	0	0.0574842782653153	NA	NA	NA	2	2	4	NA	NA	NA	NA	0.763726582815511	0.996054817969087	S_ND	161	S_S	0.38	0.08
CLSTN3	12	7293962	SNV	Missense_Mutation	p.R483Q	+	G	A	SNP	0	164	11	11	153	0	0	0.687366149546401	NA	NA	NA	2	2	4	NA	NA	NA	NA	0.999927238124527	0.999999976126951	150	0	0	150	0	0	0.191771566642095	NA	NA	NA	7	7	14	NA	NA	NA	NA	0.477948881098449	0.97533846648077	S_ND	162	S_S	0.38	0.08
PARP8	5	50090066	SNV	Nonsense_Mutation	p.Q255*	+	C	T	SNP	0	115	19	19	96	0	0	0.968393002243399	NA	NA	NA	2	2	4	NA	NA	NA	NA	0.998172231738904	0.999997570180606	131	0	0	131	0	0	0.0945197321035294	NA	NA	NA	2	2	4	NA	NA	NA	NA	0.681675804253924	0.99207938099869	C_ND	165	C_Z	1	0.03
PHB	17	47482540	SNV	Silent	p.I211I	+	G	A	SNP	0	39	4	4	35	4.43567406338282e-09	0	0.909901667268158	NA	NA	NA	0	5	5	NA	NA	NA	NA	0.629986082976331	0.985166413065394	37	0	0	37	0	0	0.504449308092796	NA	NA	NA	2	2	4	NA	NA	NA	NA	0.108745478388342	0.787542083552947	C_ND	166	C_Z	1	0.03
AP3B1	5	77511987	SNV	Nonsense_Mutation	p.Y226*	+	G	T	SNP	0	100	22	22	78	0	0	0.996044479744308	NA	NA	NA	2	2	4	NA	NA	NA	NA	0.996882547101	0.999989041980997	81	0	0	81	0	0	0.258022827127136	NA	NA	NA	2	2	4	NA	NA	NA	NA	0.457357195428043	0.958734642185748	C_ND	167	C_Z	1	0.03
MIPOL1	14	37969307	SNV	Missense_Mutation	p.R409K	+	G	A	SNP	0	88	43	43	45	0	0	0.999999998138886	4	3	2	2	3	5	0.0546208007583017	0.945352809897967	8.23971581555228e-14	2.63893436483987e-05	0.980850099433504	0.999874827559072	84	0	0	84	0	0	0.244283023844575	NA	NA	NA	2	2	4	NA	NA	NA	NA	0.48191623234228	0.962843062953927	C_ND	168	C_Z	1	0.03
IFNGR1	6	137519596	SNV	Missense_Mutation	p.E348K	+	C	T	SNP	0	81	19	19	62	0.273742796756322	0	0.975585688917534	NA	NA	NA	0	2	2	NA	NA	NA	NA	0.998906787086191	0.999997447590819	90	0	0	90	0	0	0.218354851261296	NA	NA	NA	2	2	4	NA	NA	NA	NA	0.52918069576538	0.969801440191604	C_ND	169	C_Z	1	0.03
EPB41L3	18	5394696	SNV	Missense_Mutation	p.D1084N	+	C	T	SNP	0	105	5	5	100	0	0	0.477615867280669	NA	NA	NA	2	2	4	NA	NA	NA	NA	0.99731607392971	0.999993401358864	117	0	0	117	0	0	0.127111375851849	NA	NA	NA	2	2	4	NA	NA	NA	NA	0.635828811655398	0.987672344713053	S_ND	171	S_S	0.38	0.08
PPIE	1	40205913	SNV	Silent	p.Q36Q	+	G	A	SNP	0	74	10	10	64	0	0	0.943841267967024	NA	NA	NA	2	2	4	NA	NA	NA	NA	0.975581108519502	0.999832835450194	107	1	1	106	0	0	0.444806023571128	NA	NA	NA	2	2	4	NA	NA	NA	NA	0.614733947092985	0.982938010401616	C_S	174	C_Z	1	0.03
LAPTM5	1	31208044	SNV	Silent	p.K225K	+	C	T	SNP	0	277	14	14	263	0	0	0.00918756454767622	3	2	2	2	2	4	0.332449951601099	0.250328013772587	0.0922358771513486	0.324986157474966	0.999999972777578	0.999999999997713	283	0	0	283	0	0	0.00389827837791124	NA	NA	NA	2	2	4	NA	NA	NA	NA	0.968589265258449	0.9998630332946	S_ND	175	S_S	0.38	0.08
ADAMTS20	12	43896165	SNV	Missense_Mutation	p.S219R	+	G	T	SNP	0	140	36	36	104	0	0	0.999924568403897	NA	NA	NA	2	2	4	NA	NA	NA	NA	0.999608945927456	0.999999782332704	122	0	0	122	0	0	0.114447618452121	NA	NA	NA	2	2	4	NA	NA	NA	NA	0.650861129322245	0.989491325823378	C_ND	65	C_Z	1	0.03
PCDHGC3	5	140855789	SNV	Missense_Mutation	p.E36Q	+	G	C	SNP	0	112	4	4	108	0	0	0.21156993607664	NA	NA	NA	2	2	4	NA	NA	NA	NA	0.997891634825622	0.99999672795831	137	0	0	137	0	0	0.0830922250820205	NA	NA	NA	2	2	4	NA	NA	NA	NA	0.70339819836407	0.993418996987553	S_ND	40	S_S	0.38	0.08
SLU7	5	159835026	SNV	Missense_Mutation	p.R290I	+	C	A	SNP	0	268	68	68	200	0	0	0.999997287260023	NA	NA	NA	2	2	4	NA	NA	NA	NA	0.999999950342255	0.999999999995501	214	0	0	214	0	0	0.0157871351828148	NA	NA	NA	2	2	4	NA	NA	NA	NA	0.908701739474867	0.999254645580078	C_ND	106	C_Z	1	0.03
PCK1	20	56139286	SNV	Silent	p.V341V	+	G	A	SNP	0	48	4	4	44	0	0	0.431249859474178	4	3	2	2	3	5	0.493785563407182	0.275655931494062	0.09595279631186	0.134605708786896	0.764125191602327	0.994070165180976	109	0	0	109	0	0	0.247865861300637	NA	NA	NA	3	7	10	NA	NA	NA	NA	0.446316740048068	0.960707176084502	C_ND	57	C_Z	1	0.03
AKAP6	14	33243055	SNV	Missense_Mutation	p.V1182I	+	G	A	SNP	0	45	12	12	33	0	0	0.966804531595552	4	3	2	2	3	5	0.538631899976173	0.448484668512704	1.19104812687237e-05	0.0128715210298541	0.723614594341805	0.991967431987371	35	0	0	35	0	0	0.516676234321755	NA	NA	NA	2	2	4	NA	NA	NA	NA	0.0990355808691235	0.769989870831526	C_ND	133	C_Z	1	0.03
NLRP12	19	54297317	SNV	Missense_Mutation	p.D1058H	+	C	G	SNP	0	51	4	4	47	0	0	0.43550290018985	3	2	2	2	2	4	0.408911280581546	0.370577443810299	0.0348057162055376	0.185705559402617	0.867497570209771	0.997874828980724	50	0	0	50	0	0	0.425625335740063	NA	NA	NA	2	2	4	NA	NA	NA	NA	0.194142072583247	0.871780164582437	C_ND	119	C_Z	1	0.03
GPR158	10	25888080	SNV	Missense_Mutation	p.E1175D	+	G	T	SNP	0	22	8	8	14	0	0.723963986736145	0.952440690653223	0	1	2	1	2	3	0.928965956861106	0.0562033406713122	0.00558560411691888	0.00924509835066327	0.567046885271367	0.958161423085964	40	1	1	39	0	0	0.722036782713655	NA	NA	NA	2	2	4	NA	NA	NA	NA	0.125286049605456	0.811228985666	C_S	35	C_Z	1	0.03
SLC26A8	6	35918951	SNV	Missense_Mutation	p.E821K	+	C	T	SNP	0	123	22	22	101	5.76323623702691e-10	0	0.977730991796955	NA	NA	NA	0	4	4	NA	NA	NA	NA	0.998827434741919	0.999998891637765	151	0	0	151	0	0	0.0613594659542139	NA	NA	NA	2	2	4	NA	NA	NA	NA	0.753481470982983	0.995687966795345	C_ND	72	C_Z	1	0.03
DNAH6	2	84775538	SNV	Missense_Mutation	p.T438M	+	C	T	SNP	0	119	35	35	84	0	0	0.9999270729857	1	2	2	2	2	4	0.98054353305299	0.0180736105551386	6.7893164306454e-09	0.00138284960255508	0.998522437485968	0.99999836148485	129	0	0	129	0	0	0.098647258313913	NA	NA	NA	2	2	4	NA	NA	NA	NA	0.674565923888333	0.991570024356108	C_ND	113	C_Z	1	0.03
HPD	12	122281643	SNV	Missense_Mutation	p.K309N	+	C	G	SNP	0	21	4	4	17	0	0	0.948608431450688	NA	NA	NA	2	2	4	NA	NA	NA	NA	0.469544272596665	0.92774204868516	31	0	0	31	0	0	0.541092688702034	NA	NA	NA	2	2	4	NA	NA	NA	NA	0.0831373626746685	0.730037697013779	C_ND	136	C_Z	1	0.03
CROT	7	87027857	SNV	Missense_Mutation	p.S579L	+	C	T	SNP	0	147	7	7	140	0	0	0.327419064844923	NA	NA	NA	2	2	4	NA	NA	NA	NA	0.99975843725405	0.999999886926421	115	1	1	114	0	0	0.409680253101174	NA	NA	NA	2	2	4	NA	NA	NA	NA	0.630482900200638	0.986852522836977	S_S	18	S_S	0.38	0.08
MGAT4B	5	179226009	SNV	Missense_Mutation	p.R421H	+	C	T	SNP	0	89	20	20	69	0	0	0.995871245208688	NA	NA	NA	2	2	4	NA	NA	NA	NA	0.992487203436341	0.999965923216408	128	1	1	127	0	0	0.354337762593035	NA	NA	NA	2	2	4	NA	NA	NA	NA	0.671052907580373	0.991302259246783	C_S	70	C_Z	1	0.03
UPF3A	13	115051872	SNV	Missense_Mutation	p.D173N	+	G	A	SNP	0	92	4	4	88	0	0.000282585243294624	0.241236529539211	0	1	3	1	3	4	0.127815352792484	0.335639145281274	0.351406897145227	0.185138604781015	0.994084660997033	0.999975056820615	121	0	0	121	0	0	0.116885204482218	NA	NA	NA	2	2	4	NA	NA	NA	NA	0.647694354460017	0.989152000825755	C_ND	124	C_Z	1	0.03
OR6C74	12	55641450	SNV	Missense_Mutation	p.P127A	+	C	G	SNP	0	98	35	35	63	0	0	0.999998844355147	NA	NA	NA	2	2	4	NA	NA	NA	NA	0.996339953145128	0.999986557482438	106	1	1	105	0	0	0.449230083441411	NA	NA	NA	2	2	4	NA	NA	NA	NA	0.613583456656324	0.982366787911479	C_S	1	C_Z	1	0.03
SPAG7	17	4863391	SNV	Missense_Mutation	p.D115N	+	C	T	SNP	0	124	8	8	116	0	0	0.702709272561701	NA	NA	NA	2	2	4	NA	NA	NA	NA	0.998895785567845	0.999998994345704	212	1	1	211	0	0	0.107148797893394	NA	NA	NA	2	2	4	NA	NA	NA	NA	0.905604955459151	0.999214558148946	S_S	4	S_S	0.38	0.08
ZNF135	19	58578608	SNV	Silent	p.R264R	+	G	A	SNP	0	102	4	4	98	0	0	0.0256972044627282	3	2	2	2	2	4	0.271026117432988	0.188267288624634	0.275648947311893	0.265057646630485	0.997221198288014	0.99999105975749	92	1	1	91	0	0	0.511340240091015	NA	NA	NA	2	2	4	NA	NA	NA	NA	0.544331133471067	0.971798633695941	S_S	5	S_S	0.38	0.08
ADSS	1	244580971	SNV	Silent	p.L343L	+	G	A	SNP	0	131	34	34	97	0	0	0.270160374675786	5	4	2	2	5	7	0.00152094475384377	0.998473965623098	5.08959475055456e-06	2.83078964640339e-11	0.986338820700993	0.999968258996626	86	0	0	86	0	0	0.215214147747199	NA	NA	NA	1	2	3	NA	NA	NA	NA	0.531412768127158	0.97056340089975	C_ND	7	C_Z	1	0.03
KIF19	17	72340932	SNV	Missense_Mutation	p.Q205H	+	G	C	SNP	0	39	7	7	32	1.5833781842636e-06	0	0.966129564645385	NA	NA	NA	0	5	5	NA	NA	NA	NA	0.629986082976331	0.985166413065394	36	0	0	36	0	0	0.510563098885411	NA	NA	NA	2	2	4	NA	NA	NA	NA	0.103751977028626	0.778952885692354	C_ND	8	C_Z	1	0.03
ZSCAN32	16	3434730	SNV	Missense_Mutation	p.R321S	+	C	G	SNP	0	214	10	10	204	0	0	0.149370301082904	NA	NA	NA	2	2	4	NA	NA	NA	NA	0.999997943646308	0.99999999967913	217	1	1	216	0	0	0.0989259286448395	NA	NA	NA	2	2	4	NA	NA	NA	NA	0.913165361417856	0.999310714584468	S_S	9	S_S	0.38	0.08
SEZ6L	22	26773672	SNV	Silent	p.L992L	+	G	A	SNP	0	111	15	15	96	0	0	0.95065828848859	NA	NA	NA	2	2	4	NA	NA	NA	NA	0.997797869731963	0.999996385284404	105	0	0	105	0	0	0.162670145623069	NA	NA	NA	2	2	4	NA	NA	NA	NA	0.612658013385786	0.981774988246096	C_ND	10	C_Z	1	0.03
SPHKAP	2	228881923	SNV	Missense_Mutation	p.S1216T	+	C	G	SNP	0	61	10	10	51	0	0	0.95886160185538	NA	NA	NA	2	2	4	NA	NA	NA	NA	0.934802761170127	0.999307719954558	66	0	0	66	0	0	0.333958487843198	NA	NA	NA	2	2	4	NA	NA	NA	NA	0.32850446180896	0.929413379024443	C_ND	11	C_Z	1	0.03
CD96	3	111286476	SNV	Missense_Mutation	p.F175L	+	C	G	SNP	0	123	6	6	117	0	0	0.159633732514506	4	3	3	3	3	6	0.371920720023829	0.184309716846887	0.215467614729233	0.228301948400051	0.990760342171941	0.999980268820861	56	0	0	56	0	0	0.390266353505429	NA	NA	NA	2	2	4	NA	NA	NA	NA	0.242483965194019	0.897810071136299	S_ND	12	S_S	0.38	0.08
TTN	2	179645981	SNV	Silent	p.V1130V	+	C	T	SNP	0	48	6	6	42	0	0	0.721296847810713	1	2	2	2	2	4	0.521589274168571	0.366534791493154	0.00808306583489507	0.103792868503381	0.838023915875982	0.997009717267748	54	0	0	54	0	0	0.401944894944069	NA	NA	NA	2	2	4	NA	NA	NA	NA	0.22596449564108	0.889826985768053	C_ND	13	C_Z	1	0.03
PML	15	74315734	SNV	Missense_Mutation	p.I390V	+	A	G	SNP	0	28	7	7	21	0	0.24722127806991	0.871895385699028	0	1	2	1	2	3	0.661418741377426	0.281811860965914	0.000795033177046146	0.0559743644796144	0.631199734776625	0.981856446350697	35	0	0	35	0	0	0.516676234321755	NA	NA	NA	2	2	4	NA	NA	NA	NA	0.0990355808691235	0.769989870831526	C_ND	14	C_Z	1	0.03
CEP63	3	134277090	SNV	Missense_Mutation	p.S525C	+	C	G	SNP	0	189	13	13	176	0	0	0.297883448877819	4	3	2	2	3	5	0.490954756033934	0.151274643368274	0.237905796818895	0.119864803778897	0.999922954256201	0.999999973378205	138	0	0	138	0	0	0.081320260716218	NA	NA	NA	2	2	4	NA	NA	NA	NA	0.707040670976246	0.993617562176888	C_ND	15	C_Z	1	0.03
ARHGEF15	17	8216491	SNV	Missense_Mutation	p.R285C	+	C	T	SNP	0	39	14	14	25	0	0	0.999424290626314	NA	NA	NA	2	2	4	NA	NA	NA	NA	0.718296689880588	0.991548659060235	43	0	0	43	0	0	0.467839442776715	NA	NA	NA	2	2	4	NA	NA	NA	NA	0.143946931300299	0.832104521150379	C_ND	17	C_Z	1	0.03
HOXC10	12	54379641	SNV	Missense_Mutation	p.E200Q	+	G	C	SNP	0	60	8	8	52	0	0	0.93859461590991	NA	NA	NA	2	2	4	NA	NA	NA	NA	0.929854744981198	0.999226432930057	79	0	0	79	0	0	0.267463892318486	NA	NA	NA	2	2	4	NA	NA	NA	NA	0.440684912981191	0.955726360143428	C_ND	20	C_Z	1	0.03
ZMYM4	1	35824642	SNV	Missense_Mutation	p.D68H	+	G	C	SNP	0	94	12	12	82	0	0	0.942279854524605	NA	NA	NA	2	2	4	NA	NA	NA	NA	0.994958116575366	0.999979719092141	117	0	0	117	0	0	0.127111375851849	NA	NA	NA	2	2	4	NA	NA	NA	NA	0.635828811655398	0.987672344713053	C_ND	21	C_Z	1	0.03
ARHGEF11	1	156907073	SNV	Missense_Mutation	p.E1430K	+	C	T	SNP	0	68	4	4	64	0	0	0.321536729736231	5	4	2	2	4	6	0.441792958784504	0.256603320460292	0.098775481440459	0.202828239314745	0.886304479176288	0.998256821826312	59	0	0	59	0	0	0.37298465073617	NA	NA	NA	2	2	4	NA	NA	NA	NA	0.267827213521663	0.908642783216112	C_ND	22	C_Z	1	0.03
HIF1A	14	62212490	SNV	Missense_Mutation	p.E762K	+	G	A	SNP	0	160	21	21	139	0	0	0.683870818644247	4	3	2	2	3	5	0.616551307129094	0.356125371997298	1.73930229754791e-05	0.0273059278506332	0.999542581353925	0.9999997434043	74	0	0	74	0	0	0.292020729215925	NA	NA	NA	2	2	4	NA	NA	NA	NA	0.398135047359041	0.947126080675777	C_ND	23	C_Z	1	0.03
SPOPL	2	139316726	SNV	Silent	p.F205F	+	C	T	SNP	0	165	5	5	160	0	0	0.00387791782336977	1	2	2	2	2	4	0.176314122226541	0.205236439994171	0.416960813241489	0.2014886245378	0.999932246904096	0.999999978181236	238	1	1	237	0	0	0.070452179076954	NA	NA	NA	2	2	4	NA	NA	NA	NA	0.938987808133258	0.99959639550684	S_S	24	S_S	0.38	0.08
MARK2	11	63676518	SNV	Missense_Mutation	p.E726K	+	G	A	SNP	0	44	15	15	29	0	0	0.99946172370712	NA	NA	NA	2	2	4	NA	NA	NA	NA	0.790700497806032	0.995267616216113	28	0	0	28	0	0	0.559327711349882	NA	NA	NA	2	2	4	NA	NA	NA	NA	0.0745855804846642	0.695202230955135	C_ND	25	C_Z	1	0.03
OSBPL8	12	76786446	SNV	Missense_Mutation	p.D282N	+	C	T	SNP	0	72	4	4	68	0	0	0.698513634288222	NA	NA	NA	2	2	4	NA	NA	NA	NA	0.971510717088888	0.999792537387919	63	0	0	63	0	0	0.350442944619335	NA	NA	NA	2	2	4	NA	NA	NA	NA	0.302336628077169	0.921209856355871	S_ND	27	S_S	0.38	0.08
SLC35B4	7	133984347	SNV	Missense_Mutation	p.A201T	+	C	T	SNP	0	50	4	4	46	0	0	0.855268079702004	NA	NA	NA	2	2	4	NA	NA	NA	NA	0.858219117731925	0.997619219199524	50	0	0	50	0	0	0.425625335740063	NA	NA	NA	2	2	4	NA	NA	NA	NA	0.194142072583247	0.871780164582437	C_ND	28	C_Z	1	0.03
PCDHAC1	5	140307118	SNV	Nonsense_Mutation	p.S214*	+	C	G	SNP	0	41	6	6	35	0	0	0.94048149412166	NA	NA	NA	2	2	4	NA	NA	NA	NA	0.748967001475452	0.993303744309684	37	0	0	37	0	0	0.504449308092796	NA	NA	NA	2	2	4	NA	NA	NA	NA	0.108745478388342	0.787542083552947	C_ND	31	C_Z	1	0.03
JSRP1	19	2252675	SNV	Missense_Mutation	p.E217K	+	C	T	SNP	0	57	9	9	48	0	0	0.944266499860403	NA	NA	NA	1	2	3	NA	NA	NA	NA	0.955508497564327	0.999622514683826	116	0	0	116	0	0	0.129789885312398	NA	NA	NA	2	2	4	NA	NA	NA	NA	0.633100140322168	0.987269515052594	C_ND	32	C_Z	1	0.03
ZNF530	19	58117105	SNV	Missense_Mutation	p.S71C	+	C	G	SNP	0	75	10	10	65	0	0	0.732466930623166	3	2	2	2	2	4	0.420850530795017	0.516093473776504	0.000145107210512824	0.0629108882179667	0.977400205300593	0.999849893401886	56	0	0	56	0	0	0.390266353505429	NA	NA	NA	2	2	4	NA	NA	NA	NA	0.242483965194019	0.897810071136299	C_ND	33	C_Z	1	0.03
SLC26A8	6	35918970	SNV	Silent	p.V814V	+	C	T	SNP	0	130	21	21	109	1.36820858336065e-11	0	0.967200187003354	NA	NA	NA	0	4	4	NA	NA	NA	NA	0.999240995841017	0.999999436644417	161	0	0	161	0	0	0.0493612196602549	NA	NA	NA	2	2	4	NA	NA	NA	NA	0.786642225789839	0.996786837556313	C_ND	34	C_Z	1	0.03
TTC8	14	89323534	SNV	Splice_Site	p.R263S	+	G	T	SNP	0	137	34	34	103	0	0	0.99794129363103	4	3	2	2	3	5	0.305866732409299	0.69317619360216	8.46335496296777e-10	0.000957073142205263	0.99821547177743	0.999998311533494	102	0	0	102	0	0	0.172776261136996	NA	NA	NA	2	2	4	NA	NA	NA	NA	0.61138430616518	0.979868022888358	C_ND	36	C_Z	1	0.03
NLRP11	19	56297101	SNV	Nonsense_Mutation	p.Q998*	+	G	A	SNP	0	68	14	14	54	0	0	0.896609925488143	3	2	2	2	2	4	0.301175670025054	0.683993279432638	7.83503380080283e-07	0.0148302670389277	0.961336605001372	0.999679541917053	46	0	0	46	0	0	0.435080146331102	NA	NA	NA	1	2	3	NA	NA	NA	NA	0.18199391021686	0.863728361784754	C_ND	37	C_Z	1	0.03
NAA15	4	140281771	SNV	Missense_Mutation	p.E510K	+	G	A	SNP	0	72	4	4	68	0	0	0.0712017111514249	3	2	1	1	2	3	0.2938800847473	0.146190365216423	0.315392427590116	0.244537122446161	0.988565103263256	0.999943731347612	74	0	0	74	0	0	0.292020729215925	NA	NA	NA	2	2	4	NA	NA	NA	NA	0.398135047359041	0.947126080675777	S_ND	38	S_S	0.38	0.08
RPS2	16	2013219	SNV	Silent	p.L102L	+	G	C	SNP	0	15	3	3	12	0	0	0.942679339438887	NA	NA	NA	2	2	4	NA	NA	NA	NA	0.269698901158432	0.849073186657692	11	0	0	11	0	0	0.659828589787806	NA	NA	NA	2	2	4	NA	NA	NA	NA	0.0124312182155318	0.380707805485908	C_ND	39	C_Z	1	0.03
PRRG4	11	32852133	SNV	Missense_Mutation	p.H20Y	+	C	T	SNP	0	217	14	14	203	0	0	0.573323900896908	NA	NA	NA	2	2	4	NA	NA	NA	NA	0.999998335563466	0.999999999749352	226	1	1	225	0	0	0.0855906010472657	NA	NA	NA	2	2	4	NA	NA	NA	NA	0.925328671714117	0.999453410471809	S_S	41	S_S	0.38	0.08
PHIP	6	79655043	SNV	Missense_Mutation	p.S1601L	+	G	A	SNP	0	161	28	28	133	0	0	0.977303351809143	NA	NA	NA	2	2	4	NA	NA	NA	NA	0.999909907918568	0.999999968698139	147	0	0	147	0	0	0.0669288655002866	NA	NA	NA	2	2	4	NA	NA	NA	NA	0.739486025435009	0.995140811930584	C_ND	42	C_Z	1	0.03
EHF	11	34668024	SNV	Missense_Mutation	p.H46Y	+	C	T	SNP	0	201	12	12	189	0	0	0.485167747422453	NA	NA	NA	2	2	4	NA	NA	NA	NA	0.999994833581739	0.9999999990506	136	1	1	135	0	0	0.321889093203277	NA	NA	NA	2	2	4	NA	NA	NA	NA	0.699756994070728	0.993213785973778	S_S	44	S_S	0.38	0.08
ACTL9	19	8808041	SNV	Silent	p.N337N	+	G	A	SNP	0	30	4	4	26	0	0	0.912576973256366	NA	NA	NA	1	2	3	NA	NA	NA	NA	0.664541292609565	0.986229328669315	47	0	0	47	0	0	0.443619117825112	NA	NA	NA	2	2	4	NA	NA	NA	NA	0.171634559809773	0.856169579659345	C_ND	45	C_Z	1	0.03
WRAP53	17	7604086	SNV	Missense_Mutation	p.D224H	+	G	C	SNP	0	118	18	18	100	0	0	0.961669182599153	NA	NA	NA	2	2	4	NA	NA	NA	NA	0.998438652720692	0.999998192395185	106	0	0	106	0	0	0.159412858075379	NA	NA	NA	2	2	4	NA	NA	NA	NA	0.613583456656324	0.982366787911479	C_ND	47	C_Z	1	0.03
NLRP8	19	56466880	SNV	Missense_Mutation	p.A486T	+	G	A	SNP	0	54	23	23	31	0	0	0.999893822235167	3	2	2	2	2	4	0.0901089196200363	0.909182306736128	1.920186018074e-11	0.000708773624634428	0.892272809944268	0.998486108964	65	1	1	64	0	0	0.626742626063038	NA	NA	NA	2	2	4	NA	NA	NA	NA	0.319767981544418	0.926785661106213	C_S	48	C_Z	1	0.03
DOT1L	19	2216489	SNV	Silent	p.L711L	+	C	G	SNP	0	42	3	3	39	0	0	0.788600863119626	NA	NA	NA	1	2	3	NA	NA	NA	NA	0.846711465689778	0.997293614548614	67	0	0	67	0	0	0.328550541979096	NA	NA	NA	2	2	4	NA	NA	NA	NA	0.33724656924711	0.931940135195146	C_ND	51	C_Z	1	0.03
EVX2	2	176947159	SNV	Missense_Mutation	p.S149L	+	G	A	SNP	0	43	8	8	35	0	0	0.851530927372804	1	2	2	2	2	4	0.664830344880997	0.278982761433979	0.000715472266694888	0.055471421418329	0.777380363708311	0.994688551850064	63	0	0	63	0	0	0.350442944619335	NA	NA	NA	2	2	4	NA	NA	NA	NA	0.302336628077169	0.921209856355871	C_ND	52	C_Z	1	0.03
DIO3	14	102028321	SNV	Missense_Mutation	p.L137H	+	T	A	SNP	0	50	9	9	41	0	0	0.721512738402	3	2	3	2	3	5	0.219746193066014	0.756356626925177	0.0169188338218664	0.00697834618694217	0.788588598783838	0.995150778385105	36	0	0	36	0	0	0.510563098885411	NA	NA	NA	2	2	4	NA	NA	NA	NA	0.103751977028626	0.778952885692354	C_ND	53	C_Z	1	0.03
LRRC15	3	194081248	SNV	Silent	p.L175L	+	G	A	SNP	0	217	8	8	209	0	0	0.0041341529269826	3	2	3	2	3	5	0.185759319116915	0.060983217162612	0.485058669113009	0.268198794607464	0.999986180926961	0.99999999668058	179	0	0	179	0	0	0.0333834307997399	NA	NA	NA	2	2	4	NA	NA	NA	NA	0.838237585142962	0.998078202760988	S_ND	54	S_S	0.38	0.08
TMEM168	7	112424347	SNV	Silent	p.L178L	+	C	G	SNP	0	59	7	7	52	0	0	0.925056593042762	NA	NA	NA	2	2	4	NA	NA	NA	NA	0.924563768480687	0.999135384895799	63	0	0	63	0	0	0.350442944619335	NA	NA	NA	2	2	4	NA	NA	NA	NA	0.302336628077169	0.921209856355871	C_ND	55	C_Z	1	0.03
FBXW7	4	153249385	SNV	Missense_Mutation	p.R465C	+	G	A	SNP	0	247	115	115	132	0	0	0.99999999998275	3	2	1	1	2	3	5.43861605450736e-06	0.999994561150811	5.38867376907686e-22	2.33134564943444e-10	0.999999991505731	0.999999999999459	116	0	0	116	0	0	0.129789885312398	NA	NA	NA	2	2	4	NA	NA	NA	NA	0.633100140322168	0.987269515052594	C_ND	59	C_Z	1	0.03
VPS45	1	150044254	SNV	Missense_Mutation	p.Q84E	+	C	G	SNP	0	578	56	56	522	0	0	0.940749902214967	NA	NA	NA	2	3	5	NA	NA	NA	NA	0.999999999998879	1	389	2	2	387	0	0	0.0255923229612386	NA	NA	NA	2	2	4	NA	NA	NA	NA	0.989755796659181	0.999985576963834	C_S	61	C_Z	1	0.03
HSD17B6	12	57181026	SNV	Nonsense_Mutation	p.W285*	+	G	A	SNP	0	42	4	4	38	0	0	0.887906916135993	NA	NA	NA	2	2	4	NA	NA	NA	NA	0.763465710956678	0.994037018632748	39	0	0	39	0	0	0.4922258709724	NA	NA	NA	2	2	4	NA	NA	NA	NA	0.119522904295395	0.80366467976893	C_ND	62	C_Z	1	0.03
ACOX1	17	73975052	SNV	Missense_Mutation	p.E35K	+	C	T	SNP	0	116	7	7	109	9.89132253637131e-23	0	0.765871586753468	NA	NA	NA	0	5	5	NA	NA	NA	NA	0.994758750257627	0.999989847610608	177	0	0	177	0	0	0.0348620041257012	NA	NA	NA	2	2	4	NA	NA	NA	NA	0.833048747604719	0.997967180458295	C_ND	63	C_Z	1	0.03
RGPD3	2	107049701	SNV	Missense_Mutation	p.S749L	+	G	A	SNP	0	361	65	65	296	0	0	0.945345539985383	1	2	2	2	2	4	0.890153501411593	0.101666512446533	9.57780732307921e-12	0.00817998613229641	0.999999999441522	0.999999999999994	276	0	0	276	0	0	0.00446881531489263	NA	NA	NA	2	2	4	NA	NA	NA	NA	0.967828169243455	0.999838852160044	C_ND	64	C_Z	1	0.03
SCYL3	1	169823861	SNV	Silent	p.C519C	+	G	A	SNP	0	242	6	6	236	0	0	0.0761831165271689	NA	NA	NA	2	5	7	NA	NA	NA	NA	0.999920766497283	0.999999968405287	118	0	0	118	0	0	0.124482247280631	NA	NA	NA	2	2	4	NA	NA	NA	NA	0.638660426443123	0.988061524506636	S_ND	66	S_S	0.38	0.08
OR5M3	11	56237625	SNV	Missense_Mutation	p.A117T	+	C	T	SNP	0	90	33	33	57	0	0	0.999998573483873	NA	NA	NA	2	2	4	NA	NA	NA	NA	0.993062037560899	0.999969296036073	84	0	0	84	0	0	0.281008593675408	NA	NA	NA	3	3	6	NA	NA	NA	NA	0.421911487970153	0.950866430290362	C_ND	67	C_Z	1	0.03
IMPA1	8	82571642	SNV	Missense_Mutation	p.E260K	+	C	T	SNP	85	115	11	11	104	0	0.0225051270197567	0.579548306056315	0	1	2	1	2	3	0.370675959965008	0.441338626328539	0.0363922140075372	0.151593199698916	0.99958669658978	0.999999665579734	169	1	1	168	0	0	0.206659896757912	NA	NA	NA	2	2	4	NA	NA	NA	NA	0.810927556345065	0.9974491718511	C_S	68	C_Z	1	0.03
CCDC129	7	31682941	SNV	Missense_Mutation	p.A653T	+	G	A	SNP	0	35	11	11	24	0	0	0.996887929601446	NA	NA	NA	2	2	4	NA	NA	NA	NA	0.651370885314103	0.98649313944862	31	0	0	31	0	0	0.541092688702034	NA	NA	NA	2	2	4	NA	NA	NA	NA	0.0831373626746685	0.730037697013779	C_ND	71	C_Z	1	0.03
TTC40	10	134751142	SNV	Missense_Mutation	p.E0K	+	C	T	SNP	0	110	14	14	96	0	0	0.499609377605073	1	2	1	1	1	2	0.667004078837614	0.0702937837756916	0.246023804448233	0.0166783329384618	0.999927224133277	0.999999955986434	133	0	0	133	0	0	0.0905547814477652	NA	NA	NA	2	2	4	NA	NA	NA	NA	0.688870316398952	0.9925558503671	C_ND	75	C_Z	1	0.03
SLC38A6	14	61518841	SNV	Missense_Mutation	p.W426C	+	G	C	SNP	0	138	10	10	128	0	0	0.342982152327786	4	3	2	2	3	5	0.486070811983282	0.299961153328468	0.0199151782507928	0.194052856437458	0.99831414915797	0.999998446982252	98	0	0	98	0	0	0.187043981477143	NA	NA	NA	2	2	4	NA	NA	NA	NA	0.587822773402066	0.976985244276037	C_ND	76	C_Z	1	0.03
TRIM67	1	231299721	SNV	Missense_Mutation	p.E336K	+	G	A	SNP	0	13	5	5	8	0	0	0.299711684017157	5	4	2	2	5	7	0.205947860372645	0.759961574530119	0.033705629520084	0.000384935577151228	0.10259682465786	0.690345480254082	14	0	0	14	0	0	0.642553110309802	NA	NA	NA	2	2	4	NA	NA	NA	NA	0.0238246805835335	0.455012263460982	C_ND	78	C_Z	1	0.03
PPP1R3A	7	113518789	SNV	Silent	p.T786T	+	G	A	SNP	0	104	21	21	83	0	0	0.990130097160181	NA	NA	NA	2	2	4	NA	NA	NA	NA	0.997267009629317	0.999992699890786	73	1	1	72	0	0	0.59364551609761	NA	NA	NA	2	2	4	NA	NA	NA	NA	0.38950489161962	0.945199823546422	C_S	79	C_Z	1	0.03
SCN11A	3	38904709	SNV	Missense_Mutation	p.Q1345E	+	G	C	SNP	0	40	10	10	30	0.322633620820511	0	0.971243187996218	NA	NA	NA	0	2	2	NA	NA	NA	NA	0.902240523756446	0.998736993335702	70	0	0	70	0	0	0.312602880883375	NA	NA	NA	2	2	4	NA	NA	NA	NA	0.363449079265179	0.93895507701826	C_ND	81	C_Z	1	0.03
ZNF397	18	32822513	SNV	Missense_Mutation	p.E27Q	+	G	C	SNP	0	180	13	13	167	0	0	0.208598054233012	3	2	2	2	2	4	0.415481857438184	0.31905413010014	0.0163196545980195	0.249144357863655	0.999976835666774	0.999999994231659	149	1	1	148	0	0	0.272608202587859	NA	NA	NA	2	2	4	NA	NA	NA	NA	0.746527783243731	0.995423156319256	S_S	82	S_S	0.38	0.08
RSAD2	2	7030361	SNV	Missense_Mutation	p.E265K	+	G	A	SNP	0	118	10	10	108	0	0	0.862134777043292	NA	NA	NA	2	2	4	NA	NA	NA	NA	0.998438652720692	0.999998192395185	114	0	0	114	0	0	0.135297359894815	NA	NA	NA	2	2	4	NA	NA	NA	NA	0.627986028414902	0.986420834840424	C_ND	83	C_Z	1	0.03
AHNAK	11	62298511	SNV	Missense_Mutation	p.I1126M	+	T	C	SNP	0	263	9	9	254	0	0	0.00798753124639451	NA	NA	NA	2	2	4	NA	NA	NA	NA	0.999999930454482	0.999999999993421	229	2	2	227	0	0	0.216253939375223	NA	NA	NA	2	2	4	NA	NA	NA	NA	0.929001683336328	0.999493640074869	S_S	84	S_S	0.38	0.08
KLRG2	7	139164900	SNV	Missense_Mutation	p.S284L	+	G	A	SNP	0	36	4	4	32	0	0	0.907381540889255	NA	NA	NA	2	2	4	NA	NA	NA	NA	0.668656825077604	0.987992140788791	33	0	0	33	0	0	0.528894575768965	NA	NA	NA	2	2	4	NA	NA	NA	NA	0.0904738731885631	0.75087179191997	C_ND	85	C_Z	1	0.03
TRAF6	11	36514106	SNV	Missense_Mutation	p.E251K	+	C	T	SNP	0	170	6	6	164	0	0	0.0615484311418113	NA	NA	NA	2	2	4	NA	NA	NA	NA	0.999952598781548	0.999999986052305	97	0	0	97	0	0	0.190754428601061	NA	NA	NA	2	2	4	NA	NA	NA	NA	0.580783677181428	0.97619731588156	S_ND	86	S_S	0.38	0.08
EGF	4	110909805	SNV	Missense_Mutation	p.E892K	+	G	A	SNP	0	234	59	59	175	0	0.967086828819532	0.998664411686317	0	1	2	1	2	3	0.987085498311897	0.0120397324409678	2.60622447347476e-08	0.000874743184890899	0.999999975687144	0.999999999998236	97	0	0	97	0	0	0.190754428601061	NA	NA	NA	2	2	4	NA	NA	NA	NA	0.580783677181428	0.97619731588156	C_ND	87	C_Z	1	0.03
RP11-697E2.6	15	90800390	SNV	Missense_Mutation	p.F146L	+	C	G	SNP	0	40	4	4	36	0	0.0245914420203043	0.569383189208793	0	1	2	1	2	3	0.401920652668851	0.389765705271867	0.048184787058674	0.160128855000608	0.822179390181857	0.996462105305789	48	0	0	48	0	0	0.437602157286354	NA	NA	NA	2	2	4	NA	NA	NA	NA	0.178988123414302	0.861588510358094	C_ND	88	C_Z	1	0.03
TYRP1	9	12709147	SNV	Missense_Mutation	p.E527Q	+	G	C	SNP	0	196	55	55	141	0	0	0.985678284024207	3	2	2	2	3	5	0.0001369803251436	0.999862917269783	9.38011206450779e-08	8.60395182056539e-09	0.999949942783725	0.999999984327436	117	1	1	116	0	0	0.401000085301388	NA	NA	NA	2	2	4	NA	NA	NA	NA	0.635828811655398	0.987672344713053	C_S	90	C_Z	1	0.03
ARID2	12	46245645	SNV	Missense_Mutation	p.E1247Q	+	G	C	SNP	0	55	4	4	51	0	0	0.829483568138035	NA	NA	NA	2	2	4	NA	NA	NA	NA	0.899576709078292	0.998647245729332	61	0	0	61	0	0	0.361637722271994	NA	NA	NA	2	2	4	NA	NA	NA	NA	0.28500441767797	0.915175722097031	C_ND	92	C_Z	1	0.03
POLR3B	12	106848300	SNV	Nonsense_Mutation	p.R702*	+	C	T	SNP	0	75	21	21	54	0	0	0.999573419760104	NA	NA	NA	2	2	4	NA	NA	NA	NA	0.977400205300593	0.999849893401886	51	0	0	51	0	0	0.419668693186352	NA	NA	NA	2	2	4	NA	NA	NA	NA	0.201922706821003	0.876571238397982	C_ND	93	C_Z	1	0.03
SEMG2	20	43850898	SNV	Missense_Mutation	p.E209K	+	G	A	SNP	0	90	34	34	56	0	0	0.999976471015819	4	3	2	2	3	5	0.0367529016488666	0.96321438825807	2.7160678914172e-09	3.27073769963974e-05	0.983275657904222	0.999895893313211	60	1	1	59	0	0	0.646817892524185	NA	NA	NA	2	2	4	NA	NA	NA	NA	0.276392793595593	0.911974277998233	C_S	94	C_Z	1	0.03
CALR3	19	16594830	SNV	Missense_Mutation	p.E197Q	+	C	G	SNP	0	42	10	10	32	0	0.280633477782169	0.892931411479749	0	1	2	1	2	3	0.736769299594658	0.2247295102476	0.00034399416262241	0.0381571959951199	0.846711465689778	0.997293614548614	44	0	0	44	0	0	0.461764741543737	NA	NA	NA	2	2	4	NA	NA	NA	NA	0.150589150678942	0.838500818204452	C_ND	95	C_Z	1	0.03
POTEF	2	130832731	SNV	Nonsense_Mutation	p.E772*	+	C	A	SNP	0	88	19	19	69	0	0	0.968324105080256	1	2	2	2	2	4	0.7791235408267	0.197429933804198	1.23922921440757e-07	0.0234464014461807	0.991865510947203	0.999962171553783	53	0	0	53	0	0	0.407826903619825	NA	NA	NA	2	2	4	NA	NA	NA	NA	0.217843238831175	0.885586667686731	C_ND	96	C_Z	1	0.03
SLC2A4RG	20	62373397	SNV	Silent	p.L189L	+	G	A	SNP	0	45	18	18	27	0	0	0.99606984361533	4	3	2	2	3	5	0.0462033838519503	0.953704085061438	2.80155726056576e-05	6.45155140063536e-05	0.723614594341805	0.991967431987371	45	0	0	45	0	0	0.455702036127614	NA	NA	NA	2	2	4	NA	NA	NA	NA	0.157424776763325	0.844636293577443	C_ND	97	C_Z	1	0.03
GABRA6	5	161113996	SNV	Missense_Mutation	p.S71L	+	C	T	SNP	0	56	8	8	48	0	0	0.944234570102936	NA	NA	NA	2	2	4	NA	NA	NA	NA	0.906437264646581	0.998790921815324	86	0	0	86	0	0	0.235408750800646	NA	NA	NA	2	2	4	NA	NA	NA	NA	0.497959668912012	0.965336726115992	C_ND	98	C_Z	1	0.03
PTPRO	12	15656930	SNV	Silent	p.V398V	+	G	A	SNP	0	128	21	21	107	0	0	0.968839206624436	NA	NA	NA	2	2	4	NA	NA	NA	NA	0.999137855885779	0.999999317121302	112	0	0	112	0	0	0.141009188838738	NA	NA	NA	2	2	4	NA	NA	NA	NA	0.623391514056549	0.985511130628922	C_ND	100	C_Z	1	0.03
ZNF160	19	53572273	SNV	Missense_Mutation	p.G505A	+	C	G	SNP	0	116	20	20	96	0	0	0.855916625292927	3	2	2	2	2	4	0.31567147671661	0.670019727156081	1.43080991470485e-07	0.0143086530463178	0.998263243898472	0.999997798772574	148	0	0	148	0	0	0.0654917238857678	NA	NA	NA	2	2	4	NA	NA	NA	NA	0.743017267449507	0.995284251601599	C_ND	102	C_Z	1	0.03
HIF1A	14	62212495	SNV	Silent	p.Q763Q	+	G	A	SNP	0	156	20	20	136	0	0	0.680022129001299	4	3	2	2	3	5	0.618667403118837	0.350106207499943	2.8055668918766e-05	0.0311983337123008	0.999417115077398	0.999999645960172	74	0	0	74	0	0	0.292020729215925	NA	NA	NA	2	2	4	NA	NA	NA	NA	0.398135047359041	0.947126080675777	C_ND	104	C_Z	1	0.03
A1CF	10	52610443	SNV	Silent	p.L25L	+	C	T	SNP	0	99	20	20	79	0	0	0.968911333137318	NA	NA	NA	1	1	2	NA	NA	NA	NA	0.999865614219509	0.99999980060167	199	0	0	199	0	0	0.0217056032472299	NA	NA	NA	2	2	4	NA	NA	NA	NA	0.882927510657043	0.998890399536452	C_ND	105	C_Z	1	0.03
SLC9A1	1	27428887	SNV	Silent	p.T603T	+	G	A	SNP	0	93	4	4	89	0	0	0.0463338192346863	3	2	2	2	2	4	0.285609722549163	0.192315942942976	0.258234693477171	0.26383964103069	0.994538626544322	0.99997751087688	78	1	1	77	0	0	0.572416403108736	NA	NA	NA	2	2	4	NA	NA	NA	NA	0.432267562601056	0.954134684563989	S_S	107	S_S	0.38	0.08
IFNGR2	21	34793885	SNV	Missense_Mutation	p.S102L	+	C	T	SNP	0	87	24	24	63	0	0	0.971206657357442	3	2	1	1	2	3	0.0973379547798933	0.901811587372699	2.92996851536654e-08	0.000850428547722376	0.997211483658621	0.999991075100445	82	0	0	82	0	0	0.253386231263054	NA	NA	NA	2	2	4	NA	NA	NA	NA	0.465606171015078	0.960155832956632	C_ND	108	C_Z	1	0.03
PROKR2	20	5294818	SNV	Silent	p.V66V	+	G	C	SNP	0	74	5	5	69	0	0	0.292300520029489	4	3	2	2	4	6	0.477331254480959	0.0737539040932077	0.388164342206851	0.0607504992189823	0.918321108156628	0.998957753127769	53	0	0	53	0	0	0.407826903619825	NA	NA	NA	2	2	4	NA	NA	NA	NA	0.217843238831175	0.885586667686731	C_ND	109	C_Z	1	0.03
PRF1	10	72358119	SNV	Missense_Mutation	p.V453E	+	A	T	SNP	0	42	5	5	37	0	0.0253387683909044	0.640632457131014	0	1	2	1	2	3	0.467358774222923	0.372262747752394	0.0380029236561756	0.122375554368507	0.846711465689778	0.997293614548614	41	0	0	41	0	0	0.480018349732012	NA	NA	NA	2	2	4	NA	NA	NA	NA	0.131284813702509	0.818481365620119	C_ND	111	C_Z	1	0.03
PLAA	9	26919399	SNV	Missense_Mutation	p.M442I	+	C	G	SNP	0	235	5	5	230	0	0	2.92722745326435e-05	4	3	2	2	3	5	0.0777472936083039	0.0171917938510662	0.587863726995522	0.317197185545108	0.999995356211473	0.999999999084474	193	0	0	193	0	0	0.0246822234154159	NA	NA	NA	2	2	4	NA	NA	NA	NA	0.870844503699545	0.998694654873907	S_ND	112	S_S	0.38	0.08
TRPC3	4	122853718	SNV	Missense_Mutation	p.P147L	+	G	A	SNP	0	40	17	17	23	0	0	0.996876541279004	3	2	1	1	2	3	0.060889900917812	0.938819100728322	9.51693485931725e-08	0.00029090318451707	0.822179390181857	0.996462105305789	40	0	0	40	0	0	0.486119332609319	NA	NA	NA	2	2	4	NA	NA	NA	NA	0.125286049605456	0.811228985666	C_ND	114	C_Z	1	0.03
EPPK1	8	144940966	SNV	Silent	p.Q2152Q	+	C	T	SNP	0	71	7	7	64	0	0.0329581442656945	0.56068273119574	0	1	2	1	2	3	0.391840895518731	0.379463729776857	0.0930292961821628	0.135666078522249	0.987454331807893	0.999936244670975	95	0	0	95	0	0	0.198349067709711	NA	NA	NA	2	2	4	NA	NA	NA	NA	0.566451713139166	0.974533234039675	C_ND	115	C_Z	1	0.03
CCNL1	3	156869993	SNV	Missense_Mutation	p.R216H	+	C	T	SNP	0	250	7	7	243	0	0	0.000146161851085624	3	2	3	3	3	6	0.0638321674495904	0.0025786000156237	0.548964846447368	0.384624386087418	0.999987672575485	0.999999996839089	168	1	1	167	0	0	0.209654248510628	NA	NA	NA	2	2	4	NA	NA	NA	NA	0.80800881680325	0.997375055016057	S_S	116	S_S	0.38	0.08
AHNAK	11	62292388	SNV	Silent	p.G3167G	+	A	G	SNP	0	395	2	2	393	0	0	2.21691109913991e-10	NA	NA	NA	2	2	4	NA	NA	NA	NA	0.999999999915913	0.999999999999999	368	7	7	361	0	0	0.507901903617191	NA	NA	NA	2	2	4	NA	NA	NA	NA	0.986504272264977	0.999978105803735	S_C	118	Z_C	0.04	1
ZNF578	19	53014467	SNV	Missense_Mutation	p.R53H	+	G	A	SNP	0	109	1	1	108	0	0	1.51991733398082e-05	3	2	2	2	2	4	0.0718879205204034	0.0227159025338514	0.75522285312989	0.150173323815856	0.99761578892037	0.999995585846906	84	5	5	79	0	0	0.873086588829143	NA	NA	NA	2	2	4	NA	NA	NA	NA	0.48191623234228	0.962843062953927	S_C	120	Z_C	0.04	1
FNDC3B	3	172025284	SNV	Missense_Mutation	p.Q398R	+	A	G	SNP	0	108	0	0	108	0	0	3.17290806972625e-06	4	3	2	2	3	5	0.0232916220563354	0.00853178032773161	0.655037725451187	0.313138872164746	0.993021656152288	0.999979491014889	55	4	4	51	0	0	0.883639631304178	NA	NA	NA	2	2	4	NA	NA	NA	NA	0.234180999812443	0.893899083484966	ND_C	121	Z_C	0.04	1
ZFP82	19	36884657	SNV	Silent	p.E195E	+	T	C	SNP	0	94	0	0	94	0	0	0.00154333377297577	NA	NA	NA	2	2	4	NA	NA	NA	NA	0.994958116575366	0.999979719092141	75	5	5	70	0	0	0.885625902099838	NA	NA	NA	2	2	4	NA	NA	NA	NA	0.406730346473499	0.948979849892297	ND_C	122	Z_C	0.04	1
FAM154B	15	82564058	SNV	Silent	p.S56S	+	G	A	SNP	0	104	0	0	104	0	0.0297791422814663	1.05723656965706e-05	0	1	2	1	2	3	0.0150468700182262	0.147326874441801	0.690324906560499	0.147301348979473	0.999311314000177	0.999998812114054	83	4	4	79	0	0	0.839056851996594	NA	NA	NA	2	2	4	NA	NA	NA	NA	0.47379336310573	0.961524620173593	ND_C	123	Z_C	0.04	1
SACS	13	23911703	SNV	Silent	p.G2104G	+	C	T	SNP	0	68	0	0	68	0	0	0.0161313006596271	NA	NA	NA	2	2	4	NA	NA	NA	NA	0.961336605001372	0.999679541917053	61	4	4	57	0	0	0.873863923466979	NA	NA	NA	2	2	4	NA	NA	NA	NA	0.28500441767797	0.915175722097031	ND_C	125	Z_C	0.04	1
ZNF273	7	64388516	SNV	Silent	p.A270A	+	C	T	SNP	0	102	0	0	102	0	0	0.000755629302355065	NA	NA	NA	2	2	4	NA	NA	NA	NA	0.997221198288014	0.99999105975749	82	5	5	77	0	0	0.875839737498601	NA	NA	NA	2	2	4	NA	NA	NA	NA	0.465606171015078	0.960155832956632	ND_C	127	Z_C	0.04	1
PFAS	17	8167890	SNV	Missense_Mutation	p.V674M	+	G	A	SNP	0	58	0	0	58	0	0	0.0393761018353639	NA	NA	NA	2	2	4	NA	NA	NA	NA	0.91891047351181	0.999033377639031	57	4	4	53	0	0	0.880362032983644	NA	NA	NA	2	2	4	NA	NA	NA	NA	0.25086483306902	0.901566740124743	ND_C	129	Z_C	0.04	1
HEPACAM	11	124794669	SNV	Missense_Mutation	p.D128N	+	C	T	SNP	0	96	0	0	96	3.79913662016902e-13	0	3.75167829762546e-05	NA	NA	NA	0	2	2	NA	NA	NA	NA	0.999809362132368	0.999999697092697	230	5	5	225	0	0	0.628769966469887	NA	NA	NA	2	2	4	NA	NA	NA	NA	0.930186237697249	0.999506333971301	ND_C	131	Z_C	0.04	1
FLT4	5	180057599	SNV	Missense_Mutation	p.R119H	+	C	T	SNP	0	25	0	0	25	0	0	0.437690281049161	NA	NA	NA	2	2	4	NA	NA	NA	NA	0.492456839244324	0.955510908628631	19	3	3	16	0	0	0.912181132229299	NA	NA	NA	2	2	4	NA	NA	NA	NA	0.0519244359055422	0.55841636765188	ND_C	132	Z_C	0.04	1
RTKN2	10	64022544	SNV	Nonsense_Mutation	p.R33*	+	G	A	SNP	0	95	1	1	94	0	0.0166658580272225	0.000655009796039496	0	1	2	1	2	3	0.0355575503120241	0.178797773540925	0.607932007066742	0.177712669080309	0.998698510006558	0.999996575884421	93	4	4	89	0	0	0.823287949143662	NA	NA	NA	2	2	4	NA	NA	NA	NA	0.551786453227322	0.972743640564206	S_C	134	Z_C	0.04	1
ZNF257	19	22271217	SNV	Missense_Mutation	p.T222I	+	C	T	SNP	0	82	2	2	80	0	0.0507758898758707	0.00668091714430386	0	1	2	1	2	3	0.102868200841477	0.184492614533264	0.537023762426087	0.175615422199171	0.99552153476466	0.999983621663543	73	4	4	69	0	0	0.854751857231058	NA	NA	NA	2	2	4	NA	NA	NA	NA	0.38950489161962	0.945199823546422	S_C	135	Z_C	0.04	1
ZNF43	19	21991201	SNV	Silent	p.A546A	+	A	G	SNP	0	145	0	0	145	0	0.0297790377501891	9.59143113044014e-07	0	1	2	1	2	3	0.00786617218365904	0.158897709877634	0.674340496047343	0.158895621891364	0.999958084259519	0.999999987896312	129	4	4	125	0	0	0.762085947150299	NA	NA	NA	2	2	4	NA	NA	NA	NA	0.674565923888333	0.991570024356108	ND_C	137	Z_C	0.04	1
KIAA0196	8	126051174	SNV	Silent	p.H994H	+	G	A	SNP	0	151	0	0	151	0	0.00648481362665263	2.09300095332932e-06	0	1	2	1	2	3	0.00262618234974523	0.20423858855721	0.588899645721326	0.204235583371719	0.999974578720542	0.999999993624142	147	5	5	142	0	0	0.786137441304449	NA	NA	NA	2	2	4	NA	NA	NA	NA	0.739486025435009	0.995140811930584	ND_C	138	Z_C	0.04	1
ZIM2	19	57286598	SNV	Missense_Mutation	p.R348W	+	G	A	SNP	0	64	0	0	64	0	0	5.2053884972203e-05	3	2	2	2	2	4	0.0504675150023789	0.0179177143185937	0.780088139632124	0.151526631046904	0.947774185732495	0.999503086760287	44	4	4	40	0	0	0.9019952514603	NA	NA	NA	2	2	4	NA	NA	NA	NA	0.150589150678942	0.838500818204452	ND_C	139	Z_C	0.04	1
MYO16	13	109507818	SNV	Missense_Mutation	p.D404N	+	G	A	SNP	0	33	0	0	33	0	0	0.0265958607930903	1	2	2	2	2	4	0.0684902816192437	0.225762224141523	0.506781499342806	0.198965994896427	0.616217272438471	0.982895955623977	47	5	5	42	0	0	0.927038596781822	NA	NA	NA	2	2	4	NA	NA	NA	NA	0.171634559809773	0.856169579659345	ND_C	140	Z_C	0.04	1
GIT1	17	27903138	SNV	Silent	p.D541D	+	G	A	SNP	0	52	0	0	52	0	0	0.0662509886672292	NA	NA	NA	2	2	4	NA	NA	NA	NA	0.876253232248688	0.998102500853799	53	4	4	49	0	0	0.886936603374954	NA	NA	NA	2	2	4	NA	NA	NA	NA	0.217843238831175	0.885586667686731	ND_C	141	Z_C	0.04	1
ZNF780B	19	40541332	SNV	Silent	p.C478C	+	A	G	SNP	0	166	1	1	165	0	0	6.22991887678781e-05	NA	NA	NA	2	2	4	NA	NA	NA	NA	0.999936913821996	0.999999980055485	168	5	5	163	0	0	0.75248011829402	NA	NA	NA	2	2	4	NA	NA	NA	NA	0.80800881680325	0.997375055016057	S_C	142	Z_C	0.04	1
PAPLN	14	73721255	SNV	Missense_Mutation	p.R446Q	+	G	A	SNP	0	113	0	0	113	0	0	1.09120808888807e-06	4	3	2	2	3	5	0.0220806102556856	0.00319696505826444	0.777468935867758	0.197253488818292	0.994082463354237	0.999986801898802	144	5	5	139	0	0	0.790653360055062	NA	NA	NA	2	2	4	NA	NA	NA	NA	0.728782555348368	0.99468166814682	ND_C	143	Z_C	0.04	1
ZNF600	19	53269483	SNV	Missense_Mutation	p.L509Q	+	A	T	SNP	0	265	2	2	263	0	0	4.3906211999456e-10	3	2	2	2	2	4	0.0362112503547826	0.00527307802001351	0.826486603227818	0.132029068397386	0.999999939233077	0.999999999994351	213	10	10	203	0	0	0.862247914519662	NA	NA	NA	2	2	4	NA	NA	NA	NA	0.907165664668742	0.999234883605684	S_C	144	Z_C	0.04	1
TRERF1	6	42236918	SNV	Silent	p.S137S	+	G	A	SNP	0	248	1	1	247	0	0	1.67909305237579e-07	NA	NA	NA	2	2	4	NA	NA	NA	NA	0.999999807017885	0.99999999997906	242	7	7	235	0	0	0.743057176231991	NA	NA	NA	2	2	4	NA	NA	NA	NA	0.942967282731598	0.999634659970562	S_C	146	Z_C	0.04	1
EPHB6	7	142562373	SNV	Missense_Mutation	p.G272E	+	G	A	SNP	0	62	0	0	62	0	0	0.0276273529235125	NA	NA	NA	2	2	4	NA	NA	NA	NA	0.939426634783322	0.999380310912391	52	4	4	48	0	0	0.888592296029789	NA	NA	NA	2	2	4	NA	NA	NA	NA	0.209826236195942	0.881170684126906	ND_C	147	Z_C	0.04	1
CMKLR1	12	108686444	SNV	Missense_Mutation	p.A99V	+	G	A	SNP	0	72	0	0	72	0	0	0.0112420301233404	NA	NA	NA	2	2	4	NA	NA	NA	NA	0.971510717088888	0.999792537387919	51	4	4	47	0	0	0.890252707178657	NA	NA	NA	2	2	4	NA	NA	NA	NA	0.201922706821003	0.876571238397982	ND_C	148	Z_C	0.04	1
ZNF724P	19	23406206	SNV	Missense_Mutation	p.A281P	+	C	G	SNP	0	33	1	1	32	0	0.0572576133902533	0.089020454728659	0	1	2	1	2	3	0.168146035429515	0.244129846901741	0.402908595647215	0.18481552202153	0.716020482524189	0.990871599203211	27	3	3	24	0	0	0.896497991995631	NA	NA	NA	2	2	4	NA	NA	NA	NA	0.0724214109596238	0.682542109043178	S_C	150	Z_C	0.04	1
PARP4	13	25026591	SNV	Silent	p.L989L	+	G	A	SNP	0	138	1	1	137	0	0	0.000537985794094475	NA	NA	NA	2	2	4	NA	NA	NA	NA	0.999552232055998	0.999999737120188	182	5	5	177	0	0	0.727821671350037	NA	NA	NA	2	2	4	NA	NA	NA	NA	0.845767210212813	0.998232709139352	S_C	151	Z_C	0.04	1
