locus	Chr	pos	type	Variant_Classification	Protein_Change	Strand	Reference_Allele	Mutant_Allele	Variant_Type	Number of times codon change is in COSMIC	coverage_1	observed_alt_1	alt_1	ref_1	Pr_homozygous_1	Pr_subclonal_homozygous_1	Pr_clonal_1	SC_Aq_d_1	SC_Aq_a_1	C_Aq_1	HS_q_hat_1_1	HS_q_hat_2_1	q_hat_1	H1_1	H2_1	H3_1	H4_1	detection_power_1	detection_power_for_single_read_1	coverage_2	observed_alt_2	alt_2	ref_2	Pr_homozygous_2	Pr_subclonal_homozygous_2	Pr_clonal_2	SC_Aq_d_2	SC_Aq_a_2	C_Aq_2	HS_q_hat_1_2	HS_q_hat_2_2	q_hat_2	H1_2	H2_2	H3_2	H4_2	detection_power_2	detection_power_for_single_read_2	mut_class	mut_class_order	var_cluster_classes	CCF1	CCF2
SYMPK	19	46345558	SNV	Missense_Mutation	p.R346H	+	C	T	SNP	0	58	18	18	40	0	0	0.931758257754277	NA	NA	NA	1	1	2	NA	NA	NA	NA	0.999989827595463	0.999999993066857	96	33	33	63	0	0	0.971028199669968	NA	NA	NA	1	1	2	NA	NA	NA	NA	0.999999999899648	0.999999999999983	C_C	77	C_C	1	1
BTBD7	14	93709247	SNV	Missense_Mutation	p.R924Q	+	C	T	SNP	0	78	4	4	74	0	0	8.55523159323246e-05	NA	NA	NA	1	1	2	NA	NA	NA	NA	0.999999933695632	0.999999999977352	79	0	0	79	0	0	1.26011734380427e-09	NA	NA	NA	1	1	2	NA	NA	NA	NA	0.999999990529968	0.999999999997555	S_ND	59	S_Z	0.16	0.01
NOP14	4	2940970	SNV	Missense_Mutation	p.I807V	+	T	C	SNP	0	172	62	62	110	0	0	0.960856032753687	NA	NA	NA	1	1	2	NA	NA	NA	NA	1	1	216	83	83	133	0	0	0.978881373349207	NA	NA	NA	1	1	2	NA	NA	NA	NA	1	1	C_C	69	C_C	1	1
LIG4	13	108861474	SNV	Missense_Mutation	p.S715P	+	A	G	SNP	0	80	4	4	76	0	0	5.60751520535252e-05	NA	NA	NA	1	1	2	NA	NA	NA	NA	0.999999959707068	0.999999999986991	82	0	0	82	0	0	5.56494406112051e-10	NA	NA	NA	1	1	2	NA	NA	NA	NA	0.999999995792696	0.999999999999	S_ND	94	S_Z	0.16	0.01
GLTSCR1	19	48204910	SNV	Silent	p.G1307G	+	G	A	SNP	0	21	3	3	18	0	0	0.639926800175932	NA	NA	NA	1	1	2	NA	NA	NA	NA	0.96918605346064	0.999272399676228	15	0	0	15	0	0	0.124883393610853	NA	NA	NA	1	1	2	NA	NA	NA	NA	0.89755856132681	0.996379671298507	S_ND	86	S_Z	0.16	0.01
CEACAM5	19	42224051	SNV	Silent	p.D565D	+	C	T	SNP	0	101	32	32	69	0	0	0.945795198574878	NA	NA	NA	1	1	2	NA	NA	NA	NA	0.999999999764041	0.999999999999954	104	31	31	73	0	0	0.958106418695581	NA	NA	NA	1	1	2	NA	NA	NA	NA	0.99999999997848	0.999999999999998	C_C	90	C_C	1	1
CPAMD8	19	17038859	SNV	Silent	p.G1110G	+	G	A	SNP	0	53	5	5	48	0	0	0.0499095012838673	NA	NA	NA	1	1	2	NA	NA	NA	NA	0.999964054670349	0.999999969396253	61	0	0	61	0	0	1.91668488525032e-07	NA	NA	NA	1	1	2	NA	NA	NA	NA	0.999998691620275	0.999999999384961	S_ND	39	S_Z	0.16	0.01
ANK2	4	114279509	SNV	Silent	p.P3212P	+	C	T	SNP	0	94	24	24	70	0	0	0.893743732073624	NA	NA	NA	1	1	2	NA	NA	NA	NA	0.999999998716186	0.999999999999708	89	25	25	64	0	0	0.945945852482839	NA	NA	NA	1	1	2	NA	NA	NA	NA	0.999999999357187	0.999999999999872	C_C	95	C_C	1	1
TOM1L2	17	17801941	SNV	Missense_Mutation	p.R62Q	+	C	T	SNP	0	69	5	5	64	0	0	0.0024239994949411	NA	NA	NA	1	1	2	NA	NA	NA	NA	0.999999367293197	0.999999999714399	73	0	0	73	0	0	6.5737228993612e-09	NA	NA	NA	1	1	2	NA	NA	NA	NA	0.999999951541462	0.999999999985048	S_ND	52	S_Z	0.16	0.01
PLEKHG2	19	39911636	SNV	Splice_Site	p.E483*	+	G	T	SNP	0	31	10	10	21	0	0	0.920086795869752	NA	NA	NA	1	1	2	NA	NA	NA	NA	0.992784643090626	0.999972116792932	38	12	12	26	0	0	0.951421011025007	NA	NA	NA	1	1	2	NA	NA	NA	NA	0.999309138932621	0.999998878372268	C_C	44	C_C	1	1
MAN2A2	15	91450595	SNV	Missense_Mutation	p.V356I	+	G	A	SNP	0	101	4	4	97	0	0	6.72641157217768e-07	NA	NA	NA	1	1	2	NA	NA	NA	NA	0.999999999764041	0.999999999999954	99	0	0	99	0	0	6.03517236186235e-12	NA	NA	NA	1	1	2	NA	NA	NA	NA	0.999999999954411	0.999999999999993	S_ND	2	S_Z	0.16	0.01
FOXP1	3	71247142	SNV	Missense_Mutation	p.L0F	+	C	A	SNP	0	59	18	18	41	0	0	0.92958703812712	NA	NA	NA	1	1	2	NA	NA	NA	NA	0.999992099737837	0.99999999483434	61	16	16	45	0	0	0.926478413542657	NA	NA	NA	1	1	2	NA	NA	NA	NA	0.999998691620275	0.999999999384961	C_C	4	C_C	1	1
RAB39A	11	107832715	SNV	Silent	p.L91L	+	T	C	SNP	0	88	33	33	55	0	0	0.956671548443468	NA	NA	NA	1	1	2	NA	NA	NA	NA	0.9999999944281	0.99999999999854	84	31	31	53	0	0	0.973388125901739	NA	NA	NA	1	1	2	NA	NA	NA	NA	0.999999997545451	0.999999999999447	C_C	5	C_C	1	1
OR2L2	1	248201970	SNV	Missense_Mutation	p.R134H	+	G	A	SNP	0	94	5	5	89	0	0	1.59288327457041e-05	NA	NA	NA	1	1	2	NA	NA	NA	NA	0.999999998716186	0.999999999999708	121	0	0	121	0	0	2.22044604925031e-14	NA	NA	NA	1	1	2	NA	NA	NA	NA	0.999999999999135	1	S_ND	7	S_Z	0.16	0.01
FBXW7	4	153247289	SNV	Missense_Mutation	p.R505G	+	G	C	SNP	9	121	43	43	78	0	0	0.957536348671792	NA	NA	NA	1	1	2	NA	NA	NA	NA	0.999999999989459	1	135	51	51	84	0	0	0.97725081282897	NA	NA	NA	1	1	2	NA	NA	NA	NA	0.999999999999963	1	C_C	9	C_C	1	1
ZNF500	16	4815616	SNV	Missense_Mutation	p.V122M	+	C	T	SNP	0	77	28	28	49	0	0	0.953245474036427	NA	NA	NA	1	1	2	NA	NA	NA	NA	0.999999914904571	0.999999999970081	82	25	25	57	0	0	0.958501682575848	NA	NA	NA	1	1	2	NA	NA	NA	NA	0.999999995792696	0.999999999999	C_C	11	C_C	1	1
TMEM131	2	98375486	SNV	Missense_Mutation	p.S1746L	+	G	A	SNP	0	119	4	4	115	0	0	1.61268322029784e-08	NA	NA	NA	1	1	2	NA	NA	NA	NA	0.999999999984282	1	104	0	0	104	0	0	1.65023550380283e-12	NA	NA	NA	1	1	2	NA	NA	NA	NA	0.99999999997848	0.999999999999998	S_ND	14	S_Z	0.16	0.01
AHSG	3	186338604	SNV	Missense_Mutation	p.S330L	+	C	T	SNP	0	70	21	21	49	0	0	0.930821810528857	NA	NA	NA	1	1	2	NA	NA	NA	NA	0.999999508058567	0.999999999785196	84	33	33	51	0	0	0.975556468791892	NA	NA	NA	1	1	2	NA	NA	NA	NA	0.999999997545451	0.999999999999447	C_C	17	C_C	1	1
HCN4	15	73617736	SNV	Missense_Mutation	p.T547I	+	G	A	SNP	0	120	39	39	81	0	0	0.951154688918088	NA	NA	NA	1	1	2	NA	NA	NA	NA	0.999999999987119	1	142	56	56	86	0	0	0.97819694749591	NA	NA	NA	1	1	2	NA	NA	NA	NA	0.999999999999993	1	C_C	33	C_C	1	1
ABCG4	11	119031032	SNV	Silent	p.T511T	+	C	T	SNP	0	37	11	11	26	0	0	0.912859568084251	NA	NA	NA	1	1	2	NA	NA	NA	NA	0.998143768855133	0.999995854842115	61	18	18	43	0	0	0.950236478047956	NA	NA	NA	1	1	2	NA	NA	NA	NA	0.999998691620275	0.999999999384961	C_C	36	C_C	1	1
DNAJC24	11	31436482	SNV	Missense_Mutation	p.D78G	+	A	G	SNP	0	14	5	5	9	0	0	0.904843660724628	NA	NA	NA	1	1	2	NA	NA	NA	NA	0.833792638529	0.9923728423129	18	6	6	12	0	0	0.942050791055502	NA	NA	NA	1	1	2	NA	NA	NA	NA	0.953359452723965	0.998782015572052	C_C	38	C_C	1	1
KIAA0319	6	24564490	SNV	Nonsense_Mutation	p.R791*	+	G	A	SNP	0	32	17	17	15	0	0	0.956191639368182	NA	NA	NA	1	1	2	NA	NA	NA	NA	0.9941874070621	0.999979758104743	29	5	5	24	0	0	0.766378189127207	NA	NA	NA	1	1	2	NA	NA	NA	NA	0.993629709302389	0.999975379508897	C_C	49	C_C	1	1
COL22A1	8	139674278	SNV	Missense_Mutation	p.R1079W	+	G	A	SNP	0	42	13	13	29	0	0	0.923045309827744	NA	NA	NA	1	1	2	NA	NA	NA	NA	0.99944276377526	0.999999129412982	59	15	15	44	0	0	0.917358279526188	NA	NA	NA	1	1	2	NA	NA	NA	NA	0.999997728530673	0.999999998842547	C_C	58	C_C	1	1
HMG20A	15	77756616	SNV	Missense_Mutation	p.A42T	+	G	A	SNP	0	123	37	37	86	0	0	0.942114671921055	NA	NA	NA	1	1	2	NA	NA	NA	NA	0.999999999992968	1	127	44	44	83	0	0	0.973804159717578	NA	NA	NA	1	1	2	NA	NA	NA	NA	0.999999999999774	1	C_C	60	C_C	1	1
MAGI1	3	65464374	SNV	Nonsense_Mutation	p.S217*	+	G	T	SNP	0	77	26	26	51	0	0	0.947631596218613	NA	NA	NA	1	1	2	NA	NA	NA	NA	0.999999914904571	0.999999999970081	96	36	36	60	0	0	0.975043078007412	NA	NA	NA	1	1	2	NA	NA	NA	NA	0.999999999899648	0.999999999999983	C_C	67	C_C	1	1
SLITRK5	13	88328994	SNV	Missense_Mutation	p.R451C	+	C	T	SNP	0	31	6	6	25	0	0	0.765827968932315	NA	NA	NA	1	1	2	NA	NA	NA	NA	0.992784643090626	0.999972116792932	40	12	12	28	0	0	0.946244707764485	NA	NA	NA	1	1	2	NA	NA	NA	NA	0.999592437163194	0.999999428561087	C_C	83	C_C	1	1
PLEKHA7	11	16838747	SNV	Missense_Mutation	p.R489Q	+	C	T	SNP	0	101	37	37	64	0	0	0.957120554844097	NA	NA	NA	1	1	2	NA	NA	NA	NA	0.999999999764041	0.999999999999954	130	48	48	82	0	0	0.976458250727769	NA	NA	NA	1	1	2	NA	NA	NA	NA	0.999999999999885	1	C_C	91	C_C	1	1
PLCG2	16	81929494	SNV	Silent	p.V385V	+	C	T	SNP	0	81	27	27	54	0	0	0.947327281763012	NA	NA	NA	1	1	2	NA	NA	NA	NA	0.999999968574141	0.999999999990129	119	34	34	85	0	0	0.952076115266421	NA	NA	NA	1	1	2	NA	NA	NA	NA	0.999999999998658	1	C_C	63	C_C	1	1
HSPA8	11	122930207	SNV	Missense_Mutation	p.P365L	+	G	A	SNP	0	166	51	51	115	0	0	0.949469144718728	NA	NA	NA	1	1	2	NA	NA	NA	NA	0.999999999999999	1	127	35	35	92	0	0	0.944054851756839	NA	NA	NA	1	1	2	NA	NA	NA	NA	0.999999999999774	1	C_C	64	C_C	1	1
RYR2	1	237796915	SNV	Missense_Mutation	p.R2198H	+	G	A	SNP	0	130	38	38	92	0	0	0.938154067957472	NA	NA	NA	1	1	2	NA	NA	NA	NA	0.999999999998338	1	166	49	49	117	0	0	0.960894566213805	NA	NA	NA	1	1	2	NA	NA	NA	NA	1	1	C_C	65	C_C	1	1
DENND5B	12	31613283	SNV	Missense_Mutation	p.I313V	+	T	C	SNP	0	19	5	5	14	0	0	0.868550509654354	NA	NA	NA	1	1	2	NA	NA	NA	NA	0.949182289205418	0.99858433123646	30	11	11	19	0	0	0.959848024759987	NA	NA	NA	1	1	2	NA	NA	NA	NA	0.99492171623712	0.999982609703729	C_C	68	C_C	1	1
TTN	2	179450043	SNV	Silent	p.I19835I	+	T	A	SNP	0	109	29	29	80	0	0	0.940782763667754	NA	NA	NA	1	2	3	NA	NA	NA	NA	0.999999803102042	0.999999999961468	118	32	32	86	0	0	0.966613348790996	NA	NA	NA	1	2	3	NA	NA	NA	NA	0.999999981010883	0.999999999998347	C_C	70	C_C	1	1
KIAA0922	4	154557571	SNV	Missense_Mutation	p.S1558L	+	C	T	SNP	0	119	5	5	114	0	0	1.04273638501517e-07	NA	NA	NA	1	1	2	NA	NA	NA	NA	0.999999999984282	1	113	0	0	113	0	0	1.66089364483923e-13	NA	NA	NA	1	1	2	NA	NA	NA	NA	0.999999999995244	1	S_ND	71	S_Z	0.16	0.01
MYO18B	22	26351253	SNV	Missense_Mutation	p.R2027C	+	C	T	SNP	0	26	6	6	20	0	0	0.84184841169117	NA	NA	NA	1	1	2	NA	NA	NA	NA	0.98101617520827	0.999859487974746	49	20	20	29	0	0	0.972158645889645	NA	NA	NA	1	1	2	NA	NA	NA	NA	0.99996433621065	0.999999971058207	C_C	72	C_C	1	1
USP15	12	62798046	SNV	Missense_Mutation	p.R946Q	+	G	A	SNP	0	165	45	45	120	0	0	0.92504776768819	NA	NA	NA	1	1	2	NA	NA	NA	NA	0.999999999999999	1	182	54	54	128	0	0	0.96245333581418	NA	NA	NA	1	1	2	NA	NA	NA	NA	1	1	C_C	74	C_C	1	1
USH2A	1	216496965	SNV	Nonsense_Mutation	p.Y467*	+	G	C	SNP	0	115	9	9	106	0	0	7.90307478052421e-05	NA	NA	NA	1	1	2	NA	NA	NA	NA	0.999999999965806	0.999999999999999	95	0	0	95	0	0	1.72173386658869e-11	NA	NA	NA	1	1	2	NA	NA	NA	NA	0.999999999869337	0.999999999999977	S_ND	75	S_Z	0.16	0.01
ABRA	8	107782033	SNV	Missense_Mutation	p.H129L	+	T	A	SNP	0	134	40	40	94	0	0	0.952059339709023	NA	NA	NA	1	2	3	NA	NA	NA	NA	0.999999993193934	0.999999999999598	123	24	24	99	0	0	0.915192731393845	NA	NA	NA	1	2	3	NA	NA	NA	NA	0.999999990915109	0.999999999999373	C_C	78	C_C	1	1
DLL4	15	41228667	SNV	Silent	p.T494T	+	C	T	SNP	0	26	3	3	23	0	0	0.446284217509145	NA	NA	NA	1	1	2	NA	NA	NA	NA	0.98101617520827	0.999859487974746	24	0	0	24	0	0	0.010074499497213	NA	NA	NA	1	1	2	NA	NA	NA	NA	0.98354453468141	0.999857522213228	S_ND	84	S_Z	0.16	0.01
SPEN	1	16235968	SNV	Missense_Mutation	p.R345H	+	G	A	SNP	0	129	5	5	124	0	0	1.4375607260142e-08	NA	NA	NA	1	1	2	NA	NA	NA	NA	0.999999999997954	1	125	1	1	124	0	0	4.17443857259059e-13	NA	NA	NA	1	1	2	NA	NA	NA	NA	0.999999999999645	1	S_S	87	S_Z	0.16	0.01
TMEM200A	6	130762883	SNV	Missense_Mutation	p.P439L	+	C	T	SNP	0	78	18	18	60	0	0	0.840546630213361	NA	NA	NA	1	1	2	NA	NA	NA	NA	0.999999933695632	0.999999999977352	68	15	15	53	0	0	0.844416684896141	NA	NA	NA	1	1	2	NA	NA	NA	NA	0.999999809440491	0.999999999930746	C_C	88	C_C	1	1
PPAP2C	19	282754	SNV	Missense_Mutation	p.A180T	+	C	T	SNP	0	22	8	8	14	0	0	0.923358139718371	NA	NA	NA	1	1	2	NA	NA	NA	NA	0.970046446261469	0.999477491869619	46	24	24	22	0	0	0.999926014704981	NA	NA	NA	1	2	3	NA	NA	NA	NA	0.996940913765906	0.999991631917888	C_C	89	C_C	1	1
TTLL9	20	30475023	SNV	Silent	p.L32L	+	T	C	SNP	0	32	12	12	20	0	0	0.937571829327103	NA	NA	NA	1	1	2	NA	NA	NA	NA	0.9941874070621	0.999979758104743	34	13	13	21	0	0	0.96445005208628	NA	NA	NA	1	1	2	NA	NA	NA	NA	0.99806929321068	0.999995622359331	C_C	93	C_C	1	1
SULF1	8	70488384	SNV	Missense_Mutation	p.Q118K	+	C	A	SNP	0	57	19	19	38	0	0	0.940337640620766	NA	NA	NA	1	1	2	NA	NA	NA	NA	0.999986902706186	0.999999990686359	51	13	13	38	0	0	0.917858888653276	NA	NA	NA	1	1	2	NA	NA	NA	NA	0.999979402086227	0.999999984915991	C_C	98	C_C	1	1
AHNAK2	14	105419348	SNV	Missense_Mutation	p.R814W	+	G	A	SNP	0	262	7	7	255	0	0	0	NA	NA	NA	1	1	2	NA	NA	NA	NA	1	1	341	1	1	340	0	0	0	NA	NA	NA	1	1	2	NA	NA	NA	NA	1	1	S_S	99	S_Z	0.16	0.01
NOL4	18	31802989	SNV	Missense_Mutation	p.A77T	+	C	T	SNP	0	53	17	17	36	0	0	0.934104206139971	NA	NA	NA	1	1	2	NA	NA	NA	NA	0.999964054670349	0.999999969396253	67	27	27	40	0	0	0.974617814489331	NA	NA	NA	1	1	2	NA	NA	NA	NA	0.999999749211121	0.999999999905647	C_C	66	C_C	1	1
TTN	2	179457767	SNV	Silent	p.T18052T	+	T	C	SNP	0	76	21	21	55	0	0	0.937455080040323	NA	NA	NA	1	2	3	NA	NA	NA	NA	0.99997391327363	0.999999974774647	93	25	25	68	0	0	0.963373796882907	NA	NA	NA	1	2	3	NA	NA	NA	NA	0.999999513106505	0.99999999974718	C_C	73	C_C	1	1
NFE2L2	2	178097186	SNV	Silent	p.D176D	+	A	G	SNP	0	130	47	47	83	0	0	0.994745837241785	NA	NA	NA	1	2	3	NA	NA	NA	NA	0.999999987796071	0.999999999999182	117	51	51	66	0	0	0.99997528763538	NA	NA	NA	1	2	3	NA	NA	NA	NA	0.999999978095777	0.999999999997991	C_C	76	C_C	1	1
MRGPRX1	11	18956274	SNV	Missense_Mutation	p.E20K	+	C	T	SNP	0	115	29	29	86	0	0	0.889932802473529	NA	NA	NA	1	1	2	NA	NA	NA	NA	0.999999999965806	0.999999999999999	145	45	45	100	0	0	0.9665464358763	NA	NA	NA	1	1	2	NA	NA	NA	NA	0.999999999999996	1	C_C	79	C_C	1	1
GPR83	11	94134066	SNV	Silent	p.A116A	+	G	A	SNP	0	30	3	3	27	0	0	0.28531815547551	NA	NA	NA	1	1	2	NA	NA	NA	NA	0.991094473087757	0.99996155046753	34	0	0	34	0	0	0.00051381048294008	NA	NA	NA	1	1	2	NA	NA	NA	NA	0.99806929321068	0.999995622359331	S_ND	80	S_Z	0.16	0.01
SUZ12	17	30302653	SNV	Silent	p.Y248Y	+	C	T	SNP	0	75	27	27	48	0	0	0.952201193847676	NA	NA	NA	1	1	2	NA	NA	NA	NA	0.999999859709301	0.999999999947665	75	19	19	56	0	0	0.915804789672642	NA	NA	NA	1	1	2	NA	NA	NA	NA	0.999999971917974	0.999999999991852	C_C	81	C_C	1	1
CACNA1I	22	40037003	SNV	Missense_Mutation	p.R291H	+	G	A	SNP	0	55	20	20	35	0	0	0.947501223621606	NA	NA	NA	1	1	2	NA	NA	NA	NA	0.999978294901143	0.999999983147561	84	30	30	54	0	0	0.971878568966716	NA	NA	NA	1	1	2	NA	NA	NA	NA	0.999999997545451	0.999999999999447	C_C	82	C_C	1	1
HRNR	1	152190860	SNV	Missense_Mutation	p.T1082R	+	G	C	SNP	0	282	6	6	276	0	0	0	NA	NA	NA	1	1	2	NA	NA	NA	NA	1	1	299	1	1	298	0	0	0	NA	NA	NA	1	1	2	NA	NA	NA	NA	1	1	S_S	85	S_Z	0.16	0.01
SLC5A1	22	32439312	SNV	Missense_Mutation	p.R15L	+	G	T	SNP	0	31	18	18	13	0	0	0.957983520686597	NA	NA	NA	1	1	2	NA	NA	NA	NA	0.992784643090626	0.999972116792932	31	11	11	20	0	0	0.95813715957861	NA	NA	NA	1	1	2	NA	NA	NA	NA	0.995980307796334	0.999987702702697	C_C	92	C_C	1	1
LRRC59	17	48462562	SNV	Missense_Mutation	p.R198H	+	C	T	SNP	0	108	29	29	79	0	0	0.914024960208524	NA	NA	NA	1	1	2	NA	NA	NA	NA	0.999999999883781	0.999999999999992	145	47	47	98	0	0	0.970628403393374	NA	NA	NA	1	1	2	NA	NA	NA	NA	0.999999999999996	1	C_C	96	C_C	1	1
CLCNKA	1	16358268	SNV	Silent	p.T562T	+	G	A	SNP	0	79	17	17	62	0	0	0.785737036396209	NA	NA	NA	1	1	2	NA	NA	NA	NA	0.999999948320885	0.999999999982842	76	25	25	51	0	0	0.965398284301224	NA	NA	NA	1	1	2	NA	NA	NA	NA	0.999999978611684	0.999999999993977	C_C	100	C_C	1	1
OR10A7	12	55615301	SNV	Missense_Mutation	p.A165T	+	G	A	SNP	0	79	21	21	58	0	0	0.905619032478408	NA	NA	NA	1	1	2	NA	NA	NA	NA	0.999999948320885	0.999999999982842	77	24	24	53	0	0	0.960356670226621	NA	NA	NA	1	1	2	NA	NA	NA	NA	0.99999998370415	0.999999999995544	C_C	1	C_C	1	1
FCRL2	1	157739855	SNV	Silent	p.L132L	+	G	C	SNP	0	40	15	15	25	0	0	0.94311865128413	NA	NA	NA	1	1	2	NA	NA	NA	NA	0.999093656837896	0.999998379650836	46	15	15	31	0	0	0.957748987829553	NA	NA	NA	1	1	2	NA	NA	NA	NA	0.999919048232128	0.999999922497469	C_C	3	C_C	1	1
ANKRD27	19	33135266	SNV	Nonsense_Mutation	p.R164*	+	G	A	SNP	0	149	7	7	142	0	0	1.0028545105456e-08	NA	NA	NA	1	1	2	NA	NA	NA	NA	0.999999999999969	1	248	0	0	248	0	0	0	NA	NA	NA	1	1	2	NA	NA	NA	NA	1	1	S_ND	6	S_Z	0.16	0.01
PDXDC1	16	15122801	SNV	Missense_Mutation	p.S424L	+	C	T	SNP	0	36	3	3	33	0	0	0.113015138260836	NA	NA	NA	1	1	2	NA	NA	NA	NA	0.997653000031632	0.999994319413424	57	8	8	49	0	0	0.290145572747466	NA	NA	NA	1	1	2	NA	NA	NA	NA	0.999996056027301	0.999999997813524	S_S	12	Z_S	0.03	0.37
AHNAK2	14	105413963	SNV	Missense_Mutation	p.M2609V	+	T	C	SNP	0	261	8	8	253	0	0	0	NA	NA	NA	1	1	2	NA	NA	NA	NA	1	1	235	0	0	235	0	0	0	NA	NA	NA	1	1	2	NA	NA	NA	NA	1	1	S_ND	13	S_Z	0.16	0.01
HIST2H2BE	1	149858187	SNV	Missense_Mutation	p.P2S	+	G	A	SNP	0	38	12	12	26	0	0	0.923176126112838	NA	NA	NA	1	1	2	NA	NA	NA	NA	0.998535393027794	0.999996972193176	43	17	17	26	0	0	0.969386044438963	NA	NA	NA	1	1	2	NA	NA	NA	NA	0.999817460275889	0.999999790537982	C_C	15	C_C	1	1
NID1	1	236212086	SNV	Silent	p.P143P	+	C	T	SNP	0	21	8	8	13	0	0	0.926500648158466	NA	NA	NA	1	1	2	NA	NA	NA	NA	0.96918605346064	0.999272399676228	32	13	13	19	0	0	0.966636891406032	NA	NA	NA	1	1	2	NA	NA	NA	NA	0.996837016718663	0.999991294342967	C_C	16	C_C	1	1
SLC44A2	19	10747255	SNV	Missense_Mutation	p.A497V	+	C	T	SNP	0	37	0	0	37	0	0	0.000275369436905093	NA	NA	NA	1	1	2	NA	NA	NA	NA	0.998143768855133	0.999995854842115	32	6	6	26	0	0	0.802867200536546	NA	NA	NA	1	1	2	NA	NA	NA	NA	0.996837016718663	0.999991294342967	ND_S	18	Z_S	0.03	0.37
HIP1	7	75171275	SNV	Missense_Mutation	p.T972M	+	G	A	SNP	0	91	0	0	91	0	0	2.1088375490308e-10	NA	NA	NA	1	1	2	NA	NA	NA	NA	0.999999997330216	0.999999999999349	118	5	5	113	0	0	2.71649162053578e-08	NA	NA	NA	1	1	2	NA	NA	NA	NA	0.999999999998334	1	ND_S	19	Z_S	0	0.11
MCAM	11	119181570	SNV	Silent	p.V563V	+	C	A	SNP	0	129	0	0	129	0	0	2.75335310107039e-14	NA	NA	NA	1	1	2	NA	NA	NA	NA	0.999999999997954	1	89	13	13	76	0	0	0.120740618693511	NA	NA	NA	1	1	2	NA	NA	NA	NA	0.999999999357187	0.999999999999872	ND_S	20	Z_S	0.03	0.37
UCN3	10	5415970	SNV	Missense_Mutation	p.R96I	+	G	T	SNP	0	6	0	0	6	0	0	0.499795580807072	NA	NA	NA	1	1	2	NA	NA	NA	NA	0.266323957536846	0.879920457237878	15	4	4	11	0	0	0.912800577231285	NA	NA	NA	1	1	2	NA	NA	NA	NA	0.89755856132681	0.996379671298507	ND_C	24	Z_C	0.03	1
TSC1	9	135771785	SNV	Missense_Mutation	p.S1111N	+	C	T	SNP	0	48	1	1	47	0	0	0.000253992444755324	NA	NA	NA	1	1	2	NA	NA	NA	NA	0.999873852301271	0.999999861788324	52	19	19	33	0	0	0.967845358757056	NA	NA	NA	1	1	2	NA	NA	NA	NA	0.999984354369308	0.99999998909414	S_C	25	Z_C	0.03	1
PTCHD4	6	47976649	SNV	Nonsense_Mutation	p.Q210*	+	G	A	SNP	0	44	0	0	44	0	0	4.07803970333687e-05	NA	NA	NA	1	1	2	NA	NA	NA	NA	0.999659136794607	0.999999530412	50	7	7	43	0	0	0.361577224396602	NA	NA	NA	1	1	2	NA	NA	NA	NA	0.999972891169314	0.999999979116446	ND_S	27	Z_S	0.03	0.37
KCNJ12	17	21319006	SNV	Missense_Mutation	p.R118W	+	C	T	SNP	0	38	1	1	37	0	0	0.0030696330245279	NA	NA	NA	1	1	2	NA	NA	NA	NA	0.998535393027794	0.999996972193176	36	3	3	33	0	0	0.114653862497029	NA	NA	NA	1	1	2	NA	NA	NA	NA	0.998838697664211	0.999997788955831	S_S	29	Z_S	0.03	0.37
UBE4A	11	118263452	SNV	Splice_Site		+	G	A	SNP	0	65	0	0	65	0	0	1.51811061499529e-07	NA	NA	NA	1	1	2	NA	NA	NA	NA	0.999998265486543	0.99999999909997	58	9	9	49	0	0	0.429835209793543	NA	NA	NA	1	1	2	NA	NA	NA	NA	0.999997006903235	0.999999998409925	ND_S	30	Z_S	0.03	0.37
IRF9	14	24634131	SNV	Missense_Mutation	p.V320M	+	G	A	SNP	0	61	0	0	61	0	0	4.32551359730304e-07	NA	NA	NA	1	1	2	NA	NA	NA	NA	0.999995235019506	0.999999997124834	98	11	11	87	0	0	0.00563079876934125	NA	NA	NA	1	1	2	NA	NA	NA	NA	0.999999999940724	0.99999999999999	ND_S	32	Z_S	0.03	0.37
GEMIN4	17	650446	SNV	Silent	p.D279D	+	G	A	SNP	0	185	0	0	185	0	0	0	NA	NA	NA	1	1	2	NA	NA	NA	NA	1	1	245	5	5	240	0	0	0	NA	NA	NA	1	1	2	NA	NA	NA	NA	1	1	ND_S	41	Z_S	0	0.11
ETV1	7	13978831	SNV	Silent	p.P92P	+	G	A	SNP	0	57	0	0	57	0	0	1.2436160264917e-06	NA	NA	NA	1	1	2	NA	NA	NA	NA	0.999986902706186	0.999999990686359	45	14	14	31	0	0	0.952564233569835	NA	NA	NA	1	1	2	NA	NA	NA	NA	0.999893753168758	0.99999989215559	ND_C	42	Z_C	0.03	1
GCN1L1	12	120576568	SNV	Silent	p.F2029F	+	G	A	SNP	0	99	0	0	99	0	0	3.01421110293632e-11	NA	NA	NA	1	1	2	NA	NA	NA	NA	0.999999999617956	0.999999999999922	147	5	5	142	0	0	5.39568389967826e-11	NA	NA	NA	1	1	2	NA	NA	NA	NA	0.999999999999998	1	ND_S	43	Z_S	0	0.11
ZNF543	19	57840243	SNV	Silent	p.S471S	+	C	T	SNP	0	64	0	0	64	0	0	1.97067522411665e-07	NA	NA	NA	1	1	2	NA	NA	NA	NA	0.999997767268644	0.999999998798291	57	4	4	53	0	0	0.00469215543472268	NA	NA	NA	1	1	2	NA	NA	NA	NA	0.999996056027301	0.999999997813524	ND_S	46	Z_S	0.03	0.37
ZBTB7A	19	4054027	SNV	Missense_Mutation	p.R402C	+	G	A	SNP	0	81	0	0	81	0	0	2.52743959094914e-09	NA	NA	NA	1	1	2	NA	NA	NA	NA	0.999999968574141	0.999999999990129	75	23	23	52	0	0	0.958130436781141	NA	NA	NA	1	1	2	NA	NA	NA	NA	0.999999971917974	0.999999999991852	ND_C	47	Z_C	0.03	1
SRRM2	16	2817983	SNV	Missense_Mutation	p.S2485F	+	C	T	SNP	0	59	4	4	55	0	0	0.00453859939367873	NA	NA	NA	1	1	2	NA	NA	NA	NA	0.999992099737837	0.99999999483434	54	16	16	38	0	0	0.949144862294275	NA	NA	NA	1	1	2	NA	NA	NA	NA	0.999990980013777	0.999999994282216	S_S	51	Z_C	0.03	1
CIB3	19	16279006	SNV	Silent	p.S96S	+	G	A	SNP	0	16	0	0	16	0	0	0.0778880946711316	NA	NA	NA	1	1	2	NA	NA	NA	NA	0.895098485543642	0.996124849977887	18	3	3	15	0	0	0.80316129285511	NA	NA	NA	1	1	2	NA	NA	NA	NA	0.953359452723965	0.998782015572052	ND_S	54	Z_S	0.03	0.37
ASPM	1	197074104	SNV	Missense_Mutation	p.I1426K	+	A	T	SNP	0	91	0	0	91	0	0	2.1088375490308e-10	NA	NA	NA	1	1	2	NA	NA	NA	NA	0.999999997330216	0.999999999999349	94	31	31	63	0	0	0.967972205705839	NA	NA	NA	1	1	2	NA	NA	NA	NA	0.999999999829792	0.99999999999997	ND_C	56	Z_C	0.03	1
LDB3	10	88451789	SNV	Missense_Mutation	p.R343C	+	C	T	SNP	0	31	0	0	31	0	0	0.00142868264899343	NA	NA	NA	1	1	2	NA	NA	NA	NA	0.992784643090626	0.999972116792932	32	10	10	22	0	0	0.947259913860136	NA	NA	NA	1	1	2	NA	NA	NA	NA	0.996837016718663	0.999991294342967	ND_C	57	Z_C	0.03	1
TRA2A	7	23545816	SNV	Silent	p.Y237Y	+	G	A	SNP	0	73	0	0	73	0	0	1.92249742791972e-08	NA	NA	NA	1	1	2	NA	NA	NA	NA	0.999999768448758	0.99999999990816	87	27	27	60	0	0	0.961338911464916	NA	NA	NA	1	1	2	NA	NA	NA	NA	0.999999998902815	0.999999999999771	ND_C	62	Z_C	0.03	1
WDFY3	4	85600312	SNV	Nonsense_Mutation	p.Q3303*	+	G	A	SNP	0	24	0	0	24	0	0	0.00967630360555438	NA	NA	NA	1	1	2	NA	NA	NA	NA	0.974603143809027	0.999729637871904	41	13	13	28	0	0	0.95312459637384	NA	NA	NA	1	1	2	NA	NA	NA	NA	0.999687749723438	0.999999591469909	ND_C	97	Z_C	0.03	1
ABCC3	17	48745810	SNV	Missense_Mutation	p.R601L	+	G	T	SNP	0	68	1	1	67	0	0	1.78382073257044e-06	NA	NA	NA	1	1	2	NA	NA	NA	NA	0.999999186081528	0.999999999619953	56	24	24	32	0	0	0.974885303517256	NA	NA	NA	1	1	2	NA	NA	NA	NA	0.999994803264002	0.99999999699055	S_C	45	Z_C	0.03	1
CROCC	1	17295659	SNV	Missense_Mutation	p.R1709W	+	C	T	SNP	0	10	0	0	10	0	0	0.281366507500603	NA	NA	NA	1	1	2	NA	NA	NA	NA	0.616186111701239	0.970029443049485	10	3	3	7	0	0	0.918118178082422	NA	NA	NA	1	1	2	NA	NA	NA	NA	0.664943262927343	0.977185456665388	ND_S	48	Z_C	0.03	1
MATN4	20	43933038	SNV	Missense_Mutation	p.A158V	+	G	A	SNP	0	30	0	0	30	0	0	0.00187991978446933	NA	NA	NA	1	1	2	NA	NA	NA	NA	0.991094473087757	0.99996155046753	18	8	8	10	0	0	0.961316490867546	NA	NA	NA	1	1	2	NA	NA	NA	NA	0.953359452723965	0.998782015572052	ND_C	61	Z_C	0.03	1
ZNF141	4	337687	SNV	Silent	p.L40L	+	G	T	SNP	0	105	2	2	103	0	0	4.04224387295926e-09	NA	NA	NA	1	1	2	NA	NA	NA	NA	0.999999999825907	0.999999999999984	92	21	21	71	0	0	0.851147255857072	NA	NA	NA	1	1	2	NA	NA	NA	NA	0.999999999710777	0.999999999999946	S_S	53	Z_C	0.03	1
PDE4DIP	1	144864311	SNV	Silent	p.E1928E	+	T	C	SNP	0	54	0	0	54	0	0	2.76166366441899e-06	NA	NA	NA	1	1	2	NA	NA	NA	NA	0.999972064967422	0.999999977300233	64	4	4	60	0	0	0.000952427948768264	NA	NA	NA	1	1	2	NA	NA	NA	NA	0.999999427601415	0.999999999760097	ND_S	37	Z_S	0.03	0.37
GMIP	19	19745614	SNV	Missense_Mutation	p.R625Q	+	C	T	SNP	0	70	0	0	70	0	0	4.15440197798489e-08	NA	NA	NA	1	1	2	NA	NA	NA	NA	0.999999508058567	0.999999999785196	83	9	9	74	0	0	0.010810197404193	NA	NA	NA	1	1	2	NA	NA	NA	NA	0.999999996787085	0.999999999999256	ND_S	34	Z_S	0.03	0.37
KNTC1	12	123067263	SNV	Missense_Mutation	p.E998D	+	G	C	SNP	0	29	0	0	29	0	0	0.00247322816714401	NA	NA	NA	1	1	2	NA	NA	NA	NA	0.989083136281449	0.999946923872631	36	6	6	30	0	0	0.702089148731524	NA	NA	NA	1	1	2	NA	NA	NA	NA	0.998838697664211	0.999997788955831	ND_S	50	Z_S	0.03	0.37
PDE4DIP	1	144864308	SNV	Silent	p.T1929T	+	T	C	SNP	0	56	1	1	55	0	0	3.4551663127047e-05	NA	NA	NA	1	1	2	NA	NA	NA	NA	0.999983138358094	0.99999998747735	67	4	4	63	0	0	0.000477398809400231	NA	NA	NA	1	1	2	NA	NA	NA	NA	0.999999749211121	0.999999999905647	S_S	10	Z_S	0.03	0.37
MIS18BP1	14	45687592	SNV	Missense_Mutation	p.S912F	+	G	A	SNP	0	96	1	1	95	0	0	2.20424301033972e-09	NA	NA	NA	1	1	2	NA	NA	NA	NA	0.999999999210405	0.999999999999828	79	29	29	50	0	0	0.972615485379546	NA	NA	NA	1	1	2	NA	NA	NA	NA	0.999999990529968	0.999999999997555	S_C	28	Z_C	0.03	1
ITPKA	15	41793885	SNV	Missense_Mutation	p.E213D	+	G	C	SNP	0	11	0	0	11	0	0	0.234202149250042	NA	NA	NA	1	1	2	NA	NA	NA	NA	0.684514400267338	0.978751429839935	20	7	7	13	0	0	0.948540942177702	NA	NA	NA	1	1	2	NA	NA	NA	NA	0.972934753034566	0.99940719316256	ND_C	31	Z_C	0.03	1
CYP19A1	15	51507426	SNV	Missense_Mutation	p.R288C	+	G	A	SNP	0	82	0	0	82	0	0	1.9664279093945e-09	NA	NA	NA	1	1	2	NA	NA	NA	NA	0.999999975481531	0.999999999992504	83	4	4	79	0	0	1.16975817228138e-05	NA	NA	NA	1	1	2	NA	NA	NA	NA	0.999999996787085	0.999999999999256	ND_S	21	Z_S	0	0.11
MTMR6	13	25848323	SNV	Silent	p.V9V	+	G	A	SNP	0	39	1	1	38	0	0	0.00239563969093359	NA	NA	NA	1	1	2	NA	NA	NA	NA	0.998846798106392	0.999997786132579	57	6	6	51	0	0	0.0572401685913922	NA	NA	NA	1	1	2	NA	NA	NA	NA	0.999996056027301	0.999999997813524	S_S	22	Z_S	0.03	0.37
AHNAK	11	62298199	SNV	Missense_Mutation	p.E1230D	+	T	G	SNP	0	365	5	5	360	0	0	0	NA	NA	NA	1	1	2	NA	NA	NA	NA	1	1	316	31	31	285	0	0	7.41721883912305e-09	NA	NA	NA	1	1	2	NA	NA	NA	NA	1	1	S_S	35	Z_S	0.03	0.37
DLG5	10	79595513	SNV	Silent	p.A535A	+	T	G	SNP	0	19	0	0	19	0	0	0.0365746915215966	NA	NA	NA	1	1	2	NA	NA	NA	NA	0.949182289205418	0.99858433123646	32	12	12	20	0	0	0.962360460471751	NA	NA	NA	1	1	2	NA	NA	NA	NA	0.996837016718663	0.999991294342967	ND_C	8	Z_C	0.03	1
NFE2L2	2	178098964	SNV	In_Frame_Del	p.QD26del	+	ATCTTG	-	DEL	0	71	21	21	50	0	0	0.943013887833583	NA	NA	NA	1	2	3	NA	NA	NA	NA	0.999937199903873	0.999999929103585	75	29	29	46	0	0	0.994567285655244	NA	NA	NA	1	2	3	NA	NA	NA	NA	0.999986109239869	0.999999988380916	C_C	55	C_C	1	1
MYB	6	135511260	SNV	Splice_Site	p.102_	+	TGAAGGTGA	-	DEL	0	85	0	0	85	0	0	9.29378352054755e-10	NA	NA	NA	1	1	2	NA	NA	NA	NA	0.999999988331085	0.999999999996703	93	18	18	75	0	0	0.619321512561762	NA	NA	NA	1	1	2	NA	NA	NA	NA	0.999999999778177	0.99999999999996	ND_S	23	Z_S	0.03	0.37
PER1	17	8052010	SNV	Frame_Shift_Del	p.PAQ332fs	+	GTGCAGGG	-	DEL	0	52	0	0	52	0	0	4.71316325045823e-06	NA	NA	NA	1	1	2	NA	NA	NA	NA	0.999953759736013	0.999999958702403	74	7	7	67	0	0	0.00659901817288666	NA	NA	NA	1	1	2	NA	NA	NA	NA	0.999999963116854	0.999999999988967	ND_S	26	Z_S	0.03	0.37
DHPS	19	12792423	SNV	Frame_Shift_Del	p.G53fs	+	C	-	DEL	0	64	0	0	64	0	0	1.97067522411665e-07	NA	NA	NA	1	1	2	NA	NA	NA	NA	0.999997767268644	0.999999998798291	83	23	23	60	0	0	0.942352304320882	NA	NA	NA	1	1	2	NA	NA	NA	NA	0.999999996787085	0.999999999999256	ND_C	40	Z_C	0.03	1
