sample	Chromosome	Start.bp	End.bp	n_probes	length	seg_sigma	W	total_copy_ratio	modal_total_cn	expected_total_cn	total_HZ	total_amp	corrected_total_cn	rescaled_total_cn	bi.allelic	copy.ratio	hscr.a1	hscr.a2	modal.a1	modal.a2	expected.a1	expected.a2	subclonal.a1	subclonal.a2	cancer.cell.frac.a1	ccf.ci95.low.a1	ccf.ci95.high.a1	cancer.cell.frac.a2	ccf.ci95.low.a2	ccf.ci95.high.a2	LOH	HZ	SC_HZ	amp.a1	amp.a2	rescaled.cn.a1	rescaled.cn.a2
AC-DFCI_AC_PD1-1-TP-NT-SM-9LRI9-SM-9LRIA	1	12658	1635320	362	1622662	0.01025	0.000580017400522016	0.98311	2	2	0	0	2	1.88797475388413	0	0.98311	0.98311	0.98311	1	1	1	1	0	0	0.06	0	0.39409	0.06	0	0.39409	0	0	0	0	0	1	1
AC-DFCI_AC_PD1-1-TP-NT-SM-9LRI9-SM-9LRIA	1	1635722	1636352	3	630	0.15815	0	1.38284	5	5.15896	0	0	5.15896	5.79600721398512	NA	NA	NA	NA	NA	NA	NA	NA	NA	NA	NA	NA	NA	NA	NA	NA	NA	NA	NA	NA	NA	NA	NA
AC-DFCI_AC_PD1-1-TP-NT-SM-9LRI9-SM-9LRIA	1	1638935	16891357	1489	15252422	0.00504	0.00549016470494115	0.98016	2	2	0	0	2	1.85913354667602	0	0.98016	0.98016	0.98016	1	1	1	1	0	0	0.07	0	0.17111	0.07	0	0.17111	0	0	0	0	0	1	1
AC-DFCI_AC_PD1-1-TP-NT-SM-9LRI9-SM-9LRIA	1	16892430	16893759	5	1329	0.0543	0	0.61015	0	0.02207	1	0	0.02207	-1.75833597165377	0	0.61015	0.24292	0.97738	0	1	0.03806	1.00537	1	0	NA	NA	NA	0.08	0.01221	0.96545	1	0	0	0	0	0.03806	1.00537
AC-DFCI_AC_PD1-1-TP-NT-SM-9LRI9-SM-9LRIA	1	16895649	146398399	7435	129502750	0.00231	0.0466513995419863	1.00605	2	2	0	0	2	2.11225180247872	0	1.00605	1.00605	1.00605	1	1	1	1	0	0	0.06	0	0.15066	0.06	0	0.15066	0	0	0	0	0	1	1
AC-DFCI_AC_PD1-1-TP-NT-SM-9LRI9-SM-9LRIA	1	146400196	148007886	160	1607690	0.01518	0.000580017400522016	0.96765	2	1.99975	0	0	1.99975	1.73682727475281	0	0.96765	0.96765	0.96765	1	1	0.99981	0.99981	0	0	0.13	0.00183	0.56419	0.13	0.00183	0.56419	0	0	0	0	0	0.99981	0.99981
AC-DFCI_AC_PD1-1-TP-NT-SM-9LRI9-SM-9LRIA	1	148009422	175067599	3101	27058177	0.00355	0.00975029250877526	0.99768	2	2	0	0	2	2.03042098745096	0	0.99768	0.99768	0.99768	1	1	1	1	0	0	0.02	0	0.11912	0.02	0	0.11912	0	0	0	0	0	1	1
AC-DFCI_AC_PD1-1-TP-NT-SM-9LRI9-SM-9LRIA	1	175087828	175113604	5	25776	0.12027	1.00003000090003e-05	1.35761	5	5.20644	0	0	5.20644	5.5493415672527	0	1.35761	0.99893	1.71629	1	3	1.12787	3.20488	0	0	0.02	0.01281	0.96867	0.53	0.01688	0.97361	0	0	0	0	0	1.12787	3.20488
AC-DFCI_AC_PD1-1-TP-NT-SM-9LRI9-SM-9LRIA	1	175292552	245023730	3958	69731178	0.00313	0.0251207536226087	0.99232	2	2	0	0	2	1.97801798045589	0	0.99232	0.99232	0.99232	1	1	1	1	0	0	0.01	0	0.11358	0.01	0	0.11358	0	0	0	0	0	1	1
AC-DFCI_AC_PD1-1-TP-NT-SM-9LRI9-SM-9LRIA	1	245025986	248722318	160	3696332	0.01497	0.00133003990119704	0.9545	2	1.98638	0	0	1.98638	1.6082639273675	0	0.9545	0.90665	1.00234	1	1	0.84061	1.00005	0	0	0.43	0.05912	0.84323	0.04	0	0.51458	0	0	0	0	0	0.84061	1.00005
AC-DFCI_AC_PD1-1-TP-NT-SM-9LRI9-SM-9LRIA	1	248756600	248813708	4	57108	0.0612	2.00006000180005e-05	0.61509	0	0.1137	1	0	0.1137	-1.7100391704307	NA	NA	NA	NA	NA	NA	NA	NA	NA	NA	NA	NA	NA	NA	NA	NA	NA	NA	NA	NA	NA	NA	NA
AC-DFCI_AC_PD1-1-TP-NT-SM-9LRI9-SM-9LRIA	1	248903031	249211681	21	308650	0.04512	0.000110003300099003	1.04265	3	2.57669	0	0	2.57669	2.47007830546748	0	1.04265	1.04265	1.04265	1	1	1.02344	1.02344	0	0	0.24	0.00972	0.77833	0.24	0.00972	0.77833	0	0	0	0	0	1.02344	1.02344
AC-DFCI_AC_PD1-1-TP-NT-SM-9LRI9-SM-9LRIA	2	218906	105990089	5156	105771183	0.00277	0.038101143034291	1.00279	2	2	0	0	2	2.08037982434366	0	1.00279	1.00279	1.00279	1	1	1	1	0	0	0.04	0	0.13688	0.04	0	0.13688	0	0	0	0	0	1	1
AC-DFCI_AC_PD1-1-TP-NT-SM-9LRI9-SM-9LRIA	2	106015425	106498144	4	482719	0.133	0.000170005100153005	1.34272	5	5.0469	0	0	5.0469	5.40376679595482	NA	NA	NA	NA	NA	NA	NA	NA	NA	NA	NA	NA	NA	NA	NA	NA	NA	NA	NA	NA	NA	NA	NA
AC-DFCI_AC_PD1-1-TP-NT-SM-9LRI9-SM-9LRIA	2	106687419	113135730	400	6448311	0.00961	0.00232006960208806	0.96847	2	2	0	0	2	1.74484415268862	0	0.96847	0.9501	0.98685	1	1	0.99981	1	0	0	0.22	0.00991	0.58222	0.04	0	0.4329	0	0	0	0	0	0.99981	1
AC-DFCI_AC_PD1-1-TP-NT-SM-9LRI9-SM-9LRIA	2	113146712	242946317	6678	129799605	0.00241	0.0467514025420763	0.992	2	2	0	0	2	1.97488944272484	0	0.992	0.992	0.992	1	1	1	1	0	0	0.01	0	0.11396	0.01	0	0.11396	0	0	0	0	0	1	1
AC-DFCI_AC_PD1-1-TP-NT-SM-9LRI9-SM-9LRIA	3	369943	102196374	5045	101826431	0.00278	0.036681100433013	0.99418	2	2	0	0	2	1.99620260601761	0	0.99418	0.99418	0.99418	1	1	1	1	0	0	0	0	0.10733	0	0	0.10733	0	0	0	0	0	1	1
AC-DFCI_AC_PD1-1-TP-NT-SM-9LRI9-SM-9LRIA	3	105243245	194392842	4051	89149597	0.00347	0.0321109633288999	1.11241	3	3	0	0	3	3.15209953083621	0	1.11241	1.00573	1.21909	1	2	1	2	0	0	0.05	0	0.17524	0.1	0.00226	0.21479	0	0	0	0	0	1	2
AC-DFCI_AC_PD1-1-TP-NT-SM-9LRI9-SM-9LRIA	3	194790642	195475854	50	685212	0.03286	0.000250007500225007	1.17227	4	3.90763	0	0	3.90763	3.73733162015061	0	1.17227	0.61064	1.73391	0	4	0.15857	3.80542	0	0	1	0.06956	0.98751	0.61	0.02056	0.97388	1	0	0	0	0	0.15857	3.80542
AC-DFCI_AC_PD1-1-TP-NT-SM-9LRI9-SM-9LRIA	3	195477871	197751594	238	2273723	0.01442	0.000820024600738022	1.12217	3	3.00022	0	0	3.00022	3.24751993163322	0	1.12217	1.03282	1.21152	1	2	1.03765	2.00238	0	0	0.19	0.00705	0.82167	0.06	0.00188	0.74503	0	0	0	0	0	1.03765	2.00238
AC-DFCI_AC_PD1-1-TP-NT-SM-9LRI9-SM-9LRIA	3	197765488	197896689	7	131201	0.06688	5.00015000450013e-05	0.89147	1	1.43444	0	0	1.43444	0.992039761154897	NA	NA	NA	NA	NA	NA	NA	NA	NA	NA	NA	NA	NA	NA	NA	NA	NA	NA	NA	NA	NA	NA	NA
AC-DFCI_AC_PD1-1-TP-NT-SM-9LRI9-SM-9LRIA	4	60000	70080080	2252	70020080	0.00417	0.0252207566226987	0.99665	2	2	0	0	2	2.02035100662915	0	0.99665	0.99665	0.99665	1	1	1	1	0	0	0.01	0	0.11978	0.01	0	0.11978	0	0	0	0	0	1	1
AC-DFCI_AC_PD1-1-TP-NT-SM-9LRI9-SM-9LRIA	4	70148306	70160387	4	12081	0.13487	0	1.36163	5	5.15963	0	0	5.15963	5.58864382249901	NA	NA	NA	NA	NA	NA	NA	NA	NA	NA	NA	NA	NA	NA	NA	NA	NA	NA	NA	NA	NA	NA	NA
AC-DFCI_AC_PD1-1-TP-NT-SM-9LRI9-SM-9LRIA	4	70351035	187175829	3573	116824794	0.00333	0.0420812624378731	1.00297	2	2	0	0	2	2.08213962681737	0	1.00297	1.00297	1.00297	1	1	1	1	0	0	0.04	0	0.13892	0.04	0	0.13892	0	0	0	0	0	1	1
AC-DFCI_AC_PD1-1-TP-NT-SM-9LRI9-SM-9LRIA	4	187178449	191012705	84	3834256	0.01996	0.00138004140124204	0.92181	1	1.02541	0	0	1.02541	1.28866424478	0	0.92181	0.79493	1.04869	0	1	0.01829	1.09246	0	0	0.98	0.24128	0.98874	0.26	0.01193	0.87718	1	0	0	0	0	0.01829	1.09246
AC-DFCI_AC_PD1-1-TP-NT-SM-9LRI9-SM-9LRIA	5	143266	755163	91	611897	0.02023	0.000220006600198006	0.9729	2	1.99878	0	0	1.99878	1.78815484690284	0	0.9729	0.9729	0.9729	1	1	1	1	0	0	0.11	0.00015	0.27843	0.11	0.00015	0.27843	0	0	0	0	0	1	1
AC-DFCI_AC_PD1-1-TP-NT-SM-9LRI9-SM-9LRIA	5	766939	843777	8	76838	0.1076	3.00009000270008e-05	1.53696	7	6.37115	0	1	7.30278919870171	7.30278919870171	0	1.53696	0.32936	2.74457	0	3	0.88569	3.16622	0	0	1	0.02088	0.97868	NA	NA	NA	1	0	0	0	1	0.88569	9.55460311402646
AC-DFCI_AC_PD1-1-TP-NT-SM-9LRI9-SM-9LRIA	5	848686	63802534	1751	62953848	0.00472	0.0226806804204126	0.99576	2	2	0	0	2	2.01164976106467	0	0.99576	0.99576	0.99576	1	1	1	1	0	0	0.01	0	0.11239	0.01	0	0.11239	0	0	0	0	0	1	1
AC-DFCI_AC_PD1-1-TP-NT-SM-9LRI9-SM-9LRIA	5	63890610	69405189	262	5514579	0.01264	0.00199005970179105	1.03144	2	2.00561	0	0	2.00561	2.36048171807666	0	1.03144	1.01937	1.04352	1	1	1	1.00001	0	0	0.12	0.00042	0.43097	0.24	0.01798	0.53803	0	0	0	0	0	1	1.00001
AC-DFCI_AC_PD1-1-TP-NT-SM-9LRI9-SM-9LRIA	5	69499750	69517799	4	18049	0.07318	1.00003000090003e-05	0.73647	1	0.92387	0	0	0.92387	-0.523345702322083	NA	NA	NA	NA	NA	NA	NA	NA	NA	NA	NA	NA	NA	NA	NA	NA	NA	NA	NA	NA	NA	NA	NA
AC-DFCI_AC_PD1-1-TP-NT-SM-9LRI9-SM-9LRIA	5	69717145	73200065	200	3482920	0.01431	0.00125003750112503	1.02048	2	2.00033	0	0	2.00033	2.25332930078822	0	1.02048	1.02048	1.02048	1	1	1	1	0	0	0.13	0.00654	0.2733	0.13	0.00654	0.2733	0	0	0	0	0	1	1
AC-DFCI_AC_PD1-1-TP-NT-SM-9LRI9-SM-9LRIA	5	73207253	90119327	625	16912074	0.00705	0.00609018270548116	0.88764	1	1	0	0	1	0.954595075186402	0	0.88764	0.77788	0.99741	0	1	0	1	0	0	1	0.85055	1	0.01	0	0.18689	1	0	0	0	0	0	1
AC-DFCI_AC_PD1-1-TP-NT-SM-9LRI9-SM-9LRIA	5	90136598	98115564	255	7978966	0.01135	0.00287008610258308	0.91308	1	1	0	0	1	1.20331382480482	0	0.91308	0.76525	1.0609	0	1	0	1.00001	0	0	1	0.78742	1	0.32	0.0817	0.56568	1	0	0	0	0	0	1.00001
AC-DFCI_AC_PD1-1-TP-NT-SM-9LRI9-SM-9LRIA	5	98192256	133747426	1000	35555170	0.00558	0.0128103843115293	0.8897	1	1	0	0	1	0.974735036830032	0	0.8897	0.78287	0.99653	0	1	0	1	0	0	1	0.80665	1	0.01	0	0.21332	1	0	0	0	0	0	1
AC-DFCI_AC_PD1-1-TP-NT-SM-9LRI9-SM-9LRIA	5	133873726	180794757	2842	46921031	0.00372	0.0169005070152105	0.9992	2	2	0	0	2	2.04528154167345	0	0.9992	0.9992	0.9992	1	1	1	1	0	0	0.02	0	0.12462	0.02	0	0.12462	0	0	0	0	0	1	1
AC-DFCI_AC_PD1-1-TP-NT-SM-9LRI9-SM-9LRIA	6	304644	29857243	1123	29552599	0.00601	0.0106403192095763	1.01511	2	2	0	0	2	2.20082852698905	0	1.01511	1.01511	1.01511	1	1	1	1	0	0	0.1	0.00689	0.1994	0.1	0.00689	0.1994	0	0	0	0	0	1	1
AC-DFCI_AC_PD1-1-TP-NT-SM-9LRI9-SM-9LRIA	6	29910567	30115545	30	204978	0.03529	7.00021000630019e-05	0.97425	2	1.96499	0	0	1.96499	1.8013533654557	0	0.97425	0.95473	0.99377	1	1	0.99958	1	0	0	0.19	0.0066	0.59814	0	0	0.44651	0	0	0	0	0	0.99958	1
AC-DFCI_AC_PD1-1-TP-NT-SM-9LRI9-SM-9LRIA	6	30122009	32362657	895	2240648	0.00669	0.000810024300729022	1.00855	2	2	0	0	2	2.13669350350254	0	1.00855	1.00855	1.00855	1	1	1	1	0	0	0.07	0	0.16955	0.07	0	0.16955	0	0	0	0	0	1	1
AC-DFCI_AC_PD1-1-TP-NT-SM-9LRI9-SM-9LRIA	6	32363989	32487287	8	123298	0.06941	4.00012000360011e-05	0.9896	2	2.20988	0	0	2.20988	1.95142540974197	0	0.9896	0.312	1.66719	0	4	0.02941	3.50959	1	0	NA	NA	NA	0.29	0.01452	0.96786	1	0	0	0	0	0.02941	3.50959
AC-DFCI_AC_PD1-1-TP-NT-SM-9LRI9-SM-9LRIA	6	32497951	32605276	5	107325	0.11546	4.00012000360011e-05	1.3031	5	4.8333	0	0	4.8333	5.01641471812928	0	1.3031	0.43607	2.17013	0	5	0.23466	4.64334	0	0	1	0.05213	0.98651	0.75	0.01912	0.97546	1	0	0	0	0	0.23466	4.64334
AC-DFCI_AC_PD1-1-TP-NT-SM-9LRI9-SM-9LRIA	6	32609211	32632709	6	23498	0.07597	1.00003000090003e-05	0.93786	2	1.85596	0	0	1.85596	1.44557996535294	0	0.93786	0.51141	1.36432	0	2	0.08342	2.40712	0	0	1	0.10627	1	0.81	0.02511	0.97701	1	0	0	0	0	0.08342	2.40712
AC-DFCI_AC_PD1-1-TP-NT-SM-9LRI9-SM-9LRIA	6	32709261	35747219	562	3037958	0.00842	0.00109003270098103	1.00619	2	2	0	0	2	2.11362053773605	0	1.00619	1.00619	1.00619	1	1	1	1	0	0	0.06	0	0.17804	0.06	0	0.17804	0	0	0	0	0	1	1
AC-DFCI_AC_PD1-1-TP-NT-SM-9LRI9-SM-9LRIA	6	35755762	35765023	5	9261	0.04166	0	0.46691	0	0	1	0	0	-3.15874767351469	0	0.46691	0.46691	0.46691	0	0	0	0	1	1	NA	NA	NA	NA	NA	NA	1	1	0	0	0	0	0
AC-DFCI_AC_PD1-1-TP-NT-SM-9LRI9-SM-9LRIA	6	35782441	57246912	1616	21464471	0.0049	0.00773023190695721	0.99397	2	2	0	0	2	1.99414950313161	0	0.99397	0.99397	0.99397	1	1	1	1	0	0	0	0	0.11842	0	0	0.11842	0	0	0	0	0	1	1
AC-DFCI_AC_PD1-1-TP-NT-SM-9LRI9-SM-9LRIA	6	57372321	57512586	7	140265	0.06778	5.00015000450013e-05	0.9036	1	1.52691	0	0	1.52691	1.11063089452248	0	0.9036	0.59548	1.21173	0	2	0.27446	1.75529	0	0	1	0.04604	0.9851	0.06	0.01235	0.96652	1	0	0	0	0	0.27446	1.75529
AC-DFCI_AC_PD1-1-TP-NT-SM-9LRI9-SM-9LRIA	6	58250819	151130564	2916	92879745	0.00368	0.0334510035301059	1.00207	2	2	0	0	2	2.07334061444879	0	1.00207	1.00207	1.00207	1	1	1	1	0	0	0.04	0	0.14618	0.04	0	0.14618	0	0	0	0	0	1	1
AC-DFCI_AC_PD1-1-TP-NT-SM-9LRI9-SM-9LRIA	6	151142350	151161500	3	19150	0.15799	1.00003000090003e-05	1.38146	5	5.15239	0	0	5.15239	5.78251539501997	0	1.38146	0.9977	1.76522	1	4	1.04693	3.90713	0	0	0.02	0.01065	0.96051	0.77	0.02381	0.97636	0	0	0	0	0	1.04693	3.90713
AC-DFCI_AC_PD1-1-TP-NT-SM-9LRI9-SM-9LRIA	6	151198935	170892714	944	19693779	0.00648	0.00709021270638119	1.00359	2	2	0	0	2	2.08820116867128	0	1.00359	1.00359	1.00359	1	1	1	1	0	0	0.04	0	0.15149	0.04	0	0.15149	0	0	0	0	0	1	1
AC-DFCI_AC_PD1-1-TP-NT-SM-9LRI9-SM-9LRIA	7	208936	27140714	1168	26931778	0.00576	0.00970029100873026	0.9927	2	2	0	0	2	1.98173311901151	0	0.9927	0.9927	0.9927	1	1	1	1	0	0	0.01	0	0.11981	0.01	0	0.11981	0	0	0	0	0	1	1
AC-DFCI_AC_PD1-1-TP-NT-SM-9LRI9-SM-9LRIA	7	27147936	27279054	24	131118	0.04607	5.00015000450013e-05	1.13863	3	3.43104	0	0	3.43104	3.40844409117406	0	1.13863	0.8129	1.46435	0	2	0.76413	2.38567	0	0	0.89	0.0198	0.97636	0.3	0.01494	0.97183	1	0	0	0	0	0.76413	2.38567
AC-DFCI_AC_PD1-1-TP-NT-SM-9LRI9-SM-9LRIA	7	27284795	121616872	4362	94332077	0.00296	0.0339810194305829	0.98444	2	2	0	0	2	1.9009777388288	0	0.98444	0.98444	0.98444	1	1	1	1	0	0	0.05	0	0.14768	0.05	0	0.14768	0	0	0	0	0	1	1
AC-DFCI_AC_PD1-1-TP-NT-SM-9LRI9-SM-9LRIA	7	121624096	128852078	396	7227982	0.00862	0.00260007800234007	0.86361	1	1	0	0	1	0.719661444945422	0	0.86361	0.75482	0.9724	0	1	0	1	0	0	1	0.85289	1	0.11	0	0.31598	1	0	0	0	0	0	1
AC-DFCI_AC_PD1-1-TP-NT-SM-9LRI9-SM-9LRIA	7	128923244	130021587	96	1098343	0.01869	0.000400012000360011	0.92304	1	1.02085	0	0	1.02085	1.30068956168372	0	0.92304	0.74168	1.1044	0	2	0	1.6538	0	0	1	0.66102	1	0.54	0.13426	0.90661	1	0	0	0	0	0	1.6538
AC-DFCI_AC_PD1-1-TP-NT-SM-9LRI9-SM-9LRIA	7	130023612	137597699	302	7574087	0.01003	0.00273008190245707	0.87796	1	1	0	0	1	0.859956808822162	0	0.87796	0.83105	0.92487	0	1	0.01329	0.93238	0	0	0.8	0.269	0.98301	0.34	0.02305	0.82914	1	0	0	0	0	0.01329	0.93238
AC-DFCI_AC_PD1-1-TP-NT-SM-9LRI9-SM-9LRIA	7	137607424	137640037	4	32613	0.11088	1.00003000090003e-05	1.11857	3	3.44835	0	0	3.44835	3.21232388215891	NA	NA	NA	NA	NA	NA	NA	NA	NA	NA	NA	NA	NA	NA	NA	NA	NA	NA	NA	NA	NA	NA	NA
AC-DFCI_AC_PD1-1-TP-NT-SM-9LRI9-SM-9LRIA	7	137642517	140069436	192	2426919	0.01268	0.000870026100783024	0.88505	1	1	0	0	1	0.929273472925722	0	0.88505	0.87493	0.89517	0	1	0.00853	0.73956	0	1	0.58	0.32369	0.83459	0.49	0.22494	0.73693	1	0	0	0	0	0.00853	0.73956
AC-DFCI_AC_PD1-1-TP-NT-SM-9LRI9-SM-9LRIA	7	140080136	140266979	21	186843	0.03957	7.00021000630019e-05	0.91374	1	1.26257	0	0	1.26257	1.20976643387511	0	0.91374	0.65664	1.17084	0	2	0	1.99573	1	0	NA	NA	NA	0.86	0.3265	0.98691	1	0	0	0	0	0	1.99573
AC-DFCI_AC_PD1-1-TP-NT-SM-9LRI9-SM-9LRIA	7	140268588	141766446	118	1497858	0.01655	0.000540016200486015	0.90582	1	1.00008	0	0	1.00008	1.13233512503164	0	0.90582	0.86752	0.94413	0	1	0.15809	0.98482	0	0	0.62	0.13965	0.9588	0.25	0.01092	0.74978	1	0	0	0	0	0.15809	0.98482
AC-DFCI_AC_PD1-1-TP-NT-SM-9LRI9-SM-9LRIA	7	141768474	141794230	18	25756	0.05786	1.00003000090003e-05	1.23871	4	4.36834	0	0	4.36834	4.38689426655971	NA	NA	NA	NA	NA	NA	NA	NA	NA	NA	NA	NA	NA	NA	NA	NA	NA	NA	NA	NA	NA	NA	NA
AC-DFCI_AC_PD1-1-TP-NT-SM-9LRI9-SM-9LRIA	7	141794604	142460795	94	666191	0.0169	0.000240007200216006	0.82498	0	0.41871	1	0	0.41871	0.341988280725321	0	0.82498	0.81884	0.83113	0	0	0	0	0	0	0.86	0.62506	0.98658	0.8	0.56842	0.97184	1	1	0	0	0	0	0
AC-DFCI_AC_PD1-1-TP-NT-SM-9LRI9-SM-9LRIA	7	142481253	142482288	3	1035	0.14098	0	1.23215	4	4.29832	0	0	4.29832	4.32275924307321	NA	NA	NA	NA	NA	NA	NA	NA	NA	NA	NA	NA	NA	NA	NA	NA	NA	NA	NA	NA	NA	NA	NA
AC-DFCI_AC_PD1-1-TP-NT-SM-9LRI9-SM-9LRIA	7	142494268	143270077	154	775809	0.01397	0.000280008400252008	0.87315	1	1	0	0	1	0.812930976052328	0	0.87315	0.73732	1.00898	0	1	0.00146	1.01265	0	0	1	0.405	1	0.07	0.00257	0.7735	1	0	0	0	0	0.00146	1.01265
AC-DFCI_AC_PD1-1-TP-NT-SM-9LRI9-SM-9LRIA	7	143339885	143560392	26	220507	0.04435	8.00024000720022e-05	1.14067	3	3.44965	0	0	3.44965	3.4283885192095	NA	NA	NA	NA	NA	NA	NA	NA	NA	NA	NA	NA	NA	NA	NA	NA	NA	NA	NA	NA	NA	NA	NA
AC-DFCI_AC_PD1-1-TP-NT-SM-9LRI9-SM-9LRIA	7	143632802	149484554	192	5851752	0.01229	0.00211006330189906	0.85745	1	0.99998	0	0	0.99998	0.659437093622725	0	0.85745	0.83995	0.87495	0	0	0.00102	0.10574	0	1	0.76	0.37088	0.97654	0.58	0.2096	0.91651	1	1	0	0	0	0.00102	0.10574
AC-DFCI_AC_PD1-1-TP-NT-SM-9LRI9-SM-9LRIA	7	149484818	150094392	80	609574	0.01884	0.000220006600198006	0.84895	1	0.99671	0	0	0.99671	0.576335310141728	0	0.84895	0.48107	1.21682	0	2	1e-05	2.00905	1	0	NA	NA	NA	0.09	0.00499	0.86818	1	0	0	0	0	1e-05	2.00905
AC-DFCI_AC_PD1-1-TP-NT-SM-9LRI9-SM-9LRIA	7	150164104	158937227	523	8773123	0.00773	0.00316009480284409	0.89008	1	1	0	0	1	0.978450175385652	0	0.89008	0.85652	0.92364	0	1	0.02044	0.9781	0	0	0.67	0.26123	0.96216	0.35	0.03389	0.74859	1	0	0	0	0	0.02044	0.9781
AC-DFCI_AC_PD1-1-TP-NT-SM-9LRI9-SM-9LRIA	8	116555	6783461	183	6666906	0.01451	0.00240007200216006	0.98952	2	2	0	0	2	1.95064327530921	0	0.98952	0.98952	0.98952	1	1	1	1	0	0	0.02	0	0.18715	0.02	0	0.18715	0	0	0	0	0	1	1
AC-DFCI_AC_PD1-1-TP-NT-SM-9LRI9-SM-9LRIA	8	6835346	6874285	6	38939	0.04723	1.00003000090003e-05	0.58109	0	0.00058	1	0	0.00058	-2.04244630435468	NA	NA	NA	NA	NA	NA	NA	NA	NA	NA	NA	NA	NA	NA	NA	NA	NA	NA	NA	NA	NA	NA	NA
AC-DFCI_AC_PD1-1-TP-NT-SM-9LRI9-SM-9LRIA	8	6914133	108972973	3579	102058840	0.00331	0.036761102833085	0.99701	2	2	0	0	2	2.02387061157658	0	0.99701	0.99701	0.99701	1	1	1	1	0	0	0.01	0	0.11892	0.01	0	0.11892	0	0	0	0	0	1	1
AC-DFCI_AC_PD1-1-TP-NT-SM-9LRI9-SM-9LRIA	8	109215279	146279473	1630	37064194	0.00541	0.0133504005120154	1.10107	3	3	0	0	3	3.04123197499216	0	1.10107	1.00309	1.19905	1	2	1	2	0	0	0.04	0	0.21587	1	0.80523	1	0	0	0	0	0	1	2
AC-DFCI_AC_PD1-1-TP-NT-SM-9LRI9-SM-9LRIA	9	15114	35159	13	20045	0.06393	1.00003000090003e-05	1.16286	4	3.6983	0	0	3.6983	3.64533305749695	NA	NA	NA	NA	NA	NA	NA	NA	NA	NA	NA	NA	NA	NA	NA	NA	NA	NA	NA	NA	NA	NA	NA
AC-DFCI_AC_PD1-1-TP-NT-SM-9LRI9-SM-9LRIA	9	117459	146130	7	28671	0.05775	1.00003000090003e-05	0.76913	1	0.87188	0	0	0.87188	-0.204039320146869	0	0.76913	0.76913	0.76913	0	0	0.0157	0.0157	0	0	1	0.24983	1	1	0.24983	1	1	1	0	0	0	0.0157	0.0157
AC-DFCI_AC_PD1-1-TP-NT-SM-9LRI9-SM-9LRIA	9	154707	141124222	6521	140969515	0.00244	0.0507815234457034	0.99506	2	2	0	0	2	2.004806084778	0	0.99506	0.99506	0.99506	1	1	1	1	0	0	0	0	0.10703	0	0	0.10703	0	0	0	0	0	1	1
AC-DFCI_AC_PD1-1-TP-NT-SM-9LRI9-SM-9LRIA	10	94671	25885645	1068	25790974	0.00611	0.00929027870836125	1.0067	2	2	0	0	2	2.11860664474491	0	1.0067	1.0067	1.0067	1	1	1	1	0	0	0.06	0	0.1688	0.06	0	0.1688	0	0	0	0	0	1	1
AC-DFCI_AC_PD1-1-TP-NT-SM-9LRI9-SM-9LRIA	10	26241123	26802528	50	561405	0.0254	0.000200006000180005	0.90486	1	1.01093	0	0	1.01093	1.12294951183849	0	0.90486	0.87038	0.93934	0	1	0.30312	0.92248	0	0	0.61	0.07447	0.96484	0.27	0.01235	0.86324	1	0	0	0	0	0.30312	0.92248
AC-DFCI_AC_PD1-1-TP-NT-SM-9LRI9-SM-9LRIA	10	26830578	135236957	5511	108406379	0.00267	0.0390511715351461	1.00108	2	2	0	0	2	2.06366170084336	0	1.00108	1.00108	1.00108	1	1	1	1	0	0	0.03	0	0.12974	0.03	0	0.12974	0	0	0	0	0	1	1
AC-DFCI_AC_PD1-1-TP-NT-SM-9LRI9-SM-9LRIA	10	135269899	135498324	32	228425	0.0444	8.00024000720022e-05	1.26755	5	4.69587	0	0	4.69587	4.66885372957053	0	1.26755	0.72595	1.80915	0	5	0.00092	4.94642	0	0	1	0.43134	1	0.98	0.24601	0.98892	1	0	0	0	0	0.00092	4.94642
AC-DFCI_AC_PD1-1-TP-NT-SM-9LRI9-SM-9LRIA	11	169004	1008073	311	839069	0.01102	0.000300009000270008	0.97976	2	2	0	0	2	1.8552228745122	0	0.97976	0.97976	0.97976	1	1	1	1	0	0	0.07	0	0.20971	0.07	0	0.20971	0	0	0	0	0	1	1
AC-DFCI_AC_PD1-1-TP-NT-SM-9LRI9-SM-9LRIA	11	1009362	1078140	32	68778	0.03127	2.00006000180005e-05	0.8911	1	1.01494	0	0	1.01494	0.988422389403372	0	0.8911	0.8911	0.8911	1	1	0.53768	0.53768	0	0	0.51	0.05219	0.94102	0.51	0.05219	0.94102	0	0	0	0	0	0.53768	0.53768
AC-DFCI_AC_PD1-1-TP-NT-SM-9LRI9-SM-9LRIA	11	1078560	1482209	113	403649	0.01773	0.000150004500135004	0.94975	2	1.9131	0	0	1.9131	1.56182469542224	0	0.94975	0.94953	0.94997	1	1	1	1	0	0	0.22	0.06336	0.36946	0.22	0.06155	0.36749	0	0	0	0	0	1	1
AC-DFCI_AC_PD1-1-TP-NT-SM-9LRI9-SM-9LRIA	11	1501669	1855823	25	354154	0.04055	0.000130003900117003	1.02228	2	2.27861	0	0	2.27861	2.27092732552537	0	1.02228	0.84279	1.20177	0	2	0.4447	1.86673	0	0	0.74	0.03009	0.97663	0.01	0.00833	0.94606	1	0	0	0	0	0.4447	1.86673
AC-DFCI_AC_PD1-1-TP-NT-SM-9LRI9-SM-9LRIA	11	1856660	34654167	1918	32797507	0.00449	0.0118103543106293	0.99158	2	2	0	0	2	1.97078323695284	0	0.99158	0.99158	0.99158	1	1	1	1	0	0	0.01	0	0.11801	0.01	0	0.11801	0	0	0	0	0	1	1
AC-DFCI_AC_PD1-1-TP-NT-SM-9LRI9-SM-9LRIA	11	34668126	34680177	3	12051	0.14373	0	1.2563	4	4.45356	0	0	4.45356	4.55886607496333	0	1.2563	1.2563	1.2563	2	2	1.9335	1.9335	0	0	0.28	0.01453	0.96913	0.28	0.01453	0.96913	0	0	0	0	0	1.9335	1.9335
AC-DFCI_AC_PD1-1-TP-NT-SM-9LRI9-SM-9LRIA	11	34904967	83243788	4050	48338821	0.00309	0.0174105223156695	0.9917	2	2	0	0	2	1.97195643860198	0	0.9917	0.9917	0.9917	1	1	1	1	0	0	0.01	0	0.11619	0.01	0	0.11619	0	0	0	0	0	1	1
AC-DFCI_AC_PD1-1-TP-NT-SM-9LRI9-SM-9LRIA	11	83497768	93463745	299	9965977	0.00999	0.0035901077032311	0.87025	1	1	0	0	1	0.784578602864694	0	0.87025	0.85585	0.88465	0	0	0.00075	0.20787	0	1	0.68	0.36811	0.94088	0.54	0.22909	0.83298	1	1	0	0	0	0.00075	0.20787
AC-DFCI_AC_PD1-1-TP-NT-SM-9LRI9-SM-9LRIA	11	93464704	119004970	1517	25540266	0.00455	0.00920027600828025	0.89193	1	1	0	0	1	0.996537034143281	0	0.89193	0.77993	1.00392	0	1	0	1	0	0	1	0.85677	1	0.05	0	0.19939	1	0	0	0	0	0	1
AC-DFCI_AC_PD1-1-TP-NT-SM-9LRI9-SM-9LRIA	11	119024794	120355181	154	1330387	0.014	0.000480014400432013	0.87545	1	1	0	0	1	0.835417340994244	0	0.87545	0.67857	1.07234	0	1	0	1.04337	1	0	NA	NA	NA	0.38	0.04708	0.77266	1	0	0	0	0	0	1.04337
AC-DFCI_AC_PD1-1-TP-NT-SM-9LRI9-SM-9LRIA	11	120690546	124530530	214	3839984	0.01158	0.00138004140124204	0.85344	1	0.99991	0	0	0.99991	0.620232605180513	0	0.85344	0.83795	0.86893	0	0	0	0.00524	0	0	0.77	0.47411	0.9712	0.61	0.32554	0.88478	1	1	0	0	0	0	0.00524
AC-DFCI_AC_PD1-1-TP-NT-SM-9LRI9-SM-9LRIA	11	124543571	134856018	538	10312447	0.00848	0.0037101113033391	0.99137	2	2	0	0	2	1.96873013406684	0	0.99137	0.99137	0.99137	1	1	1	1	0	0	0.02	0	0.14682	0.02	0	0.14682	0	0	0	0	0	1	1
AC-DFCI_AC_PD1-1-TP-NT-SM-9LRI9-SM-9LRIA	12	87311	44139945	2522	44052634	0.00394	0.0158704761142834	0.99835	2	2	0	0	2	2.03697136332535	0	0.99835	0.99835	0.99835	1	1	1	1	0	0	0.02	0	0.12007	0.02	0	0.12007	0	0	0	0	0	1	1
AC-DFCI_AC_PD1-1-TP-NT-SM-9LRI9-SM-9LRIA	12	44161995	50531557	706	6369562	0.00702	0.00229006870206106	0.93967	1	1.14401	0	0	1.14401	1.46327575689419	0	0.93967	0.87739	1.00196	0	1	0.23888	1.0001	0	0	0.57	0.13537	0.93713	0.04	0	0.53493	1	0	0	0	0	0.23888	1.0001
AC-DFCI_AC_PD1-1-TP-NT-SM-9LRI9-SM-9LRIA	12	50535864	50724448	14	188584	0.06156	7.00021000630019e-05	1.16207	4	3.68921	0	0	3.68921	3.63760947997342	0	1.16207	1.16207	1.16207	1	1	1.52121	1.52121	0	0	0.82	0.01812	0.97561	0.82	0.01812	0.97561	0	0	0	0	0	1.52121	1.52121
AC-DFCI_AC_PD1-1-TP-NT-SM-9LRI9-SM-9LRIA	12	50727789	75897769	2347	25169980	0.00412	0.00907027210816324	1.00509	2	2	0	0	2	2.10286618928557	0	1.00509	1.00509	1.00509	1	1	1	1	0	0	0.05	0	0.14905	0.05	0	0.14905	0	0	0	0	0	1	1
AC-DFCI_AC_PD1-1-TP-NT-SM-9LRI9-SM-9LRIA	12	75900320	76447057	8	546737	0.08507	0.000200006000180005	1.21406	4	4.15771	0	0	4.15771	4.14589909446483	0	1.21406	1.21406	1.21406	2	2	1.75005	1.75005	0	0	0.07	0.01263	0.96731	0.07	0.01263	0.96731	0	0	0	0	0	1.75005	1.75005
AC-DFCI_AC_PD1-1-TP-NT-SM-9LRI9-SM-9LRIA	12	76450403	96402899	587	19952496	0.00797	0.00719021570647119	0.97386	2	2	0	0	2	1.79754046009598	0	0.97386	0.97373	0.97398	1	1	1	1	0	0	0.1	0.00559	0.20812	0.1	0.00509	0.20702	0	0	0	0	0	1	1
AC-DFCI_AC_PD1-1-TP-NT-SM-9LRI9-SM-9LRIA	12	96408705	96948519	26	539814	0.04006	0.000190005700171005	1.03	2	2.3756	0	0	2.3756	2.34640329828694	0	1.03	0.86193	1.19806	1	2	0.93693	1.60231	0	0	0.65	0.01708	0.97468	0.99	0.01933	0.97654	0	0	0	0	0	0.93693	1.60231
AC-DFCI_AC_PD1-1-TP-NT-SM-9LRI9-SM-9LRIA	12	96970450	124885133	2539	27914683	0.0039	0.0100503015090453	0.99127	2	2	0	0	2	1.96775246602588	0	0.99127	0.99127	0.99127	1	1	1	1	0	0	0.02	0	0.12048	0.02	0	0.12048	0	0	0	0	0	1	1
AC-DFCI_AC_PD1-1-TP-NT-SM-9LRI9-SM-9LRIA	12	124904552	124914205	3	9653	0.14919	0	1.30426	5	4.74405	0	0	4.74405	5.02775566740433	NA	NA	NA	NA	NA	NA	NA	NA	NA	NA	NA	NA	NA	NA	NA	NA	NA	NA	NA	NA	NA	NA	NA
AC-DFCI_AC_PD1-1-TP-NT-SM-9LRI9-SM-9LRIA	12	124957587	133810817	403	8853230	0.00968	0.00319009570287109	0.97976	2	2	0	0	2	1.8552228745122	0	0.97976	0.97976	0.97976	1	1	1	1	0	0	0.07	0	0.18377	0.07	0	0.18377	0	0	0	0	0	1	1
AC-DFCI_AC_PD1-1-TP-NT-SM-9LRI9-SM-9LRIA	13	19751407	27239232	351	7487825	0.01061	0.00270008100243007	1.00252	2	2	0	0	2	2.07774012063308	0	1.00252	1.00239	1.00264	1	1	1	1	0	0	0.04	0	0.16424	0.04	0	0.16528	0	0	0	0	0	1	1
AC-DFCI_AC_PD1-1-TP-NT-SM-9LRI9-SM-9LRIA	13	27250773	28589782	61	1339009	0.02649	0.000480014400432013	1.04333	3	2.53413	0	0	2.53413	2.47672644814596	0	1.04333	1.04333	1.04333	1	1	1.09607	1.09607	0	0	0.24	0.01042	0.88611	0.24	0.01042	0.88611	0	0	0	0	0	1.09607	1.09607
AC-DFCI_AC_PD1-1-TP-NT-SM-9LRI9-SM-9LRIA	13	28597550	54886145	1137	26288595	0.00588	0.00947028410852326	0.99978	2	2	0	0	2	2.05095201631097	0	0.99978	0.99978	0.99978	1	1	1	1	0	0	0.03	0	0.13036	0.03	0	0.13036	0	0	0	0	0	1	1
AC-DFCI_AC_PD1-1-TP-NT-SM-9LRI9-SM-9LRIA	13	57716818	57743097	9	26279	0.02969	1.00003000090003e-05	0.44618	0	0	1	0	0	-3.36141825840423	NA	NA	NA	NA	NA	NA	NA	NA	NA	NA	NA	NA	NA	NA	NA	NA	NA	NA	NA	NA	NA	NA	NA
AC-DFCI_AC_PD1-1-TP-NT-SM-9LRI9-SM-9LRIA	13	58240631	73573046	100	15332415	0.02024	0.00552016560496815	1.02061	2	2.01	0	0	2.01	2.25460026924146	0	1.02061	1.02061	1.02061	1	1	1	1	0	0	0.13	0.00379	0.29966	0.13	0.00379	0.29966	0	0	0	0	0	1	1
AC-DFCI_AC_PD1-1-TP-NT-SM-9LRI9-SM-9LRIA	13	73637991	74289583	4	651592	0.12751	0.000230006900207006	1.28704	5	4.68782	0	0	4.68782	4.85940123075225	NA	NA	NA	NA	NA	NA	NA	NA	NA	NA	NA	NA	NA	NA	NA	NA	NA	NA	NA	NA	NA	NA	NA
AC-DFCI_AC_PD1-1-TP-NT-SM-9LRI9-SM-9LRIA	13	74420237	115090537	1059	40670300	0.00607	0.0146504395131854	0.99553	2	2	0	0	2	2.00940112457048	0	0.99553	0.99553	0.99553	1	1	1	1	0	0	0	0	0.11941	0	0	0.11941	0	0	0	0	0	1	1
AC-DFCI_AC_PD1-1-TP-NT-SM-9LRI9-SM-9LRIA	14	19553677	20404293	30	850616	0.04424	0.000310009300279008	1.2228	4	4.17361	0	0	4.17361	4.23134728124411	0	1.2228	0.86114	1.58446	0	4	0.40264	3.65097	0	0	0.65	0.0375	0.9737	0.88	0.06701	0.98222	1	0	0	0	0	0.40264	3.65097
AC-DFCI_AC_PD1-1-TP-NT-SM-9LRI9-SM-9LRIA	14	20470793	20528673	4	57880	0.08352	2.00006000180005e-05	0.84127	1	1.36278	0	0	1.36278	0.501250404596546	0	0.84127	0.6624	1.02014	0	1	0	1.00873	0	0	1	0.65023	1	0.13	0.00333	0.72651	1	0	0	0	0	0	1.00873
AC-DFCI_AC_PD1-1-TP-NT-SM-9LRI9-SM-9LRIA	14	20586081	74995743	3153	54409662	0.00355	0.0196005880176405	1.00501	2	2	0	0	2	2.10208405485281	0	1.00501	1.00501	1.00501	1	1	1	1	0	0	0.05	0	0.14911	0.05	0	0.14911	0	0	0	0	0	1	1
AC-DFCI_AC_PD1-1-TP-NT-SM-9LRI9-SM-9LRIA	14	75002666	76488703	183	1486037	0.01513	0.000540016200486015	1.03201	2	2.02144	0	0	2.02144	2.36605442591009	0	1.03201	0.86344	1.20057	0	2	0.39443	1.94877	0	0	0.64	0.04001	0.97287	0.01	0.00437	0.88771	1	0	0	0	0	0.39443	1.94877
AC-DFCI_AC_PD1-1-TP-NT-SM-9LRI9-SM-9LRIA	14	76525693	106054578	1668	29528885	0.00479	0.0106403192095763	0.98616	2	2	0	0	2	1.91779362913319	0	0.98616	0.98616	0.98616	1	1	1	1	0	0	0.04	0	0.14022	0.04	0	0.14022	0	0	0	0	0	1	1
AC-DFCI_AC_PD1-1-TP-NT-SM-9LRI9-SM-9LRIA	14	106066979	106067910	3	931	0.07838	0	0.68277	1	0.82547	0	0	0.82547	-1.04835344031378	NA	NA	NA	NA	NA	NA	NA	NA	NA	NA	NA	NA	NA	NA	NA	NA	NA	NA	NA	NA	NA	NA	NA
AC-DFCI_AC_PD1-1-TP-NT-SM-9LRI9-SM-9LRIA	14	106091397	107282943	114	1191546	0.02	0.000430012900387012	1.07694	3	2.99892	0	0	2.99892	2.80532067671022	0	1.07694	1.07694	1.07694	1	1	1	1	1	1	0.4	0.2372	0.55804	0.4	0.2372	0.55804	0	0	0	0	0	1	1
AC-DFCI_AC_PD1-1-TP-NT-SM-9LRI9-SM-9LRIA	15	20362798	30436361	632	10073563	0.00795	0.0036301089032671	1.00794	2	2	0	0	2	2.13072972845273	0	1.00794	1.00794	1.00794	1	1	1	1	0	0	0.07	0	0.25866	0.07	0	0.25866	0	0	0	0	0	1	1
AC-DFCI_AC_PD1-1-TP-NT-SM-9LRI9-SM-9LRIA	15	30437210	30437682	3	472	0.0754	0	0.65663	1	0.67963	0	0	0.67963	-1.30391586621887	NA	NA	NA	NA	NA	NA	NA	NA	NA	NA	NA	NA	NA	NA	NA	NA	NA	NA	NA	NA	NA	NA	NA
AC-DFCI_AC_PD1-1-TP-NT-SM-9LRI9-SM-9LRIA	15	30654755	32460400	149	1805645	0.01599	0.000650019500585018	0.98396	2	2	0	0	2	1.89628493223223	0	0.98396	0.98396	0.98396	1	1	0.99954	0.99954	0	0	0.05	0	0.58731	0.05	0	0.58731	0	0	0	0	0	0.99954	0.99954
AC-DFCI_AC_PD1-1-TP-NT-SM-9LRI9-SM-9LRIA	15	32685320	32685722	3	402	0.06887	0	0.59937	0	0.24175	1	0	0.24175	-1.8637285864685	NA	NA	NA	NA	NA	NA	NA	NA	NA	NA	NA	NA	NA	NA	NA	NA	NA	NA	NA	NA	NA	NA	NA
AC-DFCI_AC_PD1-1-TP-NT-SM-9LRI9-SM-9LRIA	15	32686903	32691007	7	4104	0.09725	0	1.29862	5	4.84414	0	0	4.84414	4.97261518989459	NA	NA	NA	NA	NA	NA	NA	NA	NA	NA	NA	NA	NA	NA	NA	NA	NA	NA	NA	NA	NA	NA	NA
AC-DFCI_AC_PD1-1-TP-NT-SM-9LRI9-SM-9LRIA	15	32691467	34823717	255	2132250	0.01246	0.000770023100693021	1.00287	2	2	0	0	2	2.08116195877642	0	1.00287	1.00181	1.00392	1	1	1	1	0	0	0.04	0	0.23215	0.05	0	0.24011	0	0	0	0	0	1	1
AC-DFCI_AC_PD1-1-TP-NT-SM-9LRI9-SM-9LRIA	15	34824180	34825423	3	1243	0.14921	0	1.30439	5	4.74479	0	0	4.74479	5.02902663585757	NA	NA	NA	NA	NA	NA	NA	NA	NA	NA	NA	NA	NA	NA	NA	NA	NA	NA	NA	NA	NA	NA	NA
AC-DFCI_AC_PD1-1-TP-NT-SM-9LRI9-SM-9LRIA	15	35045126	41828773	458	6783647	0.00945	0.00244007320219607	1.01934	2	2	0	0	2	2.24218388512136	0	1.01934	1.01925	1.01943	1	1	1	1	0	0	0.12	0.01184	0.23518	0.12	0.01226	0.23603	0	0	0	0	0	1	1
AC-DFCI_AC_PD1-1-TP-NT-SM-9LRI9-SM-9LRIA	15	41853416	41865945	16	12529	0.06032	0	1.21739	4	4.17591	0	0	4.17591	4.17845544022856	0	1.21739	0.78571	1.64908	1	2	0.94625	2.4212	0	0	1	0.01808	0.9761	0.2	0.01472	0.97288	0	0	0	0	0	0.94625	2.4212
AC-DFCI_AC_PD1-1-TP-NT-SM-9LRI9-SM-9LRIA	15	41870310	60641335	1767	18771025	0.00463	0.00676020280608418	0.98207	2	2	0	0	2	1.87780700625822	0	0.98207	0.98207	0.98207	1	1	1	1	0	0	0.06	0	0.15948	0.06	0	0.15948	0	0	0	0	0	1	1
AC-DFCI_AC_PD1-1-TP-NT-SM-9LRI9-SM-9LRIA	15	60644627	60720757	9	76130	0.07766	3.00009000270008e-05	1.17535	4	3.8236	0	0	3.8236	3.76744379581196	0	1.17535	1.17535	1.17535	2	2	1.69383	1.69383	0	0	0.88	0.02721	0.97812	0.88	0.02721	0.97812	0	0	0	0	0	1.69383	1.69383
AC-DFCI_AC_PD1-1-TP-NT-SM-9LRI9-SM-9LRIA	15	60741543	84795282	1990	24053739	0.00443	0.00866025980779423	0.99678	2	2	0	0	2	2.02162197508239	0	0.99678	0.99678	0.99678	1	1	1	1	0	0	0.01	0	0.11856	0.01	0	0.11856	0	0	0	0	0	1	1
AC-DFCI_AC_PD1-1-TP-NT-SM-9LRI9-SM-9LRIA	15	84842834	84911277	10	68443	0.07872	2.00006000180005e-05	1.25628	5	4.51838	0	0	4.51838	4.55867054135514	NA	NA	NA	NA	NA	NA	NA	NA	NA	NA	NA	NA	NA	NA	NA	NA	NA	NA	NA	NA	NA	NA	NA
AC-DFCI_AC_PD1-1-TP-NT-SM-9LRI9-SM-9LRIA	15	85147361	90622976	373	5475615	0.01024	0.00197005910177305	0.99674	2	2	0	0	2	2.02123090786601	0	0.99674	0.99674	0.99674	1	1	1	1	0	0	0.01	0	0.13207	0.01	0	0.13207	0	0	0	0	0	1	1
AC-DFCI_AC_PD1-1-TP-NT-SM-9LRI9-SM-9LRIA	15	90628094	93540256	253	2912162	0.01263	0.00105003150094503	1.01294	2	2	0	0	2	2.17961313050037	0	1.01294	0.99755	1.02833	1	1	1	1.00001	0	0	0.01	0	0.38887	0.17	0.0041	0.50946	0	0	0	0	0	1	1.00001
AC-DFCI_AC_PD1-1-TP-NT-SM-9LRI9-SM-9LRIA	15	93545477	102518961	255	8973484	0.01232	0.00323009690290709	0.99162	2	2	0	0	2	1.97117430416922	0	0.99162	0.99156	0.99168	1	1	1	1	0	0	0.01	0	0.14046	0.01	0	0.13994	0	0	0	0	0	1	1
AC-DFCI_AC_PD1-1-TP-NT-SM-9LRI9-SM-9LRIA	16	64685	819530	319	754845	0.01063	0.000270008100243007	0.95734	2	1.99943	0	0	1.99943	1.63602969973057	0	0.95734	0.93301	0.98166	1	1	0.99311	0.99998	0	0	0.3	0.02247	0.70206	0.06	0	0.49816	0	0	0	0	0	0.99311	0.99998
AC-DFCI_AC_PD1-1-TP-NT-SM-9LRI9-SM-9LRIA	16	822967	824257	3	1290	0.07853	0	0.68412	1	0.8318	0	0	0.8318	-1.03515492176092	NA	NA	NA	NA	NA	NA	NA	NA	NA	NA	NA	NA	NA	NA	NA	NA	NA	NA	NA	NA	NA	NA	NA
AC-DFCI_AC_PD1-1-TP-NT-SM-9LRI9-SM-9LRIA	16	825212	14966138	1510	14140926	0.00497	0.00509015270458114	0.97388	2	2	0	0	2	1.79773599370417	0	0.97388	0.97388	0.97388	1	1	1	1	0	0	0.1	0.00748	0.19941	0.1	0.00748	0.19941	0	0	0	0	0	1	1
AC-DFCI_AC_PD1-1-TP-NT-SM-9LRI9-SM-9LRIA	16	14969238	14972634	4	3396	0.13165	0	1.32907	5	4.96242	0	0	4.96242	5.27031510836475	NA	NA	NA	NA	NA	NA	NA	NA	NA	NA	NA	NA	NA	NA	NA	NA	NA	NA	NA	NA	NA	NA	NA
AC-DFCI_AC_PD1-1-TP-NT-SM-9LRI9-SM-9LRIA	16	14975471	23768877	1053	8793406	0.00602	0.00317009510285309	0.98419	2	2	0	0	2	1.89853356872642	0	0.98419	0.98419	0.98419	1	1	1	1	0	0	0.05	0	0.16352	0.05	0	0.16352	0	0	0	0	0	1	1
AC-DFCI_AC_PD1-1-TP-NT-SM-9LRI9-SM-9LRIA	16	23848711	24124342	5	275631	0.06834	0.000100003000090003	0.76919	1	0.9682	0	0	0.9682	-0.203452719322296	0	0.76919	0.76919	0.76919	0	0	0.50287	0.50287	0	0	1	0.02744	0.97947	1	0.02744	0.97947	1	1	0	0	0	0.50287	0.50287
AC-DFCI_AC_PD1-1-TP-NT-SM-9LRI9-SM-9LRIA	16	24166091	28607177	275	4441086	0.01169	0.00160004800144004	0.9768	2	2	0	0	2	1.8262839005	0	0.9768	0.9768	0.9768	1	1	1	1	0	0	0.09	0	0.21431	0.09	0	0.21431	0	0	0	0	0	1	1
AC-DFCI_AC_PD1-1-TP-NT-SM-9LRI9-SM-9LRIA	16	28617467	28659546	10	42079	0.08187	2.00006000180005e-05	1.30674	5	4.94636	0	0	4.94636	5.05200183481997	NA	NA	NA	NA	NA	NA	NA	NA	NA	NA	NA	NA	NA	NA	NA	NA	NA	NA	NA	NA	NA	NA	NA
AC-DFCI_AC_PD1-1-TP-NT-SM-9LRI9-SM-9LRIA	16	28663587	55840310	1345	27176723	0.00531	0.00979029370881126	0.9815	2	2	0	0	2	1.87223429842479	0	0.9815	0.9815	0.9815	1	1	1	1	0	0	0.06	0	0.17268	0.06	0	0.17268	0	0	0	0	0	1	1
AC-DFCI_AC_PD1-1-TP-NT-SM-9LRI9-SM-9LRIA	16	55844880	55855356	6	10476	0.06367	0	0.78514	1	0.97247	0	0	0.97247	-0.0475146667903113	0	0.78514	0.78514	0.78514	0	0	0.49538	0.49538	0	0	1	0.02752	0.97913	1	0.02752	0.97913	1	1	0	0	0	0.49538	0.49538
AC-DFCI_AC_PD1-1-TP-NT-SM-9LRI9-SM-9LRIA	16	55860135	90233202	2853	34373067	0.00368	0.0123803714111423	0.99131	2	2	0	0	2	1.96814353324226	0	0.99131	0.99131	0.99131	1	1	1	1	0	0	0.02	0	0.11956	0.02	0	0.11956	0	0	0	0	0	1	1
AC-DFCI_AC_PD1-1-TP-NT-SM-9LRI9-SM-9LRIA	17	11268	43565120	5862	43553852	0.00257	0.0156904707141214	0.99211	2	2	0	0	2	1.97596487756989	0	0.99211	0.99211	0.99211	1	1	1	1	0	0	0.01	0	0.114	0.01	0	0.114	0	0	0	0	0	1	1
AC-DFCI_AC_PD1-1-TP-NT-SM-9LRI9-SM-9LRIA	17	43580758	43611598	4	30840	0.07	1.00003000090003e-05	0.70428	1	0.77661	0	0	0.77661	-0.838057044704818	NA	NA	NA	NA	NA	NA	NA	NA	NA	NA	NA	NA	NA	NA	NA	NA	NA	NA	NA	NA	NA	NA	NA
AC-DFCI_AC_PD1-1-TP-NT-SM-9LRI9-SM-9LRIA	17	43717989	61473205	1477	17755216	0.00518	0.00640019200576017	1.00416	2	2	0	0	2	2.09377387650471	0	1.00416	1.00416	1.00416	1	1	1	1	0	0	0.05	0	0.16917	0.05	0	0.16917	0	0	0	0	0	1	1
AC-DFCI_AC_PD1-1-TP-NT-SM-9LRI9-SM-9LRIA	17	61489424	61492961	3	3537	0.14584	0	1.27481	5	4.56865	0	0	4.56865	4.73983242934371	NA	NA	NA	NA	NA	NA	NA	NA	NA	NA	NA	NA	NA	NA	NA	NA	NA	NA	NA	NA	NA	NA	NA
AC-DFCI_AC_PD1-1-TP-NT-SM-9LRI9-SM-9LRIA	17	61498337	79430739	2003	17932402	0.00436	0.00646019380581417	0.98443	2	2	0	0	2	1.9008799720247	0	0.98443	0.9844	0.98446	1	1	1	1	0	0	0.05	0	0.14859	0.05	0	0.14835	0	0	0	0	0	1	1
AC-DFCI_AC_PD1-1-TP-NT-SM-9LRI9-SM-9LRIA	17	79477682	79479321	5	1639	0.10791	0	1.21758	4	4.1935	0	0	4.1935	4.18031300950637	0	1.21758	1.21758	1.21758	2	2	1.88207	1.88207	0	0	0.09	0.01096	0.95911	0.09	0.01096	0.95911	0	0	0	0	0	1.88207	1.88207
AC-DFCI_AC_PD1-1-TP-NT-SM-9LRI9-SM-9LRIA	17	79496591	81187997	372	1691406	0.00994	0.000610018300549016	0.96602	2	2	0	0	2	1.72089128568528	0	0.96602	0.96602	0.96602	1	1	1	1	0	0	0.14	0.01085	0.28765	0.14	0.01085	0.28765	0	0	0	0	0	1	1
AC-DFCI_AC_PD1-1-TP-NT-SM-9LRI9-SM-9LRIA	18	48994	78005195	2425	77956201	0.00406	0.0280808424252728	1.00881	2	2	0	0	2	2.13923544040902	0	1.00881	1.00881	1.00881	1	1	1	1	0	0	0.07	0	0.16537	0.07	0	0.16537	0	0	0	0	0	1	1
AC-DFCI_AC_PD1-1-TP-NT-SM-9LRI9-SM-9LRIA	19	72041	17443787	3565	17371746	0.0032	0.00626018780563417	0.96416	2	2	0	0	2	1.70270666012355	0	0.96416	0.96416	0.96416	1	1	1	1	0	0	0.15	0.0457	0.24237	0.15	0.0457	0.24237	0	0	0	0	0	1	1
AC-DFCI_AC_PD1-1-TP-NT-SM-9LRI9-SM-9LRIA	19	17444297	17452399	10	8102	0.07307	0	1.16574	4	3.7347	0	0	3.7347	3.67348989707639	0	1.16574	1.16574	1.16574	2	2	1.69637	1.69637	0	0	0.84	0.03085	0.97824	0.84	0.03085	0.97824	0	0	0	0	0	1.69637	1.69637
AC-DFCI_AC_PD1-1-TP-NT-SM-9LRI9-SM-9LRIA	19	17471377	35597512	932	18126135	0.00627	0.00653019590587718	0.96556	2	2	0	0	2	1.71639401269689	0	0.96556	0.96556	0.96556	1	1	1	1	0	0	0.14	0.03441	0.24149	0.14	0.03441	0.24149	0	0	0	0	0	1	1
AC-DFCI_AC_PD1-1-TP-NT-SM-9LRI9-SM-9LRIA	19	35611998	35633400	11	21402	0.07179	1.00003000090003e-05	1.20127	4	4.04189	0	0	4.04189	4.02085535202695	0	1.20127	1.20127	1.20127	2	2	1.99988	1.99988	0	0	0.01	0	0.55788	0.01	0	0.55788	0	0	0	0	0	1.99988	1.99988
AC-DFCI_AC_PD1-1-TP-NT-SM-9LRI9-SM-9LRIA	19	35642194	51607572	3200	15965378	0.00342	0.00575017250517515	0.97574	2	2	0	0	2	1.8159206192659	0	0.97574	0.97574	0.97574	1	1	1	1	0	0	0.09	0.00441	0.18695	0.09	0.00441	0.18695	0	0	0	0	0	1	1
AC-DFCI_AC_PD1-1-TP-NT-SM-9LRI9-SM-9LRIA	19	51628993	52133277	96	504284	0.01817	0.000180005400162005	0.89707	1	1.00004	0	0	1.00004	1.04678917144826	0	0.89707	0.89707	0.89707	1	1	0.69107	0.69107	0	0	0.48	0.10365	0.85052	0.48	0.10365	0.85052	0	0	0	0	0	0.69107	0.69107
AC-DFCI_AC_PD1-1-TP-NT-SM-9LRI9-SM-9LRIA	19	52146857	52148756	3	1899	0.05216	0	0.45271	0	4e-05	1	0	4e-05	-3.29757653533	NA	NA	NA	NA	NA	NA	NA	NA	NA	NA	NA	NA	NA	NA	NA	NA	NA	NA	NA	NA	NA	NA	NA
AC-DFCI_AC_PD1-1-TP-NT-SM-9LRI9-SM-9LRIA	19	52149701	54722669	286	2572968	0.01099	0.000930027900837025	0.93639	1	1.07793	0	0	1.07793	1.43120824515094	0	0.93639	0.93567	0.93711	1	1	1	1	1	1	0.29	0.15663	0.40899	0.28	0.14994	0.40208	0	0	0	0	0	1	1
AC-DFCI_AC_PD1-1-TP-NT-SM-9LRI9-SM-9LRIA	19	54725103	54746583	13	21480	0.03873	1.00003000090003e-05	0.70245	0	0.00733	1	0	0.00733	-0.855948369854256	0	0.70245	0.70245	0.70245	0	0	0	0	0	0	1	0.70829	1	1	0.70829	1	1	1	0	0	0	0	0
AC-DFCI_AC_PD1-1-TP-NT-SM-9LRI9-SM-9LRIA	19	54756247	59083958	727	4327711	0.007	0.00156004680140404	0.95147	2	1.99819	0	0	1.99819	1.57864058572663	0	0.95147	0.95147	0.95147	1	1	1	1	0	1	0.21	0.08743	0.32417	0.21	0.08743	0.32417	0	0	0	0	0	1	1
AC-DFCI_AC_PD1-1-TP-NT-SM-9LRI9-SM-9LRIA	20	76852	62904763	3860	62827911	0.00317	0.0226306789203676	0.99252	2	2	0	0	2	1.97997331653779	0	0.99252	0.99252	0.99252	1	1	1	1	0	0	0.01	0	0.11643	0.01	0	0.11643	0	0	0	0	0	1	1
AC-DFCI_AC_PD1-1-TP-NT-SM-9LRI9-SM-9LRIA	21	9908381	19169167	102	9260786	0.01967	0.00334010020300609	1.00137	2	2.00014	0	0	2.00014	2.06649693816213	0	1.00137	1.00137	1.00137	1	1	1	1	0	0	0.03	0	0.43008	0.03	0	0.43008	0	0	0	0	0	1	1
AC-DFCI_AC_PD1-1-TP-NT-SM-9LRI9-SM-9LRIA	21	19635159	48084245	1489	28449086	0.00512	0.0102503075092253	0.99658	2	2	0	0	2	2.01966663900048	0	0.99658	0.99658	0.99658	1	1	1	1	0	0	0.01	0	0.11552	0.01	0	0.11552	0	0	0	0	0	1	1
AC-DFCI_AC_PD1-1-TP-NT-SM-9LRI9-SM-9LRIA	22	16258244	16287569	12	29325	0.07064	1.00003000090003e-05	1.23481	4	4.33513	0	0	4.33513	4.34876521296255	NA	NA	NA	NA	NA	NA	NA	NA	NA	NA	NA	NA	NA	NA	NA	NA	NA	NA	NA	NA	NA	NA	NA
AC-DFCI_AC_PD1-1-TP-NT-SM-9LRI9-SM-9LRIA	22	17072603	50968031	3467	33895428	0.00331	0.0122103663109893	0.98391	2	2	0	0	2	1.89579609821175	0	0.98391	0.98391	0.98391	1	1	1	1	0	0	0.05	0	0.14867	0.05	0	0.14867	0	0	0	0	0	1	1
AC-DFCI_AC_PD1-1-TP-NT-SM-9LRI9-SM-9LRIA	22	50969211	50969729	3	518	0.14624	0	1.27835	5	4.59024	0	0	4.59024	4.77444187799344	NA	NA	NA	NA	NA	NA	NA	NA	NA	NA	NA	NA	NA	NA	NA	NA	NA	NA	NA	NA	NA	NA	NA
AC-DFCI_AC_PD1-1-TP-NT-SM-9LRI9-SM-9LRIA	22	50989752	51142634	56	152882	0.02526	6.00018000540016e-05	0.95279	2	1.88969	0	0	1.88969	1.59154580386721	NA	NA	NA	NA	NA	NA	NA	NA	NA	NA	NA	NA	NA	NA	NA	NA	NA	NA	NA	NA	NA	NA	NA
AC-DFCI_AC_PD1-1-TP-NT-SM-9LRI9-SM-9LRIA	22	51143457	51153409	4	9952	0.11938	0	1.20467	4	4.10231	0	0	4.10231	4.05409606541935	NA	NA	NA	NA	NA	NA	NA	NA	NA	NA	NA	NA	NA	NA	NA	NA	NA	NA	NA	NA	NA	NA	NA
AC-DFCI_AC_PD1-1-TP-NT-SM-9LRI9-SM-9LRIA	22	51169444	51237387	16	67943	0.04749	2.00006000180005e-05	0.95742	2	1.83321	0	0	1.83321	1.63681183416333	NA	NA	NA	NA	NA	NA	NA	NA	NA	NA	NA	NA	NA	NA	NA	NA	NA	NA	NA	NA	NA	NA	NA
