sample	Chromosome	Start.bp	End.bp	n_probes	length	seg_sigma	W	total_copy_ratio	modal_total_cn	expected_total_cn	total_HZ	total_amp	corrected_total_cn	rescaled_total_cn	bi.allelic	copy.ratio	hscr.a1	hscr.a2	modal.a1	modal.a2	expected.a1	expected.a2	subclonal.a1	subclonal.a2	cancer.cell.frac.a1	ccf.ci95.low.a1	ccf.ci95.high.a1	cancer.cell.frac.a2	ccf.ci95.low.a2	ccf.ci95.high.a2	LOH	HZ	SC_HZ	amp.a1	amp.a2	rescaled.cn.a1	rescaled.cn.a2
AC-P12-TR-NB-SM-63B59-SM-63B4I	1	69549	6253051	432	6183502	0.01276	0.00223006690200706	1.24937	3	3	0	0	3	3.20121221325563	0	1.24937	0.98256	1.51619	1	2	1	2	0	0	0.05	0	0.22114	0.25	0.07758	0.41112	0	0	0	0	0	1	2
AC-P12-TR-NB-SM-63B59-SM-63B4I	1	6270318	6521657	29	251339	0.05479	9.00027000810024e-05	1.39032	4	3.99577	0	0	3.99577	3.88551823484954	0	1.39032	0.83902	1.94162	1	3	0.74049	3.05269	0	0	0.4	0.02306	0.9314	0.28	0.01305	0.89716	0	0	0	0	0	0.74049	3.05269
AC-P12-TR-NB-SM-63B59-SM-63B4I	1	6522707	11174442	405	4651735	0.01309	0.00168005040151205	1.24089	3	3	0	0	3	3.16004218797633	0	1.24089	1.1478	1.33397	1	2	1.00796	1.99992	0	0	0.35	0.04971	0.69909	0.81	0.44159	0.98289	0	0	0	0	0	1.00796	1.99992
AC-P12-TR-NB-SM-63B59-SM-63B4I	1	11175488	26691369	1475	15515881	0.00676	0.00561016830504915	1.2232	3	3	0	0	3	3.07415801967554	0	1.2232	1.00934	1.43707	1	2	1	2	0	0	0.02	0	0.10701	0.06	0	0.13984	0	0	0	0	0	1	2
AC-P12-TR-NB-SM-63B59-SM-63B4I	1	26737974	29642588	334	2904614	0.01407	0.00105003150094503	1.211	3	3	0	0	3	3.01492755877845	0	1.211	1.20585	1.21616	1	2	1.22198	1.98005	1	1	0.49	0.35309	0.62681	0.52	0.37824	0.65172	0	0	0	0	0	1.22198	1.98005
AC-P12-TR-NB-SM-63B59-SM-63B4I	1	29647266	31188079	6	1540813	0.12757	0.000560016800504015	1.4726	4	4.26481	0	0	4.26481	4.28498399899816	0	1.4726	1.14177	1.80343	1	2	1.26794	2.42287	0	0	0.34	0.0153	0.96964	0.95	0.02595	0.97831	0	0	0	0	0	1.26794	2.42287
AC-P12-TR-NB-SM-63B59-SM-63B4I	1	31194424	40240615	956	9046191	0.00814	0.00327009810294309	1.18554	3	3	0	0	3	2.89132038382434	0	1.18554	0.99554	1.37553	1	2	1	2	0	0	0.02	0	0.18862	0.91	0.73672	1	0	0	0	0	0	1	2
AC-P12-TR-NB-SM-63B59-SM-63B4I	1	40309831	40434328	22	124497	0.07208	4.00012000360011e-05	1.59356	5	4.95177	0	0	4.95177	4.87223945392544	0	1.59356	1.59356	1.59356	2	2	2.09942	2.09942	0	0	0.44	0.07492	0.82081	0.44	0.07492	0.82081	0	0	0	0	0	2.09942	2.09942
AC-P12-TR-NB-SM-63B59-SM-63B4I	1	40525790	48698106	906	8172316	0.00785	0.00295008850265508	1.11283	3	2.99997	0	0	2.99997	2.53831654678927	0	1.11283	1.10505	1.12061	1	1	1	1	1	1	0.25	0.13059	0.35987	0.29	0.16824	0.39792	0	0	0	0	0	1	1
AC-P12-TR-NB-SM-63B59-SM-63B4I	1	48703434	67804346	917	19100912	0.00794	0.00690020700621019	1.13255	3	3	0	0	3	2.63405627538687	0	1.13255	1.00211	1.26299	1	2	1	2	0	1	0	0	0.15687	0.63	0.48602	0.77111	0	0	0	0	0	1	2
AC-P12-TR-NB-SM-63B59-SM-63B4I	1	67833607	87045826	600	19212219	0.01017	0.00694020820624619	1.17286	3	3	0	0	3	2.82975954413785	0	1.17286	0.99434	1.35138	1	2	1	2	0	0	0.02	0	0.14823	0.85	0.71992	0.9604	0	0	0	0	0	1	2
AC-P12-TR-NB-SM-63B59-SM-63B4I	1	87101352	87104629	4	3277	0.17872	0	1.68519	5	5.13438	0	0	5.13438	5.31709905490913	0	1.68519	1.68519	1.68519	2	2	2.43554	2.43554	0	0	0.66	0.02922	0.97438	0.66	0.02922	0.97438	0	0	0	0	0	2.43554	2.43554
AC-P12-TR-NB-SM-63B59-SM-63B4I	1	87185253	93646263	275	6461010	0.01514	0.00233006990209706	1.18257	3	3	0	0	3	2.87690116506497	0	1.18257	0.97982	1.38532	1	2	1	2	0	0	0.05	0	0.21376	0.93	0.7629	1	0	0	0	0	0	1	2
AC-P12-TR-NB-SM-63B59-SM-63B4I	1	93649618	94461707	48	812089	0.03809	0.000290008700261008	1.24275	3	3.00013	0	0	3.00013	3.16907240578523	0	1.24275	0.81757	1.66792	1	3	0.63043	2.51302	0	0	0.45	0.02508	0.95333	0.62	0.0459	0.97029	0	0	0	0	0	0.63043	2.51302
AC-P12-TR-NB-SM-63B59-SM-63B4I	1	94466437	144859878	1201	50393441	0.00612	0.0182005460163805	0.99755	2	2	0	0	2	1.97863724086982	0	0.99755	0.99755	0.99755	1	1	1	1	0	0	0.01	0	0.06204	0.01	0	0.06204	0	0	0	0	0	1	1
AC-P12-TR-NB-SM-63B59-SM-63B4I	1	144863379	145273314	48	409935	0.02903	0.000150004500135004	0.94624	2	1.99998	0	0	1.99998	1.72952945819522	0	0.94624	0.47187	1.42061	0	2	0.00028	1.99798	0	0	1	0.48085	1	0.02	0.00014	0.6865	1	0	0	0	0	0.00028	1.99798
AC-P12-TR-NB-SM-63B59-SM-63B4I	1	145281536	161565361	2297	16283825	0.0044	0.00588017640529216	0.99293	2	2	0	0	2	1.9562073450219	0	0.99293	0.99293	0.99293	1	1	1	1	0	0	0.02	0	0.06958	0.02	0	0.06958	0	0	0	0	0	1	1
AC-P12-TR-NB-SM-63B59-SM-63B4I	1	161594366	161599696	3	5330	0.1672	0	1.36439	4	3.80814	0	0	3.80814	3.75962923066416	NA	NA	NA	NA	NA	NA	NA	NA	NA	NA	NA	NA	NA	NA	NA	NA	NA	NA	NA	NA	NA	NA	NA
AC-P12-TR-NB-SM-63B59-SM-63B4I	1	161640051	249211681	4407	87571630	0.00323	0.0316309489284679	1.00951	2	2	0	0	2	2.03670251237222	0	1.00951	1.00951	1.00951	1	1	1	1	0	0	0.02	0	0.06477	0.02	0	0.06477	0	0	0	0	0	1	1
AC-P12-TR-NB-SM-63B59-SM-63B4I	2	45912	31600010	1393	31554098	0.00573	0.0114003420102603	1.00682	2	2	0	0	2	2.02364268123999	0	1.00682	1.00682	1.00682	1	1	1	1	0	0	0.01	0	0.06405	0.01	0	0.06405	0	0	0	0	0	1	1
AC-P12-TR-NB-SM-63B59-SM-63B4I	2	31605942	31628801	8	22859	0.0994	1.00003000090003e-05	1.32445	4	3.6138	0	0	3.6138	3.56572229556333	NA	NA	NA	NA	NA	NA	NA	NA	NA	NA	NA	NA	NA	NA	NA	NA	NA	NA	NA	NA	NA	NA	NA
AC-P12-TR-NB-SM-63B59-SM-63B4I	2	31754451	113780302	3285	82025851	0.00371	0.0296308889266678	1.00049	2	2	0	0	2	1.99291081095485	0	1.00049	1.00049	1.00049	1	1	1	1	0	0	0	0	0.05317	0	0	0.05317	0	0	0	0	0	1	1
AC-P12-TR-NB-SM-63B59-SM-63B4I	2	113785585	113877673	11	92088	0.07901	3.00009000270008e-05	1.2341	3	3.07722	0	0	3.07722	3.12707703801803	0	1.2341	1.2341	1.2341	2	2	1.50979	1.50979	0	0	0.56	0.02893	0.96928	0.56	0.02893	0.96928	0	0	0	0	0	1.50979	1.50979
AC-P12-TR-NB-SM-63B59-SM-63B4I	2	114000310	186689183	2688	72688873	0.00411	0.0262607878236347	1.00264	2	2	0	0	2	2.00334896594901	0	1.00264	1.00264	1.00264	1	1	1	1	0	0	0	0	0.05295	0	0	0.05295	0	0	0	0	0	1	1
AC-P12-TR-NB-SM-63B59-SM-63B4I	2	187366075	193059164	318	5693089	0.00962	0.00206006180185406	0.80659	1	1	0	0	1	1.05153487915592	0	0.80659	0.61295	1.00023	0	1	0	1	0	0	0.94	0.73316	1	0	0	0.21741	1	0	0	0	0	0	1
AC-P12-TR-NB-SM-63B59-SM-63B4I	2	196548526	220313344	1518	23764818	0.00554	0.00858025740772223	1.01506	2	2	0	0	2	2.06364751712458	0	1.01506	1.01495	1.01518	1	1	1	1	0	0	0.03	0	0.0803	0.03	0	0.08101	0	0	0	0	0	1	1
AC-P12-TR-NB-SM-63B59-SM-63B4I	2	220326691	220333378	4	6687	0.14665	0	1.3819	4	3.87335	0	0	3.87335	3.84463950691892	NA	NA	NA	NA	NA	NA	NA	NA	NA	NA	NA	NA	NA	NA	NA	NA	NA	NA	NA	NA	NA	NA	NA
AC-P12-TR-NB-SM-63B59-SM-63B4I	2	220333989	242814645	1132	22480656	0.00645	0.00812024360730822	1.02053	2	2	0	0	2	2.09020412541205	0	1.02053	1.02053	1.02053	1	1	1	1	0	0	0.05	0	0.09425	0.05	0	0.09425	0	0	0	0	0	1	1
AC-P12-TR-NB-SM-63B59-SM-63B4I	3	369943	13441292	604	13071349	0.00892	0.00472014160424813	1.03189	2	2	0	0	2	2.14535642342771	0	1.03189	0.55977	1.50401	0	2	0	2	0	1	1	0.92094	1	0.22	0.11137	0.31631	1	0	0	0	0	0	2
AC-P12-TR-NB-SM-63B59-SM-63B4I	3	13525013	14499523	47	974510	0.0344	0.000350010500315009	1.11013	3	2.77833	0	0	2.77833	2.52520816609893	0	1.11013	0.38483	1.83543	0	3	0	2.99979	0	0	1	0.69049	1	0.02	0	0.56265	1	0	0	0	0	0	2.99979
AC-P12-TR-NB-SM-63B59-SM-63B4I	3	14509412	40574050	955	26064638	0.00682	0.00942028260847825	0.99239	2	2	0	0	2	1.95358566888383	0	0.99239	0.57681	1.40797	0	2	0	2	0	0	1	0.91415	1	0.99	0.88304	1	1	0	0	0	0	0	2
AC-P12-TR-NB-SM-63B59-SM-63B4I	3	41266130	52471612	1621	11205482	0.00418	0.00405012150364511	0.79133	1	1	0	0	1	0.977448253476432	0	0.79133	0.59152	0.99113	0	1	0	1	0	0	1	0.90315	1	0.03	0	0.10477	1	0	0	0	0	0	1
AC-P12-TR-NB-SM-63B59-SM-63B4I	3	52472956	89528599	1011	37055643	0.00528	0.0133904017120514	0.78858	1	1	0	0	1	0.964097124995529	0	0.78858	0.62849	0.94868	0	1	0	1	0	0	0.91	0.81403	0.98029	0.13	0.03814	0.21132	1	0	0	0	0	0	1
AC-P12-TR-NB-SM-63B59-SM-63B4I	3	93595922	100174695	152	6578773	0.02084	0.00238007140214206	1.21023	3	3	0	0	3	3.01118924280379	0	1.21023	0.5551	1.86537	0	3	0	3	0	0	1	0.83516	1	0.1	0	0.28323	1	0	0	0	0	0	3
AC-P12-TR-NB-SM-63B59-SM-63B4I	3	100275709	100295815	4	20106	0.16696	1.00003000090003e-05	1.57396	5	4.68676	0	0	4.68676	4.77708232002519	NA	NA	NA	NA	NA	NA	NA	NA	NA	NA	NA	NA	NA	NA	NA	NA	NA	NA	NA	NA	NA	NA	NA
AC-P12-TR-NB-SM-63B59-SM-63B4I	3	100348498	126710317	1177	26361819	0.00741	0.00952028560856826	1.19761	3	3	0	0	3	2.94991970046598	0	1.19761	0.57351	1.8217	0	3	0	3	0	0	1	0.93511	1	0.99	0.90344	1	1	0	0	0	0	0	3
AC-P12-TR-NB-SM-63B59-SM-63B4I	3	126723789	127358226	44	634437	0.04384	0.000230006900207006	1.3701	4	3.99792	0	0	3.99792	3.78735102834632	0	1.3701	0.4665	2.2737	0	4	0	4.00001	0	0	1	0.71303	1	0.09	0	0.50419	1	0	0	0	0	0	4.00001
AC-P12-TR-NB-SM-63B59-SM-63B4I	3	127390366	132172955	317	4782589	0.01406	0.00173005190155705	1.17907	3	3	0	0	3	2.85990881972564	0	1.17907	0.61129	1.74686	0	3	0	3	0	0	0.95	0.78315	1	0.81	0.65154	0.94835	1	0	0	0	0	0	3
AC-P12-TR-NB-SM-63B59-SM-63B4I	3	132175384	136646956	250	4471572	0.01616	0.00162004860145804	1.20343	3	3	0	0	3	2.97817554328738	0	1.20343	0.53141	1.87545	0	3	0	3	0	0	1	0.86575	1	0.12	0.00201	0.30097	1	0	0	0	0	0	3
AC-P12-TR-NB-SM-63B59-SM-63B4I	3	136667197	137483987	9	816790	0.1107	0.000300009000270008	1.5654	5	4.7091	0	0	4.7091	4.73552389828099	0	1.5654	1.5654	1.5654	2	2	2.06512	2.06512	0	0	0.37	0.01585	0.96862	0.37	0.01585	0.96862	0	0	0	0	0	2.06512	2.06512
AC-P12-TR-NB-SM-63B59-SM-63B4I	3	137729177	182947511	1391	45218334	0.00682	0.0163304899146974	1.19866	3	3	0	0	3	2.95501740406778	0	1.19866	0.60296	1.79436	0	3	0	3	0	0	0.97	0.87584	1	0.92	0.83424	0.98798	1	0	0	0	0	0	3
AC-P12-TR-NB-SM-63B59-SM-63B4I	3	183013176	183862439	121	849263	0.0249	0.000310009300279008	1.29008	3	3.00296	0	0	3.00296	3.3988574643311	0	1.29008	0.46922	2.11093	0	4	0	4	1	0	NA	NA	NA	0.69	0.46292	0.90546	1	0	0	0	0	0	4
AC-P12-TR-NB-SM-63B59-SM-63B4I	3	183881479	189456496	403	5575017	0.01301	0.00201006030180905	1.22982	3	3	0	0	3	3.10629782714593	0	1.22982	0.56619	1.89346	0	3	0	3	0	0	1	0.88125	1	0.16	0.03317	0.29118	1	0	0	0	0	0	3
AC-P12-TR-NB-SM-63B59-SM-63B4I	3	189582113	189612142	9	30029	0.11139	1.00003000090003e-05	1.57514	5	4.75307	0	0	4.75307	4.78281116788245	NA	NA	NA	NA	NA	NA	NA	NA	NA	NA	NA	NA	NA	NA	NA	NA	NA	NA	NA	NA	NA	NA	NA
AC-P12-TR-NB-SM-63B59-SM-63B4I	3	189681816	195306270	207	5624454	0.01798	0.00203006090182706	1.21818	3	3	0	0	3	3.04978614150313	0	1.21818	0.52899	1.90737	0	3	0	3	0	0	1	0.81845	1	0.2	0.01598	0.42445	1	0	0	0	0	0	3
AC-P12-TR-NB-SM-63B59-SM-63B4I	3	195453055	195475853	3	22798	0.18812	1.00003000090003e-05	1.53577	5	4.5117	0	0	4.5117	4.59167155759403	0	1.53577	1.14353	1.92801	1	3	1.27058	2.62713	0	0	0.34	0.01535	0.96992	0.25	0.0141	0.96825	0	0	0	0	0	1.27058	2.62713
AC-P12-TR-NB-SM-63B59-SM-63B4I	3	195479280	195925702	47	446422	0.04036	0.000160004800144004	1.30357	3	3.32471	0	0	3.32471	3.46435081822469	0	1.30357	0.38346	2.22367	0	4	0.01384	3.75111	0	0	1	0.2567	1	0.97	0.09055	0.98476	1	0	0	0	0	0.01384	3.75111
AC-P12-TR-NB-SM-63B59-SM-63B4I	3	195938113	197765487	162	1827374	0.02019	0.000660019800594018	1.21036	3	3	0	0	3	3.01182038705925	0	1.21036	0.58506	1.83567	0	3	0	3	0	0	1	0.81574	1	0.02	0	0.19974	1	0	0	0	0	0	3
AC-P12-TR-NB-SM-63B59-SM-63B4I	4	59385	6969090	537	6909705	0.0091	0.00250007500225007	0.99217	2	2	0	0	2	1.95251757860536	0	0.99217	0.99217	0.99217	1	1	1	1	0	0	0.02	0	0.14008	0.02	0	0.14008	0	0	0	0	0	1	1
AC-P12-TR-NB-SM-63B59-SM-63B4I	4	6998092	7006610	3	8518	0.1664	0	1.35786	4	3.78046	0	0	3.78046	3.72792636921678	NA	NA	NA	NA	NA	NA	NA	NA	NA	NA	NA	NA	NA	NA	NA	NA	NA	NA	NA	NA	NA	NA	NA
AC-P12-TR-NB-SM-63B59-SM-63B4I	4	7011639	55140744	1062	48129105	0.0065	0.0173905217156515	0.99616	2	2	0	0	2	1.9718888522922	0	0.99616	0.9961	0.99623	1	1	1	1	0	0	0.01	0	0.06497	0.01	0	0.06468	0	0	0	0	0	1	1
AC-P12-TR-NB-SM-63B59-SM-63B4I	4	55143606	55146565	3	2959	0.16787	0	1.36994	4	3.83159	0	0	3.83159	3.78657423541652	NA	NA	NA	NA	NA	NA	NA	NA	NA	NA	NA	NA	NA	NA	NA	NA	NA	NA	NA	NA	NA	NA	NA
AC-P12-TR-NB-SM-63B59-SM-63B4I	4	55152068	87728881	1123	32576813	0.00638	0.0117703531105933	1.00557	2	2	0	0	2	2.01757398647594	0	1.00557	1.00557	1.00557	1	1	1	1	0	0	0.01	0	0.05952	0.01	0	0.05952	0	0	0	0	0	1	1
AC-P12-TR-NB-SM-63B59-SM-63B4I	4	87744947	87812640	8	67693	0.09507	2.00006000180005e-05	1.26652	3	3.2839	0	0	3.2839	3.28447470541835	0	1.26652	1.26652	1.26652	2	2	1.89817	1.89817	0	0	0.64	0.16804	0.9618	0.64	0.16804	0.9618	0	0	0	0	0	1.89817	1.89817
AC-P12-TR-NB-SM-63B59-SM-63B4I	4	87968296	166414372	2055	78446076	0.00473	0.0283408502255068	1.00859	2	2	0	0	2	2.03223595302588	0	1.00859	1.00859	1.00859	1	1	1	1	0	0	0.02	0	0.06419	0.02	0	0.06419	0	0	0	0	0	1	1
AC-P12-TR-NB-SM-63B59-SM-63B4I	4	166418712	166978398	15	559686	0.06391	0.000200006000180005	1.16551	3	2.96872	0	0	2.96872	2.79407561892526	0	1.16551	1.16551	1.16551	1	1	1.33723	1.33723	0	0	0.4	0.01801	0.96113	0.4	0.01801	0.96113	0	0	0	0	0	1.33723	1.33723
AC-P12-TR-NB-SM-63B59-SM-63B4I	4	166986924	191012705	543	24025781	0.0093	0.00868026040781223	1.01942	2	2	0	0	2	2.08481512446158	0	1.01942	1.01942	1.01942	1	1	1	1	0	0	0.04	0	0.10637	0.04	0	0.10637	0	0	0	0	0	1	1
AC-P12-TR-NB-SM-63B59-SM-63B4I	5	143556	96518862	2904	96375306	0.00394	0.0348210446313389	0.99964	2	2	0	0	2	1.9887840985153	0	0.99964	0.99964	0.99964	1	1	1	1	0	0	0.01	0	0.05607	0.01	0	0.05607	0	0	0	0	0	1	1
AC-P12-TR-NB-SM-63B59-SM-63B4I	5	98129122	131995467	840	33866345	0.00586	0.0122303669110073	0.7985	1	1	0	0	1	1.012258286643	0	0.7985	0.57171	1.02529	0	1	0	1	0	0	1	0.9078	1	0.06	0	0.15615	1	0	0	0	0	0	1
AC-P12-TR-NB-SM-63B59-SM-63B4I	5	132010174	180794756	2560	48784582	0.0042	0.0176205286158585	1.00036	2	2	0	0	2	1.99227966669939	0	1.00036	1.00036	1.00036	1	1	1	1	0	0	0	0	0.05353	0	0	0.05353	0	0	0	0	0	1	1
AC-P12-TR-NB-SM-63B59-SM-63B4I	6	345890	350844	4	4954	0.1484	0	1.39851	4	3.94514	0	0	3.94514	3.92528032294358	NA	NA	NA	NA	NA	NA	NA	NA	NA	NA	NA	NA	NA	NA	NA	NA	NA	NA	NA	NA	NA	NA	NA
AC-P12-TR-NB-SM-63B59-SM-63B4I	6	397179	56492877	3695	56095698	0.00352	0.0202606078182345	1.00647	2	2	0	0	2	2.02194344670605	0	1.00647	1.00647	1.00647	1	1	1	1	0	0	0.01	0	0.05846	0.01	0	0.05846	0	0	0	0	0	1	1
AC-P12-TR-NB-SM-63B59-SM-63B4I	6	56495111	56496759	3	1648	0.16323	0	1.33195	4	3.67018	0	0	3.67018	3.60213446414761	NA	NA	NA	NA	NA	NA	NA	NA	NA	NA	NA	NA	NA	NA	NA	NA	NA	NA	NA	NA	NA	NA	NA
AC-P12-TR-NB-SM-63B59-SM-63B4I	6	56498992	170892713	3559	114393721	0.00356	0.0413212396371891	0.99959	2	2	0	0	2	1.98854135072474	0	0.99959	0.99959	0.99959	1	1	1	1	0	0	0.01	0	0.05482	0.01	0	0.05482	0	0	0	0	0	1	1
AC-P12-TR-NB-SM-63B59-SM-63B4I	7	540563	5692092	283	5151529	0.01552	0.00186005580167405	1.2294	3	3	0	0	3	3.10425874570522	0	1.2294	1.00061	1.45819	1	2	1	2	0	0	0	0	0.16594	0.11	0.00175	0.25356	0	0	0	0	0	1	2
AC-P12-TR-NB-SM-63B59-SM-63B4I	7	5754752	6370395	89	615643	0.02674	0.000220006600198006	1.18797	3	3	0	0	3	2.90311792644565	0	1.18797	1.18797	1.18797	1	1	1.00001	1.00001	1	1	0.45	0.3177	0.57556	0.45	0.3177	0.57556	0	0	0	0	0	1.00001	1.00001
AC-P12-TR-NB-SM-63B59-SM-63B4I	7	6431613	55229257	1470	48797644	0.00681	0.0176305289158675	1.2303	3	3	0	0	3	3.10862820593533	0	1.2303	1.02108	1.43951	1	2	1	2	0	0	0.05	0	0.13026	0.06	0	0.14531	0	0	0	0	0	1	2
AC-P12-TR-NB-SM-63B59-SM-63B4I	7	55233051	115897441	2378	60664390	0.00433	0.0219106573197196	0.99434	2	2	0	0	2	1.96305283271574	0	0.99434	0.99434	0.99434	1	1	1	1	0	0	0.02	0	0.06699	0.02	0	0.06699	0	0	0	0	0	1	1
AC-P12-TR-NB-SM-63B59-SM-63B4I	7	116146118	141765404	1159	25619286	0.005	0.00925027750832525	0.80038	1	1	0	0	1	1.02138560356813	0	0.80038	0.58132	1.01943	0	1	0	1	0	0	1	0.92134	1	0.04	0	0.11754	1	0	0	0	0	0	1
AC-P12-TR-NB-SM-63B59-SM-63B4I	7	141766446	141794436	5	27990	0.10974	1.00003000090003e-05	1.15543	3	2.85411	0	0	2.85411	2.74513766434798	NA	NA	NA	NA	NA	NA	NA	NA	NA	NA	NA	NA	NA	NA	NA	NA	NA	NA	NA	NA	NA	NA	NA
AC-P12-TR-NB-SM-63B59-SM-63B4I	7	141795438	143090860	169	1295422	0.01342	0.000470014100423013	0.82002	1	1	0	0	1	1.11673693570083	0	0.82002	0.5699	1.07014	0	1	0	1	0	0	1	0.8829	1	0.17	0.03858	0.28671	1	0	0	0	0	0	1
AC-P12-TR-NB-SM-63B59-SM-63B4I	7	143092003	158935187	656	15843184	0.00645	0.00572017160514815	0.7759	1	1	0	0	1	0.902536285309039	0	0.7759	0.5784	0.9734	0	1	0	1	0	0	1	0.92183	1	0.07	0.00014	0.14622	1	0	0	0	0	0	1
AC-P12-TR-NB-SM-63B59-SM-63B4I	8	190901	21883220	540	21692319	0.00919	0.00784023520705621	1.0052	2	2	0	0	2	2.01577765282578	0	1.0052	1.0052	1.0052	1	1	1	1	0	0	0.01	0	0.06233	0.01	0	0.06233	0	0	0	0	0	1	1
AC-P12-TR-NB-SM-63B59-SM-63B4I	8	21891702	22138958	89	247256	0.02496	9.00027000810024e-05	1.10872	3	2.81756	0	0	2.81756	2.51836267840508	0	1.10872	1.10872	1.10872	1	1	1.19503	1.19503	0	0	0.26	0.01244	0.94123	0.26	0.01244	0.94123	0	0	0	0	0	1.19503	1.19503
AC-P12-TR-NB-SM-63B59-SM-63B4I	8	22141729	105544162	2561	83402433	0.00423	0.0301309039271178	1.00648	2	2	0	0	2	2.02199199626417	0	1.00648	1.00648	1.00648	1	1	1	1	0	0	0.01	0	0.05957	0.01	0	0.05957	0	0	0	0	0	1	1
AC-P12-TR-NB-SM-63B59-SM-63B4I	8	106801048	133941378	712	27140330	0.00968	0.00980029400882026	1.21663	3	3	0	0	3	3.04226095999571	0	1.21663	1.03651	1.39675	1	2	1	2	0	0	0.08	0	0.2118	0.96	0.81527	1	0	0	0	0	0	1	2
AC-P12-TR-NB-SM-63B59-SM-63B4I	8	133953691	134146978	29	193287	0.04641	7.00021000630019e-05	1.17675	3	2.99908	0	0	2.99908	2.84864532224356	0	1.17675	0.89931	1.45418	1	2	0.99996	2	0	0	0.25	0.01941	0.55797	0.1	0	0.4226	0	0	0	0	0	0.99996	2
AC-P12-TR-NB-SM-63B59-SM-63B4I	8	134232953	134276842	11	43889	0.09926	2.00006000180005e-05	1.55164	5	4.66519	0	0	4.66519	4.66871970631836	0	1.55164	1.1837	1.91957	1	3	1.33307	2.55636	0	0	0.44	0.01654	0.9719	0.23	0.01399	0.96876	0	0	0	0	0	1.33307	2.55636
AC-P12-TR-NB-SM-63B59-SM-63B4I	8	134472093	146279473	599	11807380	0.01056	0.00427012810384312	1.21756	3	3	0	0	3	3.04677606890016	0	1.21756	0.99854	1.43658	1	2	1	2	0	0	0.01	0	0.12745	0.06	0	0.16581	0	0	0	0	0	1	2
AC-P12-TR-NB-SM-63B59-SM-63B4I	9	286572	21816741	669	21530169	0.0083	0.00778023340700221	1.01038	2	2	0	0	2	2.04092632392799	0	1.01038	1.01038	1.01038	1	1	1	1	0	0	0.02	0	0.07906	0.02	0	0.07906	0	0	0	0	0	1	1
AC-P12-TR-NB-SM-63B59-SM-63B4I	9	21837957	22447397	9	609440	0.08927	0.000220006600198006	1.26137	3	3.23496	0	0	3.23496	3.25947168299048	0	1.26137	1.26137	1.26137	2	2	1.5914	1.5914	0	0	0.63	0.03652	0.97247	0.63	0.03652	0.97247	0	0	0	0	0	1.5914	1.5914
AC-P12-TR-NB-SM-63B59-SM-63B4I	9	23692718	117072901	2809	93380183	0.004	0.0337310119303579	0.99737	2	2	0	0	2	1.97776334882379	0	0.99737	0.99737	0.99737	1	1	1	1	0	0	0.01	0	0.05974	0.01	0	0.05974	0	0	0	0	0	1	1
AC-P12-TR-NB-SM-63B59-SM-63B4I	9	117086013	117092241	5	6228	0.19071	0	2.01143	6	6.28102	0	0	6.28102	6.90097983876722	NA	NA	NA	NA	NA	NA	NA	NA	NA	NA	NA	NA	NA	NA	NA	NA	NA	NA	NA	NA	NA	NA	NA
AC-P12-TR-NB-SM-63B59-SM-63B4I	9	117093106	141016185	2142	23923079	0.0046	0.00864025920777623	1.00246	2	2	0	0	2	2.00247507390299	0	1.00246	1.00246	1.00246	1	1	1	1	0	0	0	0	0.05429	0	0	0.05429	0	0	0	0	0	1	1
AC-P12-TR-NB-SM-63B59-SM-63B4I	10	94609	3177978	115	3083369	0.02024	0.00111003330099903	1.02163	2	2	0	0	2	2.09554457680441	0	1.02163	1.02163	1.02163	1	1	1.0008	1.0008	0	0	0.05	0	0.61234	0.05	0	0.61234	0	0	0	0	0	1.0008	1.0008
AC-P12-TR-NB-SM-63B59-SM-63B4I	10	3180477	45891343	1412	42710866	0.00557	0.0154304629138874	0.98445	2	2	0	0	2	1.91503731974261	0	0.98445	0.98445	0.98445	1	1	1	1	0	0	0.04	0	0.08964	0.04	0	0.08964	0	0	0	0	0	1	1
AC-P12-TR-NB-SM-63B59-SM-63B4I	10	46962040	47948783	25	986743	0.04187	0.00036001080032401	0.98495	2	1.99997	0	0	1.99997	1.91746479764822	0	0.98495	0.36905	1.60084	0	2	0	2.18511	0	0	1	0.72483	1	0.45	0.06147	0.87845	1	0	0	0	0	0	2.18511
AC-P12-TR-NB-SM-63B59-SM-63B4I	10	48259518	48268038	10	8520	0.0893	0	1.33031	4	3.65985	0	0	3.65985	3.59417233661718	NA	NA	NA	NA	NA	NA	NA	NA	NA	NA	NA	NA	NA	NA	NA	NA	NA	NA	NA	NA	NA	NA	NA
AC-P12-TR-NB-SM-63B59-SM-63B4I	10	48382082	135490828	4212	87108746	0.00326	0.0314709441283238	0.99664	2	2	0	0	2	1.97421923108159	0	0.99664	0.99664	0.99664	1	1	1	1	0	0	0.01	0	0.06026	0.01	0	0.06026	0	0	0	0	0	1	1
AC-P12-TR-NB-SM-63B59-SM-63B4I	11	194433	9500034	958	9305601	0.00681	0.00336010080302409	0.99159	2	2	0	0	2	1.94970170423484	0	0.99159	0.99159	0.99159	1	1	1	1	0	0	0.03	0	0.07475	0.03	0	0.07475	0	0	0	0	0	1	1
AC-P12-TR-NB-SM-63B59-SM-63B4I	11	9519284	10649284	96	1130000	0.02376	0.000410012300369011	1.09568	2	2.07963	0	0	2.07963	2.45505405462655	0	1.09568	1.09568	1.09568	1	1	1.00051	1.00051	0	0	0.23	0.0108	0.60912	0.23	0.0108	0.60912	0	0	0	0	0	1.00051	1.00051
AC-P12-TR-NB-SM-63B59-SM-63B4I	11	10774267	66476431	3329	55702164	0.00372	0.0201206036181085	1.00956	2	2	0	0	2	2.03694526016278	0	1.00956	1.00954	1.00958	1	1	1	1	0	0	0.02	0	0.06576	0.02	0	0.06585	0	0	0	0	0	1	1
AC-P12-TR-NB-SM-63B59-SM-63B4I	11	66478443	66483376	6	4933	0.1162	0	1.34096	4	3.68781	0	0	3.68781	3.64587761600686	NA	NA	NA	NA	NA	NA	NA	NA	NA	NA	NA	NA	NA	NA	NA	NA	NA	NA	NA	NA	NA	NA	NA
AC-P12-TR-NB-SM-63B59-SM-63B4I	11	66555685	68773237	309	2217552	0.01212	0.000800024000720022	1.00289	2	2	0	0	2	2.00456270490182	0	1.00289	0.9876	1.01818	1	1	1	1	0	0	0.03	0	0.2525	0.04	0	0.25609	0	0	0	0	0	1	1
AC-P12-TR-NB-SM-63B59-SM-63B4I	11	68825103	77835163	601	9010060	0.01036	0.00325009750292509	1.19596	3	3	0	0	3	2.94190902337743	0	1.19596	0.9784	1.41352	1	2	1	2	0	0	0.06	0	0.18583	1	0.84922	1	0	0	0	0	0	1	2
AC-P12-TR-NB-SM-63B59-SM-63B4I	11	77907627	134257497	2374	56349870	0.00347	0.0203606108183245	0.79543	1	1	0	0	1	0.997353572302506	0	0.79543	0.5999	0.99097	0	1	0	1	0	0	0.98	0.90452	1	0.03	0	0.0876	1	0	0	0	0	0	1
AC-P12-TR-NB-SM-63B59-SM-63B4I	12	266776	133779095	8081	133512319	0.00238	0.0482314469434083	1.00602	2	2	0	0	2	2.019758716591	0	1.00602	1.00602	1.00602	1	1	1	1	0	0	0.01	0	0.05721	0.01	0	0.05721	0	0	0	0	0	1	1
AC-P12-TR-NB-SM-63B59-SM-63B4I	13	19751406	25404679	222	5653273	0.01428	0.00204006120183606	1.00138	2	2	0	0	2	1.99723172162686	0	1.00138	1.00125	1.00152	1	1	1	1	0	0	0	0	0.08961	0	0	0.08924	0	0	0	0	0	1	1
AC-P12-TR-NB-SM-63B59-SM-63B4I	13	25417995	25444792	11	26797	0.08294	1.00003000090003e-05	1.29572	3	3.42315	0	0	3.42315	3.42623941510648	NA	NA	NA	NA	NA	NA	NA	NA	NA	NA	NA	NA	NA	NA	NA	NA	NA	NA	NA	NA	NA	NA	NA
AC-P12-TR-NB-SM-63B59-SM-63B4I	13	25451229	96675349	1607	71224120	0.00529	0.0257307719231577	0.99806	2	2	0	0	2	1.98111326833355	0	0.99806	0.99806	0.99806	1	1	1	1	0	0	0.01	0	0.06406	0.01	0	0.06406	0	0	0	0	0	1	1
AC-P12-TR-NB-SM-63B59-SM-63B4I	13	96743469	115090536	692	18347067	0.00645	0.00663019890596718	0.79693	1	1	0	0	1	1.00463600601936	0	0.79693	0.60139	0.99247	0	1	0	1	0	0	0.97	0.85147	1	0.02	0	0.13502	1	0	0	0	0	0	1
AC-P12-TR-NB-SM-63B59-SM-63B4I	14	19558773	20389251	13	830478	0.05001	0.000300009000270008	0.84769	1	1.03617	0	0	1.03617	1.25107356299777	0	0.84769	0.84769	0.84769	1	1	1	1	1	1	0.37	0.18794	0.55095	0.37	0.18794	0.55095	0	0	0	0	0	1	1
AC-P12-TR-NB-SM-63B59-SM-63B4I	14	20502459	35231195	1177	14728736	0.00626	0.00532015960478814	1.01009	2	2	0	0	2	2.03951838674273	0	1.01009	1.01009	1.01009	1	1	1	1	0	0	0.02	0	0.06958	0.02	0	0.06958	0	0	0	0	0	1	1
AC-P12-TR-NB-SM-63B59-SM-63B4I	14	35234350	36789729	92	1555379	0.02218	0.000560016800504015	1.00089	2	2	0	0	2	1.99485279327935	0	1.00089	1.00089	1.00089	1	1	0.99993	0.99993	0	0	0	0	0.60848	0	0	0.60848	0	0	0	0	0	0.99993	0.99993
AC-P12-TR-NB-SM-63B59-SM-63B4I	14	36986853	107283203	3267	70296350	0.00374	0.0253907617228517	1.00513	2	2	0	0	2	2.015437805919	0	1.00513	1.00513	1.00513	1	1	1	1	0	0	0.01	0	0.06101	0.01	0	0.06101	0	0	0	0	0	1	1
AC-P12-TR-NB-SM-63B59-SM-63B4I	15	20170331	72864477	3260	52694146	0.00371	0.0190405712171365	0.998	2	2	0	0	2	1.98082197098487	0	0.998	0.998	0.998	1	1	1	1	0	0	0.01	0	0.06072	0.01	0	0.06072	0	0	0	0	0	1	1
AC-P12-TR-NB-SM-63B59-SM-63B4I	15	72874471	74241857	96	1367386	0.02078	0.000490014700441013	0.95782	2	2	0	0	2	1.78574984648935	0	0.95782	0.95782	0.95782	1	1	1	1	0	0	0.11	0	0.47749	0.11	0	0.47749	0	0	0	0	0	1	1
AC-P12-TR-NB-SM-63B59-SM-63B4I	15	74277105	74281523	3	4418	0.15312	0	1.24915	3	3.31103	0	0	3.31103	3.20014412297715	0	1.24915	1.24915	1.24915	2	2	1.53007	1.53007	0	0	0.6	0.02769	0.97206	0.6	0.02769	0.97206	0	0	0	0	0	1.53007	1.53007
AC-P12-TR-NB-SM-63B59-SM-63B4I	15	74315458	74473200	31	157742	0.0372	6.00018000540016e-05	0.97444	2	1.99999	0	0	1.99999	1.86643921207212	0	0.97444	0.97444	0.97444	1	1	1	1	0	0	0.07	0	0.2176	0.07	0	0.2176	0	0	0	0	0	1	1
AC-P12-TR-NB-SM-63B59-SM-63B4I	15	74474552	74487725	7	13173	0.10463	0	1.30402	4	3.50448	0	0	3.50448	3.46653554833975	NA	NA	NA	NA	NA	NA	NA	NA	NA	NA	NA	NA	NA	NA	NA	NA	NA	NA	NA	NA	NA	NA	NA
AC-P12-TR-NB-SM-63B59-SM-63B4I	15	74554847	80855504	449	6300657	0.01009	0.00228006840205206	1.00625	2	2	0	0	2	2.02087535642758	0	1.00625	1.00625	1.00625	1	1	1	1	0	0	0.01	0	0.07649	0.01	0	0.07649	0	0	0	0	0	1	1
AC-P12-TR-NB-SM-63B59-SM-63B4I	15	80867389	80889567	6	22178	0.11488	1.00003000090003e-05	1.3257	4	3.61626	0	0	3.61626	3.57179099032738	0	1.3257	1.3257	1.3257	2	2	1.70214	1.70214	0	0	0.79	0.0401	0.97836	0.79	0.0401	0.97836	0	0	0	0	0	1.70214	1.70214
AC-P12-TR-NB-SM-63B59-SM-63B4I	15	81046601	90336311	464	9289710	0.01009	0.00336010080302409	1.02302	2	2	0	0	2	2.10229296538203	0	1.02302	1.02302	1.02302	1	1	1	1	0	0	0.05	0	0.10821	0.05	0	0.10821	0	0	0	0	0	1	1
AC-P12-TR-NB-SM-63B59-SM-63B4I	15	90342518	90380900	14	38382	0.04345	1.00003000090003e-05	0.76387	1	0.99999	0	0	0.99999	0.844131166899853	0	0.76387	0.76387	0.76387	0	0	0.40958	0.40958	0	0	0.58	0.04878	0.96484	0.58	0.04878	0.96484	1	1	0	0	0	0.40958	0.40958
AC-P12-TR-NB-SM-63B59-SM-63B4I	15	90446529	101448649	381	11002120	0.01089	0.00397011910357311	1.00051	2	2	0	0	2	1.99300791007108	0	1.00051	1.00051	1.00051	1	1	1	1	0	0	0	0	0.0718	0	0	0.0718	0	0	0	0	0	1	1
AC-P12-TR-NB-SM-63B59-SM-63B4I	15	101523818	102500730	67	976912	0.02501	0.000350010500315009	0.96294	2	2	0	0	2	1.81060722024289	0	0.96294	0.96294	0.96294	1	1	0.97901	0.97901	0	0	0.09	0.00368	0.80363	0.09	0.00368	0.80363	0	0	0	0	0	0.97901	0.97901
AC-P12-TR-NB-SM-63B59-SM-63B4I	16	105503	783362	202	677859	0.01472	0.000240007200216006	0.98459	2	2	0	0	2	1.91571701355618	0	0.98459	0.98459	0.98459	1	1	1	1	0	0	0.04	0	0.11443	0.04	0	0.11443	0	0	0	0	0	1	1
AC-P12-TR-NB-SM-63B59-SM-63B4I	16	786331	830436	19	44105	0.05736	2.00006000180005e-05	1.17739	3	2.99237	0	0	2.99237	2.85175249396276	0	1.17739	1.17739	1.17739	1	1	1.26929	1.26929	0	0	0.43	0.03161	0.92076	0.43	0.03161	0.92076	0	0	0	0	0	1.26929	1.26929
AC-P12-TR-NB-SM-63B59-SM-63B4I	16	836877	28994561	2118	28157684	0.0046	0.0101703051091533	0.99642	2	2	0	0	2	1.97315114080312	0	0.99642	0.99642	0.99642	1	1	1	1	0	0	0.01	0	0.06463	0.01	0	0.06463	0	0	0	0	0	1	1
AC-P12-TR-NB-SM-63B59-SM-63B4I	16	28996788	28998166	7	1378	0.06216	0	0.77279	1	1.0028	0	0	1.0028	0.88743737273609	0	0.77279	0.77279	0.77279	0	0	0.31069	0.31069	0	0	0.56	0.1163	0.93362	0.56	0.1163	0.93362	1	1	0	0	0	0.31069	0.31069
AC-P12-TR-NB-SM-63B59-SM-63B4I	16	29001127	31434930	496	2433803	0.00957	0.000880026400792024	1.0032	2	2	0	0	2	2.00606774120331	0	1.0032	0.97708	1.02932	1	1	1	1	0	0	0.06	0	0.32188	0.07	0	0.3268	0	0	0	0	0	1	1
AC-P12-TR-NB-SM-63B59-SM-63B4I	16	31435473	90141820	2786	58706347	0.00394	0.0212106363190896	0.97903	2	2	0	0	2	1.8887234592457	0	0.97903	0.97903	0.97903	1	1	1	1	0	0	0.06	0.00155	0.10549	0.06	0.00155	0.10549	0	0	0	0	0	1	1
AC-P12-TR-NB-SM-63B59-SM-63B4I	17	96988	33680716	3536	33583728	0.00354	0.0121303639109173	0.99107	2	2	0	0	2	1.947177127213	0	0.99107	0.99107	0.99107	1	1	1	1	0	0	0.03	0	0.07379	0.03	0	0.07379	0	0	0	0	0	1	1
AC-P12-TR-NB-SM-63B59-SM-63B4I	17	33690291	33767999	5	77708	0.04833	3.00009000270008e-05	0.50619	0	1e-05	1	0	1e-05	-0.406893846539809	NA	NA	NA	NA	NA	NA	NA	NA	NA	NA	NA	NA	NA	NA	NA	NA	NA	NA	NA	NA	NA	NA	NA
AC-P12-TR-NB-SM-63B59-SM-63B4I	17	33770873	40723592	1130	6952719	0.00648	0.00251007530225907	1.02449	2	2	0	0	2	2.10942975042455	0	1.02449	1.02449	1.02449	1	1	1	1	0	0	0.05	0.00153	0.10323	0.05	0.00153	0.10323	0	0	0	0	0	1	1
AC-P12-TR-NB-SM-63B59-SM-63B4I	17	40725154	40836150	43	110996	0.03456	4.00012000360011e-05	1.06678	2	2.00351	0	0	2.00351	2.31474583168178	0	1.06678	1.06678	1.06678	1	1	1.02607	1.02607	0	0	0.16	0.00552	0.80062	0.16	0.00552	0.80062	0	0	0	0	0	1.02607	1.02607
AC-P12-TR-NB-SM-63B59-SM-63B4I	17	40837336	59489714	1671	18652378	0.00518	0.00674020220606618	0.9962	2	2	0	0	2	1.97208305052465	0	0.9962	0.9962	0.9962	1	1	1	1	0	0	0.01	0	0.06438	0.01	0	0.06438	0	0	0	0	0	1	1
AC-P12-TR-NB-SM-63B59-SM-63B4I	17	59543239	59560568	6	17329	0.11013	1.00003000090003e-05	1.27069	3	3.34408	0	0	3.34408	3.30471987115121	NA	NA	NA	NA	NA	NA	NA	NA	NA	NA	NA	NA	NA	NA	NA	NA	NA	NA	NA	NA	NA	NA	NA
AC-P12-TR-NB-SM-63B59-SM-63B4I	17	59761078	79827243	1817	20066165	0.00495	0.0072502175065252	0.99184	2	2	0	0	2	1.95091544318765	0	0.99184	0.99184	0.99184	1	1	1	1	0	0	0.02	0	0.07258	0.02	0	0.07258	0	0	0	0	0	1	1
AC-P12-TR-NB-SM-63B59-SM-63B4I	17	79827711	79891170	25	63459	0.04614	2.00006000180005e-05	1.08608	2	2.21089	0	0	2.21089	2.40844647883867	0	1.08608	0.59433	1.57784	0	2	0.29461	2.17782	0	0	0.99	0.04439	0.98174	0.4	0.01712	0.96589	1	0	0	0	0	0.29461	2.17782
AC-P12-TR-NB-SM-63B59-SM-63B4I	17	79893302	81052160	180	1158858	0.01559	0.000420012600378011	0.98445	2	2	0	0	2	1.91503731974261	0	0.98445	0.98416	0.98475	1	1	1	1	0	0	0.04	0	0.13971	0.04	0	0.13866	0	0	0	0	0	1	1
AC-P12-TR-NB-SM-63B59-SM-63B4I	18	166802	67795687	1888	67628885	0.00489	0.0244307329219877	1.00032	2	2	0	0	2	1.99208546846694	0	1.00032	1.00024	1.0004	1	1	1	1	0	0	0	0	0.05561	0	0	0.05531	0	0	0	0	0	1	1
AC-P12-TR-NB-SM-63B59-SM-63B4I	18	67806893	72999046	70	5192153	0.02463	0.00188005640169205	0.96952	2	2	0	0	2	1.84255282948083	0	0.96952	0.8748	1.06424	1	1	0.99318	1.00013	0	0	0.31	0.02508	0.70046	0.15	0.00295	0.55935	0	0	0	0	0	0.99318	1.00013
AC-P12-TR-NB-SM-63B59-SM-63B4I	18	73130805	77960703	105	4829898	0.02073	0.00174005220156605	0.99965	2	2	0	0	2	1.98883264807341	0	0.99965	0.99942	0.99988	1	1	1	1	0	0	0.01	0	0.09725	0.01	0	0.09648	0	0	0	0	0	1	1
AC-P12-TR-NB-SM-63B59-SM-63B4I	19	111137	22836769	3269	22725632	0.0037	0.00821024630738922	0.99642	2	2	0	0	2	1.97315114080312	0	0.99642	0.99642	0.99642	1	1	1	1	0	0	0.01	0	0.06006	0.01	0	0.06006	0	0	0	0	0	1	1
AC-P12-TR-NB-SM-63B59-SM-63B4I	19	22939095	22941065	4	1970	0.1421	0	1.3389	4	3.68563	0	0	3.68563	3.63587640703571	NA	NA	NA	NA	NA	NA	NA	NA	NA	NA	NA	NA	NA	NA	NA	NA	NA	NA	NA	NA	NA	NA	NA
AC-P12-TR-NB-SM-63B59-SM-63B4I	19	22952062	35642193	295	12690131	0.01211	0.00458013740412212	0.97901	2	2	0	0	2	1.88862636012947	0	0.97901	0.97901	0.97901	1	1	1	1	0	0	0.06	0	0.14965	0.06	0	0.14965	0	0	0	0	0	1	1
AC-P12-TR-NB-SM-63B59-SM-63B4I	19	35642555	35657190	7	14635	0.10408	1.00003000090003e-05	1.29714	3	3.46766	0	0	3.46766	3.43313345235844	0	1.29714	0.97119	1.62309	1	2	0.94918	2.24814	0	0	0.07	0.00991	0.95343	0.51	0.02	0.97047	0	0	0	0	0	0.94918	2.24814
AC-P12-TR-NB-SM-63B59-SM-63B4I	19	35719222	42396796	1162	6677574	0.00627	0.00241007230216907	1.00531	2	2	0	0	2	2.01631169796502	0	1.00531	1.00499	1.00564	1	1	1	1	0	0	0.01	0	0.06619	0.01	0	0.06732	0	0	0	0	0	1	1
AC-P12-TR-NB-SM-63B59-SM-63B4I	19	42398571	43773551	204	1374980	0.01526	0.000500015000450014	1.026	2	2	0	0	2	2.11676073369952	0	1.026	0.99925	1.05276	1	1	1	1	0	0	0.01	0	0.30362	0.12	6e-04	0.39641	0	0	0	0	0	1	1
AC-P12-TR-NB-SM-63B59-SM-63B4I	19	43858074	51462495	1201	7604421	0.00614	0.00275008250247507	1.00128	2	2	0	0	2	1.99674622604573	0	1.00128	1.00128	1.00128	1	1	1	1	0	0	0	0	0.05955	0	0	0.05955	0	0	0	0	0	1	1
AC-P12-TR-NB-SM-63B59-SM-63B4I	19	51466681	51582139	26	115458	0.04738	4.00012000360011e-05	1.1374	3	2.96354	0	0	2.96354	2.65760281107137	0	1.1374	0.77377	1.50104	1	2	0.59052	2.0059	0	0	0.55	0.02149	0.97177	0.21	0.01251	0.95965	0	0	0	0	0	0.59052	2.0059
AC-P12-TR-NB-SM-63B59-SM-63B4I	19	51628441	54784334	377	3155893	0.0108	0.00114003420102603	0.98704	2	2	0	0	2	1.92761165529371	0	0.98704	0.98688	0.98719	1	1	1	1	0	0	0.04	0	0.09449	0.04	0	0.09375	0	0	0	0	0	1	1
AC-P12-TR-NB-SM-63B59-SM-63B4I	19	54802630	54804156	5	1526	0.01042	0	0.10542	0	0	1	0	0	-2.35261448700943	NA	NA	NA	NA	NA	NA	NA	NA	NA	NA	NA	NA	NA	NA	NA	NA	NA	NA	NA	NA	NA	NA	NA
AC-P12-TR-NB-SM-63B59-SM-63B4I	19	54822834	59082558	580	4259724	0.0088	0.00154004620138604	0.99741	2	2	0	0	2	1.97795754705624	0	0.99741	0.99741	0.99741	1	1	1	1	0	0	0.01	0	0.06748	0.01	0	0.06748	0	0	0	0	0	1	1
AC-P12-TR-NB-SM-63B59-SM-63B4I	20	76851	37657101	1987	37580250	0.00477	0.0135804074122224	1.00021	2	2	0	0	2	1.99155142332771	0	1.00021	1.00021	1.00021	1	1	1	1	0	0	0	0	0.05658	0	0	0.05658	0	0	0	0	0	1	1
AC-P12-TR-NB-SM-63B59-SM-63B4I	20	37662904	39744974	12	2082070	0.0666	0.00075002250067502	1.08609	2	2.39326	0	0	2.39326	2.40849502839678	0	1.08609	1.08609	1.08609	1	1	1.11701	1.11701	0	0	0.2	0.00953	0.91231	0.2	0.00953	0.91231	0	0	0	0	0	1.11701	1.11701
AC-P12-TR-NB-SM-63B59-SM-63B4I	20	39750382	62904763	1476	23154381	0.0056	0.00836025080752422	1.01278	2	2	0	0	2	2.05257821787496	0	1.01278	1.01278	1.01278	1	1	1	1	0	0	0.03	0	0.08251	0.03	0	0.08251	0	0	0	0	0	1	1
AC-P12-TR-NB-SM-63B59-SM-63B4I	21	10862908	18931371	74	8068463	0.02603	0.00291008730261908	1.054	2	2	0	0	2	2.25269949641417	0	1.054	1.054	1.054	1	1	1.00794	1.00794	0	0	0.13	0.00331	0.72157	0.13	0.00331	0.72157	0	0	0	0	0	1.00794	1.00794
AC-P12-TR-NB-SM-63B59-SM-63B4I	21	18937877	34399656	334	15461779	0.00926	0.00559016770503115	0.79509	1	1	0	0	1	0.995702887326685	0	0.79509	0.58931	1.00087	0	1	0	1	0	0	1	0.84505	1	0	0	0.14787	1	0	0	0	0	0	1
AC-P12-TR-NB-SM-63B59-SM-63B4I	21	34615998	34963490	75	347492	0.02713	0.000130003900117003	1.10612	3	2.6711	0	0	2.6711	2.50573979329586	NA	NA	NA	NA	NA	NA	NA	NA	NA	NA	NA	NA	NA	NA	NA	NA	NA	NA	NA	NA	NA	NA	NA
AC-P12-TR-NB-SM-63B59-SM-63B4I	21	34969646	48084222	895	13114576	0.00564	0.00474014220426613	0.79237	1	1	0	0	1	0.98249740752012	0	0.79237	0.56292	1.02181	0	1	0	1	0	0	1	0.94752	1	0.05	0	0.11819	1	0	0	0	0	0	1
AC-P12-TR-NB-SM-63B59-SM-63B4I	22	16282534	39146971	1600	22864437	0.00536	0.00826024780743422	1.00978	2	2	0	0	2	2.03801335044125	0	1.00978	1.00978	1.00978	1	1	1	1	0	0	0.02	0	0.06859	0.02	0	0.06859	0	0	0	0	0	1	1
AC-P12-TR-NB-SM-63B59-SM-63B4I	22	39148572	39497984	44	349412	0.03598	0.000130003900117003	1.12375	3	2.96086	0	0	2.96086	2.59133266424798	0	1.12375	1.04111	1.2064	1	1	1.0008	1.4308	0	0	0.1	0.00082	0.60717	0.5	0.07582	0.91042	0	0	0	0	0	1.0008	1.4308
AC-P12-TR-NB-SM-63B59-SM-63B4I	22	39529974	51237387	964	11707413	0.00694	0.00423012690380711	1.01401	2	2	0	0	2	2.05854981352278	0	1.01401	1.00823	1.0198	1	1	1	1	0	0	0.02	0	0.11688	0.04	0	0.13973	0	0	0	0	0	1	1
