sample	Chromosome	Start.bp	End.bp	n_probes	length	seg_sigma	W	total_copy_ratio	modal_total_cn	expected_total_cn	total_HZ	total_amp	corrected_total_cn	rescaled_total_cn	bi.allelic	copy.ratio	hscr.a1	hscr.a2	modal.a1	modal.a2	expected.a1	expected.a2	subclonal.a1	subclonal.a2	cancer.cell.frac.a1	ccf.ci95.low.a1	ccf.ci95.high.a1	cancer.cell.frac.a2	ccf.ci95.low.a2	ccf.ci95.high.a2	LOH	HZ	SC_HZ	amp.a1	amp.a2	rescaled.cn.a1	rescaled.cn.a2
AC-P15-TP-NT-SM-63B5D-SM-63B5E	1	69549	27941017	2517	27871468	0.00593	0.0101307091496405	1.01396	2	2	0	0	2	2.07932446107405	0	1.01396	1.01396	1.01396	1	1	1	1	0	0	0.04	0	0.08503	0.04	0	0.08503	0	0	0	0	0	1	1
AC-P15-TP-NT-SM-63B5D-SM-63B5E	1	27943442	27949603	4	6161	0.08933	0	0.60785	1	0.92607	0	0	0.92607	0.259265712719057	NA	NA	NA	NA	NA	NA	NA	NA	NA	NA	NA	NA	NA	NA	NA	NA	NA	NA	NA	NA	NA	NA	NA
AC-P15-TP-NT-SM-63B5D-SM-63B5E	1	27992938	32151713	272	4158775	0.01849	0.00151010570739952	1.03967	2	2	0	0	2	2.19454868707244	0	1.03967	1.03967	1.03967	1	1	1	1	0	0	0.1	0.00171	0.2185	0.1	0.00171	0.2185	0	0	0	0	0	1	1
AC-P15-TP-NT-SM-63B5D-SM-63B5E	1	32154516	32158220	10	3704	0.1218	0	1.31434	3	3.47208	0	0	3.47208	3.4255342240222	0	1.31434	1.31434	1.31434	2	2	1.61301	1.61301	0	0	0.71	0.02985	0.97596	0.71	0.02985	0.97596	0	0	0	0	0	1.61301	1.61301
AC-P15-TP-NT-SM-63B5D-SM-63B5E	1	32163639	39950337	802	7786698	0.01065	0.00283019811386797	1.02855	2	2	0	0	2	2.14471230461028	0	1.02855	1.02855	1.02855	1	1	1	1	0	0	0.07	0.00615	0.13379	0.07	0.00615	0.13379	0	0	0	0	0	1	1
AC-P15-TP-NT-SM-63B5D-SM-63B5E	1	39976940	40307500	49	330560	0.03827	0.000120008400588041	0.91307	2	1.99209	0	0	1.99209	1.62716685076764	0	0.91307	0.58316	1.24297	0	2	0.15081	1.50882	0	0	0.93	0.08447	0.98387	0.55	0.03065	0.96758	1	0	0	0	0	0.15081	1.50882
AC-P15-TP-NT-SM-63B5D-SM-63B5E	1	40310257	45797909	631	5487652	0.01185	0.00199013930975168	1.01469	2	2	0	0	2	2.0825960940954	0	1.01469	1.01469	1.01469	1	1	1	1	0	0	0.04	0	0.10982	0.04	0	0.10982	0	0	0	0	0	1	1
AC-P15-TP-NT-SM-63B5D-SM-63B5E	1	45798302	45798805	4	503	0.09927	0	0.67584	1	1.00675	0	0	1.00675	0.563975752611342	NA	NA	NA	NA	NA	NA	NA	NA	NA	NA	NA	NA	NA	NA	NA	NA	NA	NA	NA	NA	NA	NA	NA
AC-P15-TP-NT-SM-63B5D-SM-63B5E	1	45799175	79002231	1550	33203056	0.00731	0.0120708449591471	0.98106	2	2	0	0	2	1.93187689065993	0	0.98106	0.98106	0.98106	1	1	1	1	0	0	0.03	0	0.09246	0.03	0	0.09246	0	0	0	0	0	1	1
AC-P15-TP-NT-SM-63B5D-SM-63B5E	1	79095502	79128475	12	32973	0.13315	1.00007000490034e-05	1.57465	5	4.55957	0	0	4.55957	4.5921627059219	NA	NA	NA	NA	NA	NA	NA	NA	NA	NA	NA	NA	NA	NA	NA	NA	NA	NA	NA	NA	NA	NA	NA
AC-P15-TP-NT-SM-63B5D-SM-63B5E	1	79383351	89637523	334	10254172	0.01644	0.00373026111827828	1.02439	2	2	0	0	2	2.12606847807767	0	1.02439	1.02439	1.02439	1	1	1	1	0	0	0.06	0.002	0.12142	0.06	0.002	0.12142	0	0	0	0	0	1	1
AC-P15-TP-NT-SM-63B5D-SM-63B5E	1	89652112	91989794	86	2337682	0.0333	0.000850059504165292	1.05312	2	2.00006	0	0	2.00006	2.25482740506849	0	1.05312	0.08827	2.01798	0	3	0	3	1	1	NA	NA	NA	0.29	0.13654	0.4325	1	0	0	0	0	0	3
AC-P15-TP-NT-SM-63B5D-SM-63B5E	1	92163666	92224238	12	60572	0.05894	2.00014000980069e-05	0.69514	1	0.99776	0	0	0.99776	0.650472351668866	NA	NA	NA	NA	NA	NA	NA	NA	NA	NA	NA	NA	NA	NA	NA	NA	NA	NA	NA	NA	NA	NA	NA
AC-P15-TP-NT-SM-63B5D-SM-63B5E	1	92327057	94982646	208	2655589	0.02147	0.000970067904753333	1.05598	2	2	0	0	2	2.26764503580965	0	1.05598	1.05386	1.05809	1	1	1	1	0	0	0.13	0.01979	0.23697	0.14	0.02623	0.2464	0	0	0	0	0	1	1
AC-P15-TP-NT-SM-63B5D-SM-63B5E	1	94997956	95005868	4	7912	0.25159	0	1.71814	5	4.97945	0	0	4.97945	5.23524027062471	NA	NA	NA	NA	NA	NA	NA	NA	NA	NA	NA	NA	NA	NA	NA	NA	NA	NA	NA	NA	NA	NA	NA
AC-P15-TP-NT-SM-63B5D-SM-63B5E	1	95293130	100152502	81	4859372	0.03649	0.00177012390867361	1.12023	3	2.91407	0	0	2.91407	2.55559355857887	0	1.12023	0.72966	1.5108	0	2	0.52414	1.99334	0	0	0.6	0.0251	0.97248	0.15	0.01061	0.95112	1	0	0	0	0	0.52414	1.99334
AC-P15-TP-NT-SM-63B5D-SM-63B5E	1	100174564	120311415	1003	20136851	0.00911	0.00732051243587051	0.98349	2	2	0	0	2	1.94276739510085	0	0.98349	0.98349	0.98349	1	1	1	1	0	0	0.03	0	0.08034	0.03	0	0.08034	0	0	0	0	0	1	1
AC-P15-TP-NT-SM-63B5D-SM-63B5E	1	120502069	144911922	50	24409853	0.04172	0.00887062094346604	1.00589	2	2.00001	0	0	2.00001	2.04315723027642	0	1.00589	0.47398	1.53779	0	2	0	2.00123	0	0	1	0.61389	1	0.21	0.00822	0.64948	1	0	0	0	0	0	2.00123
AC-P15-TP-NT-SM-63B5D-SM-63B5E	1	144915541	145498656	45	583115	0.04157	0.000210014701029072	0.95065	2	1.99985	0	0	1.99985	1.79558872603095	0	0.95065	0.27914	1.62217	0	2	0	2.00041	1	1	NA	NA	NA	0.4	0.16936	0.62638	1	0	0	0	0	0	2.00041
AC-P15-TP-NT-SM-63B5D-SM-63B5E	1	145508245	186143709	3537	40635464	0.0049	0.0147710339723781	0.99416	2	2	0	0	2	1.99058701748135	0	0.99416	0.99416	0.99416	1	1	1	1	0	0	0	0	0.05332	0	0	0.05332	0	0	0	0	0	1	1
AC-P15-TP-NT-SM-63B5D-SM-63B5E	1	186151359	186158826	3	7467	0.27921	0	1.65116	5	4.71915	0	0	4.71915	4.93505673669346	NA	NA	NA	NA	NA	NA	NA	NA	NA	NA	NA	NA	NA	NA	NA	NA	NA	NA	NA	NA	NA	NA	NA
AC-P15-TP-NT-SM-63B5D-SM-63B5E	1	186269283	205892706	992	19623423	0.0092	0.00713049913493945	0.98751	2	2	0	0	2	1.96078378516361	0	0.98751	0.98751	0.98751	1	1	1	1	0	0	0.02	0	0.0702	0.02	0	0.0702	0	0	0	0	0	1	1
AC-P15-TP-NT-SM-63B5D-SM-63B5E	1	205895710	205904885	11	9175	0.126	0	1.42631	4	3.94642	0	0	3.94642	3.92734894922795	NA	NA	NA	NA	NA	NA	NA	NA	NA	NA	NA	NA	NA	NA	NA	NA	NA	NA	NA	NA	NA	NA	NA
AC-P15-TP-NT-SM-63B5D-SM-63B5E	1	206141484	214501015	501	8359531	0.01316	0.00304021281489704	1.0047	2	2	0	0	2	2.03782402028272	0	1.0047	1.0047	1.0047	1	1	1	1	0	0	0.02	0	0.07334	0.02	0	0.07334	0	0	0	0	0	1	1
AC-P15-TP-NT-SM-63B5D-SM-63B5E	1	214505447	215342621	39	837174	0.05771	0.000300021001470103	1.22966	3	3.00137	0	0	3.00137	3.04602479354597	0	1.22966	1.22966	1.22966	2	2	1.5048	1.5048	0	0	0.52	0.05001	0.95045	0.52	0.05001	0.95045	0	0	0	0	0	1.5048	1.5048
AC-P15-TP-NT-SM-63B5D-SM-63B5E	1	215368365	245250604	1393	29882239	0.00782	0.0108607602532177	0.99567	2	2	0	0	2	1.99735436797757	0	0.99567	0.99567	0.99567	1	1	1	1	0	0	0	0	0.06509	0	0	0.06509	0	0	0	0	0	1	1
AC-P15-TP-NT-SM-63B5D-SM-63B5E	1	245582963	245809502	5	226539	0.17866	8.00056003920275e-05	1.36337	4	3.7147	0	0	3.7147	3.64527143914087	0	1.36337	1.36337	1.36337	2	2	1.72982	1.72982	0	0	0.82	0.04103	0.97919	0.82	0.04103	0.97919	0	0	0	0	0	1.72982	1.72982
AC-P15-TP-NT-SM-63B5D-SM-63B5E	1	245850407	249211681	150	3361274	0.02241	0.00122008540597842	0.9356	2	2	0	0	2	1.72813930552236	0	0.9356	0.91216	0.95905	1	1	1	1	0	0	0.19	0.02312	0.36881	0.08	0	0.27043	0	0	0	0	0	1	1
AC-P15-TP-NT-SM-63B5D-SM-63B5E	2	45912	3750052	90	3704140	0.03165	0.00135009450661546	1.02371	2	2	0	0	2	2.12302092950984	0	1.02371	1.02371	1.02371	1	1	1	1	0	0	0.06	0	0.26605	0.06	0	0.26605	0	0	0	0	0	1	1
AC-P15-TP-NT-SM-63B5D-SM-63B5E	2	6990042	7018104	5	28062	0.1934	1.00007000490034e-05	1.47612	4	4.15175	0	0	4.15175	4.15058188182149	NA	NA	NA	NA	NA	NA	NA	NA	NA	NA	NA	NA	NA	NA	NA	NA	NA	NA	NA	NA	NA	NA	NA
AC-P15-TP-NT-SM-63B5D-SM-63B5E	2	7027180	31600010	1295	24572830	0.00798	0.00893062514376006	0.97951	2	2	0	0	2	1.9249302726009	0	0.97951	0.97941	0.97961	1	1	1	1	0	0	0.04	0	0.0855	0.04	0	0.08507	0	0	0	0	0	1	1
AC-P15-TP-NT-SM-63B5D-SM-63B5E	2	31605942	31754451	10	148509	0.1351	5.00035002450172e-05	1.45822	4	4.07391	0	0	4.07391	4.07035964746244	0	1.45822	1.45822	1.45822	2	2	2.00004	2.00004	0	0	0.04	3e-05	0.65647	0.04	3e-05	0.65647	0	0	0	0	0	2.00004	2.00004
AC-P15-TP-NT-SM-63B5D-SM-63B5E	2	32108492	74652282	1709	42543790	0.00702	0.0154710829758083	0.99003	2	2	0	0	2	1.97207764162086	0	0.99003	0.99003	0.99003	1	1	1	1	0	0	0.01	0	0.06053	0.01	0	0.06053	0	0	0	0	0	1	1
AC-P15-TP-NT-SM-63B5D-SM-63B5E	2	74652762	74720196	44	67434	0.04308	2.00014000980069e-05	0.97425	2	1.99998	0	0	1.99998	1.90135658809092	0	0.97425	0.57456	1.37394	0	2	0.20994	1.77631	0	0	0.94	0.06275	0.98292	0.85	0.05087	0.98045	1	0	0	0	0	0.20994	1.77631
AC-P15-TP-NT-SM-63B5D-SM-63B5E	2	74729889	75187252	90	457363	0.03327	0.000170011900833058	1.07643	2	2.00462	0	0	2.00462	2.35929557729807	0	1.07643	1.07643	1.07643	1	1	1	1	0	0	0.18	0.01362	0.3854	0.18	0.01362	0.3854	0	0	0	0	0	1	1
AC-P15-TP-NT-SM-63B5D-SM-63B5E	2	75276704	79312673	34	4035969	0.05099	0.0014701029072035	1.01387	2	2.00064	0	0	2.00064	2.07892110905772	0	1.01387	0.70589	1.32185	0	2	0.29208	1.81479	0	0	0.65	0.06411	0.97196	0.73	0.08628	0.97763	1	0	0	0	0	0.29208	1.81479
AC-P15-TP-NT-SM-63B5D-SM-63B5E	2	79313996	85531068	50	6217072	0.03664	0.00226015821107478	0.88309	2	1.6312	0	0	1.6312	1.49280581243891	0	0.88309	0.88309	0.88309	1	1	1	1	0	1	0.25	0.0475	0.4656	0.25	0.0475	0.4656	0	0	0	0	0	1	1
AC-P15-TP-NT-SM-63B5D-SM-63B5E	2	85532454	85533628	3	1174	0.09752	0	0.57445	1	0.87957	0	0	0.87957	0.109577297769766	NA	NA	NA	NA	NA	NA	NA	NA	NA	NA	NA	NA	NA	NA	NA	NA	NA	NA	NA	NA	NA	NA	NA
AC-P15-TP-NT-SM-63B5D-SM-63B5E	2	85536368	95940455	353	10404087	0.01501	0.0037802646185233	0.96155	2	2	0	0	2	1.84443913689763	0	0.96155	0.96155	0.96155	1	1	1	1	0	0	0.08	0.00211	0.15866	0.08	0.00211	0.15866	0	0	0	0	0	1	1
AC-P15-TP-NT-SM-63B5D-SM-63B5E	2	95942034	95954712	12	12678	0.12526	0	1.48109	4	4.16112	0	0	4.16112	4.17285587650107	0	1.48109	1.48109	1.48109	2	2	2.00173	2.00173	0	0	0.09	0.00597	0.89684	0.09	0.00597	0.89684	0	0	0	0	0	2.00173	2.00173
AC-P15-TP-NT-SM-63B5D-SM-63B5E	2	96040105	112994205	894	16954100	0.00972	0.00616043123018611	0.99043	2	2	0	0	2	1.97387031724899	0	0.99043	0.99043	0.99043	1	1	1	1	0	0	0.01	0	0.07	0.01	0	0.07	0	0	0	0	0	1	1
AC-P15-TP-NT-SM-63B5D-SM-63B5E	2	113060866	113343859	28	282993	0.05106	0.000100007000490034	0.92092	2	1.9775	0	0	1.9775	1.66234810996979	0	0.92092	0.92092	0.92092	1	1	0.99689	0.99689	0	0	0.17	0.00467	0.66875	0.17	0.00467	0.66875	0	0	0	0	0	0.99689	0.99689
AC-P15-TP-NT-SM-63B5D-SM-63B5E	2	113404970	113671399	29	266429	0.07042	0.000100007000490034	1.29409	3	3.18644	0	0	3.18644	3.33478002034785	0	1.29409	1.29409	1.29409	2	2	1.99094	1.99094	0	0	0.67	0.29791	0.95291	0.67	0.29791	0.95291	0	0	0	0	0	1.99094	1.99094
AC-P15-TP-NT-SM-63B5D-SM-63B5E	2	113675282	160901476	1316	47226194	0.00797	0.0171712019841389	0.98621	2	2	0	0	2	1.95495758937217	0	0.98621	0.98384	0.98858	1	1	1	1	0	0	0.03	0	0.09305	0.02	0	0.08416	0	0	0	0	0	1	1
AC-P15-TP-NT-SM-63B5D-SM-63B5E	2	160964272	161132186	14	167914	0.11665	6.00042002940206e-05	1.48986	4	4.18883	0	0	4.18883	4.21216028964793	0	1.48986	1.48986	1.48986	2	2	1.89838	1.89838	0	0	0.11	0.01098	0.9583	0.11	0.01098	0.9583	0	0	0	0	0	1.89838	1.89838
AC-P15-TP-NT-SM-63B5D-SM-63B5E	2	161137849	176996192	798	15858343	0.01007	0.00576040322822598	0.9701	2	2	0	0	2	1.88275757844902	0	0.9701	0.97006	0.97015	1	1	1	1	0	0	0.06	0.00077	0.11547	0.06	0.00069	0.11527	0	0	0	0	0	1	1
AC-P15-TP-NT-SM-63B5D-SM-63B5E	2	177016577	177036623	4	20046	0.16408	1.00007000490034e-05	1.11932	3	2.75251	0	0	2.75251	2.55151522152487	0	1.11932	0.50529	1.73335	0	2	0.09633	2.49717	0	0	1	0.10842	0.98699	0.65	0.03714	0.97369	1	0	0	0	0	0.09633	2.49717
AC-P15-TP-NT-SM-63B5D-SM-63B5E	2	177053855	189975062	698	12921207	0.01232	0.00470032902303161	1.11059	3	2.94686	0	0	2.94686	2.51239007594082	0	1.11059	1.11059	1.11059	1	1	1	1	1	1	0.26	0.19311	0.30889	0.26	0.19311	0.30889	0	0	0	0	0	1	1
AC-P15-TP-NT-SM-63B5D-SM-63B5E	2	190315661	190445164	25	129503	0.04342	5.00035002450172e-05	0.73935	1	1	0	0	1	0.848607825468512	0	0.73935	0.45751	1.02118	0	1	0.0236	1.02896	0	0	1	0.21594	1	0.06	0.00457	0.87319	1	0	0	0	0	0.0236	1.02896
AC-P15-TP-NT-SM-63B5D-SM-63B5E	2	190532580	192543784	139	2011204	0.0333	0.00073005110357725	1.33995	4	3.8597	0	0	3.8597	3.54031028111355	0	1.33995	1.23448	1.44541	2	2	1.57241	1.99967	0	0	0.53	0.0816	0.93623	0.01	0	0.58064	0	0	0	0	0	1.57241	1.99967
AC-P15-TP-NT-SM-63B5D-SM-63B5E	2	192550409	193059164	11	508755	0.06955	0.000180012600882062	0.78582	1	1.02448	0	0	1.02448	1.05687191656712	0	0.78582	0.78582	0.78582	1	1	0.69462	0.69462	0	0	0.47	0.08324	0.86952	0.47	0.08324	0.86952	0	0	0	0	0	0.69462	0.69462
AC-P15-TP-NT-SM-63B5D-SM-63B5E	2	196548526	198367807	201	1819281	0.02538	0.000660046203234226	1.22776	3	3	0	0	3	3.03750958431233	NA	NA	NA	NA	NA	NA	NA	NA	NA	NA	NA	NA	NA	NA	NA	NA	NA	NA	NA	NA	NA	NA	NA
AC-P15-TP-NT-SM-63B5D-SM-63B5E	2	198404855	216226313	808	17821458	0.00858	0.00648045363175422	0.83107	1	1	0	0	1	1.25966834699992	0	0.83107	0.57495	1.08718	0	1	0	1	0	1	0.94	0.83767	1	0.2	0.10018	0.29765	1	0	0	0	0	0	1
AC-P15-TP-NT-SM-63B5D-SM-63B5E	2	216230290	216299482	42	69192	0.0547	3.00021001470103e-05	1.20948	3	2.99976	0	0	2.99976	2.95558430810655	0	1.20948	0.86922	1.54975	1	2	0.77026	2.09147	0	0	0.28	0.0137	0.95309	0.24	0.01223	0.94938	0	0	0	0	0	0.77026	2.09147
AC-P15-TP-NT-SM-63B5D-SM-63B5E	2	216810375	237374250	1225	20563875	0.00687	0.00748052363665457	0.81907	1	1	0	0	1	1.20588807815586	0	0.81907	0.5336	1.10454	0	1	0	1	0	1	1	0.92663	1	0.24	0.15661	0.31849	1	0	0	0	0	0	1
AC-P15-TP-NT-SM-63B5D-SM-63B5E	2	237489652	242814645	361	5324993	0.01306	0.00194013580950667	0.84561	1	1	0	0	1	1.32483210608263	0	0.84561	0.61179	1.07944	0	1	0	1	0	0	0.86	0.71501	0.97676	0.19	0.04485	0.32221	1	0	0	0	0	0	1
AC-P15-TP-NT-SM-63B5D-SM-63B5E	3	369943	14554324	655	14184381	0.01147	0.00516036122528577	1.00065	2	2	0	0	2	2.01967317954785	0	1.00065	1.00042	1.00088	1	1	1	1	0	0	0.01	0	0.07027	0.01	0	0.07134	0	0	0	0	0	1	1
AC-P15-TP-NT-SM-63B5D-SM-63B5E	3	14561699	14567011	4	5312	0.20003	0	1.36532	4	3.73781	0	0	3.73781	3.65401073282803	0	1.36532	1.36532	1.36532	2	2	1.68162	1.68162	0	0	0.83	0.03042	0.97806	0.83	0.03042	0.97806	0	0	0	0	0	1.68162	1.68162
AC-P15-TP-NT-SM-63B5D-SM-63B5E	3	14703125	44822395	1114	30119270	0.00841	0.0109507665536588	0.95699	2	2	0	0	2	1.82400263473689	0	0.95699	0.95699	0.95699	1	1	1	1	0	0	0.09	0.02857	0.13787	0.09	0.02857	0.13787	0	0	0	0	0	1	1
AC-P15-TP-NT-SM-63B5D-SM-63B5E	3	44835813	44952829	35	117016	0.05738	4.00028001960137e-05	1.15797	3	2.97657	0	0	2.97657	2.72473250409343	0	1.15797	1.15797	1.15797	1	1	1.12689	1.12689	0	0	0.36	0.02397	0.87426	0.36	0.02397	0.87426	0	0	0	0	0	1.12689	1.12689
AC-P15-TP-NT-SM-63B5D-SM-63B5E	3	44968259	48575991	450	3607732	0.01369	0.00131009170641945	0.99004	2	2	0	0	2	1.97212245851156	0	0.99004	0.98969	0.9904	1	1	1	1	0	0	0.01	0	0.08565	0.01	0	0.08436	0	0	0	0	0	1	1
AC-P15-TP-NT-SM-63B5D-SM-63B5E	3	48587344	48636592	100	49248	0.04228	2.00014000980069e-05	1.44301	4	4	0	0	4	4.00219315670259	0	1.44301	0.41226	2.47377	0	4	0.20055	3.74335	0	0	1	0.05986	0.98535	0.31	0.01474	0.96416	1	0	0	0	0	0.20055	3.74335
AC-P15-TP-NT-SM-63B5D-SM-63B5E	3	48637539	48716355	56	78816	0.04348	3.00021001470103e-05	1.10986	3	2.65923	0	0	2.65923	2.50911844291947	0	1.10986	0.63607	1.58365	0	2	0.37797	2.1265	0	0	0.81	0.03579	0.9784	0.32	0.01482	0.96103	1	0	0	0	0	0.37797	2.1265
AC-P15-TP-NT-SM-63B5D-SM-63B5E	3	48716849	59737999	1395	11021150	0.00778	0.00401028071965038	0.99011	2	2	0	0	2	1.97243617674649	0	0.99011	0.99011	0.99011	1	1	1	1	0	0	0.01	0	0.07326	0.01	0	0.07326	0	0	0	0	0	1	1
AC-P15-TP-NT-SM-63B5D-SM-63B5E	3	59999805	89528599	404	29528794	0.01124	0.0107307511525807	0.76958	1	1	0	0	1	0.984089286064832	0	0.76958	0.55229	0.98688	0	1	0	1	0	0	0.99	0.84162	1	0.02	0	0.16003	1	0	0	0	0	0	1
AC-P15-TP-NT-SM-63B5D-SM-63B5E	3	93595922	109056337	439	15460415	0.01688	0.00562039342753993	1.20631	3	3	0	0	3	2.94137735375358	0	1.20631	0.97101	1.44161	1	2	1	2	0	0	0.06	0	0.18378	1	0.8501	1	0	0	0	0	0	1	2
AC-P15-TP-NT-SM-63B5D-SM-63B5E	3	110837650	111264070	5	426420	0.10446	0.000160011200784055	0.79572	1	1.26577	0	0	1.26577	1.10124063836347	NA	NA	NA	NA	NA	NA	NA	NA	NA	NA	NA	NA	NA	NA	NA	NA	NA	NA	NA	NA	NA	NA	NA
AC-P15-TP-NT-SM-63B5D-SM-63B5E	3	111296372	112198458	80	902086	0.04039	0.000330023101617113	1.23243	3	3	0	0	3	3.0584390722708	0	1.23243	1.16685	1.29801	1	2	1.03044	1.99062	1	0	0.38	0.05535	0.7501	0.68	0.29532	0.95793	0	0	0	0	0	1.03044	1.99062
AC-P15-TP-NT-SM-63B5D-SM-63B5E	3	112251586	118649040	194	6397454	0.02461	0.0023301631114178	1.16957	3	3	0	0	3	2.77672009730935	0	1.16957	0.93158	1.40757	1	2	1	2	0	0	0.14	0.00415	0.3663	0.92	0.6826	1	0	0	0	0	0	1	2
AC-P15-TP-NT-SM-63B5D-SM-63B5E	3	118867098	118905622	3	38524	0.29328	1.00007000490034e-05	1.73456	5	4.95433	0	0	4.95433	5.30882960515966	0	1.73456	1.30374	2.16538	1	3	1.48397	2.72991	0	0	0.69	0.01907	0.97501	0.62	0.01826	0.97432	0	0	0	0	0	1.48397	2.72991
AC-P15-TP-NT-SM-63B5D-SM-63B5E	3	118909128	119128482	20	219354	0.0743	8.00056003920275e-05	1.13349	3	2.8105	0	0	2.8105	2.61502075565156	0	1.13349	0.69458	1.5724	0	2	0.40897	2.13586	0	0	0.68	0.03509	0.97488	0.29	0.01388	0.9522	1	0	0	0	0	0.40897	2.13586
AC-P15-TP-NT-SM-63B5D-SM-63B5E	3	119133906	126710317	577	7576411	0.01455	0.00275019251347594	1.19221	3	3	0	0	3	2.87818553786181	0	1.19221	0.9733	1.41112	1	2	1	2	0	0	0.05	0	0.17925	0.93	0.79381	1	0	0	0	0	0	1	2
AC-P15-TP-NT-SM-63B5D-SM-63B5E	3	126723789	132389850	422	5666061	0.01765	0.00206014421009471	1.23714	3	3	0	0	3	3.0795478277921	0	1.23714	0.91243	1.56186	1	2	1	2	0	1	0.19	0.02121	0.37386	0.27	0.0762	0.4525	0	0	0	0	0	1	2
AC-P15-TP-NT-SM-63B5D-SM-63B5E	3	132390957	137787100	206	5396143	0.02494	0.00196013720960467	1.22122	3	3	0	0	3	3.00819933779232	0	1.22122	1.02031	1.42213	1	2	1	2	0	0	0.05	0	0.36378	0.95	0.63255	1	0	0	0	0	0	1	2
AC-P15-TP-NT-SM-63B5D-SM-63B5E	3	137796407	137805833	4	9426	0.26714	0	1.82453	5	5.28797	0	0	5.28797	5.71204717081797	NA	NA	NA	NA	NA	NA	NA	NA	NA	NA	NA	NA	NA	NA	NA	NA	NA	NA	NA	NA	NA	NA	NA
AC-P15-TP-NT-SM-63B5D-SM-63B5E	3	137811305	164907151	868	27095846	0.01217	0.00985068954826838	1.22365	3	3	0	0	3	3.01908984223324	0	1.22365	0.99727	1.45003	1	2	1	2	0	0	0	0	0.13491	0.02	0	0.14567	0	0	0	0	0	1	2
AC-P15-TP-NT-SM-63B5D-SM-63B5E	3	165548062	167189498	18	1641436	0.05007	0.000600042002940206	0.72333	1	0.99991	0	0	0.99991	0.776811166561697	0	0.72333	0.50169	0.94498	0	1	0	1	0	0	1	0.87577	1	0.11	0.00246	0.27128	1	0	0	0	0	0	1
AC-P15-TP-NT-SM-63B5D-SM-63B5E	3	167240187	182789071	450	15548884	0.02331	0.00565039552768694	1.68821	5	5	0	0	5	5.10110331674949	0	1.68821	1.0645	2.31192	1	4	1	4	0	0	0.15	0.00538	0.37683	0.95	0.70099	1	0	0	0	0	0	1	4
AC-P15-TP-NT-SM-63B5D-SM-63B5E	3	182810264	197765487	966	14955223	0.01647	0.00544038082665787	1.74847	5	5	0	0	5	5.37116990012806	0	1.74847	1.01311	2.48383	1	4	1	4	0	1	0.04	0	0.1494	0.33	0.21759	0.43909	0	0	0	0	0	1	4
AC-P15-TP-NT-SM-63B5D-SM-63B5E	4	59385	5667308	450	5607923	0.0105	0.0020401428099967	0.75841	1	1	0	0	1	0.934028819149156	0	0.75841	0.47714	1.03968	0	1	0	1	1	0	NA	NA	NA	0.1	0.00594	0.19494	1	0	0	0	0	0	1
AC-P15-TP-NT-SM-63B5D-SM-63B5E	4	5687151	5811291	18	124140	0.06608	5.00035002450172e-05	0.9557	2	1.98782	0	0	1.98782	1.81822125583615	0	0.9557	0.9557	0.9557	1	1	1	1	0	0	0.09	0	0.31168	0.09	0	0.31168	0	0	0	0	0	1	1
AC-P15-TP-NT-SM-63B5D-SM-63B5E	4	5830305	56886893	1248	51056588	0.00631	0.0185612992909504	0.75897	1	1	0	0	1	0.936538565028545	0	0.75897	0.50434	1.01359	0	1	0	1	1	0	NA	NA	NA	0.04	0	0.10272	1	0	0	0	0	0	1
AC-P15-TP-NT-SM-63B5D-SM-63B5E	4	57164455	57389952	46	225497	0.03011	8.00056003920275e-05	0.69524	1	0.99999	0	0	0.99999	0.6509205205759	0	0.69524	0.52649	0.86398	0	1	0	1	0	0	1	0.74397	1	0.3	0.05775	0.54295	1	0	0	0	0	0	1
AC-P15-TP-NT-SM-63B5D-SM-63B5E	4	57677905	69362441	114	11684536	0.02163	0.00425029752082646	0.78673	1	1	0	0	1	1.06095025362113	0	0.78673	0.50832	1.06514	0	1	0	1	0	0	1	0.85524	1	0.15	0.012	0.32235	1	0	0	0	0	0	1
AC-P15-TP-NT-SM-63B5D-SM-63B5E	4	69416504	69433840	5	17336	0.14768	1.00007000490034e-05	1.12635	3	2.74723	0	0	2.74723	2.58302149568934	NA	NA	NA	NA	NA	NA	NA	NA	NA	NA	NA	NA	NA	NA	NA	NA	NA	NA	NA	NA	NA	NA	NA
AC-P15-TP-NT-SM-63B5D-SM-63B5E	4	69519864	74477496	263	4957632	0.0139	0.00180012600882062	0.76801	1	1	0	0	1	0.977053034224401	0	0.76801	0.48568	1.05034	0	1	0	1	0	0	1	0.84249	1	0.12	0.00123	0.32663	1	0	0	0	0	0	1
AC-P15-TP-NT-SM-63B5D-SM-63B5E	4	74607326	74904068	19	296742	0.0873	0.000110007700539038	1.29855	3	3.31164	0	0	3.31164	3.35476835360156	NA	NA	NA	NA	NA	NA	NA	NA	NA	NA	NA	NA	NA	NA	NA	NA	NA	NA	NA	NA	NA	NA	NA
AC-P15-TP-NT-SM-63B5D-SM-63B5E	4	74964577	95494522	800	20529945	0.00823	0.00746052223655656	0.79317	1	1	0	0	1	1.08981233123411	0	0.79317	0.57133	1.015	0	1	0	1	0	0	0.95	0.83634	1	0.04	0	0.14845	1	0	0	0	0	0	1
AC-P15-TP-NT-SM-63B5D-SM-63B5E	4	95506801	103611840	227	8105039	0.01525	0.00295020651445601	0.78253	1	1	0	0	1	1.04212715952571	0	0.78253	0.46968	1.09537	0	1	0	1	1	1	NA	NA	NA	0.22	0.11538	0.31858	1	0	0	0	0	0	1
AC-P15-TP-NT-SM-63B5D-SM-63B5E	4	103644112	191012705	2143	87368593	0.0052	0.0317622233556349	0.82084	1	1	0	0	1	1.21382066781036	0	0.82084	0.5605	1.08118	0	1	0	1	0	1	0.98	0.90879	1	0.19	0.12461	0.24597	1	0	0	0	0	0	1
AC-P15-TP-NT-SM-63B5D-SM-63B5E	5	143556	13692168	372	13548612	0.01833	0.00493034512415869	1.20586	3	3	0	0	3	2.93936059367192	0	1.20586	1.01722	1.3945	1	2	1	2	0	0	0.05	0	0.26527	0.89	0.67358	1	0	0	0	0	0	1	2
AC-P15-TP-NT-SM-63B5D-SM-63B5E	5	13701468	16781875	172	3080407	0.02986	0.00112007840548838	1.33648	4	3.80148	0	0	3.80148	3.52475882003948	0	1.33648	1.02295	1.65	1	2	1	2.0221	0	1	0.06	0	0.27532	0.46	0.25326	0.6666	0	0	0	0	0	1	2.0221
AC-P15-TP-NT-SM-63B5D-SM-63B5E	5	19473579	32407002	136	12933423	0.0317	0.00470032902303161	1.26143	3	3	0	0	3	3.18840805531061	0	1.26143	1.15884	1.36402	1	2	1.05793	1.99742	0	0	0.36	0.03274	0.80419	0.82	0.34704	0.98503	0	0	0	0	0	1.05793	1.99742
AC-P15-TP-NT-SM-63B5D-SM-63B5E	5	32417824	35807293	154	3389469	0.03139	0.00123008610602742	1.32932	3	3.45431	0	0	3.45431	3.49266992629586	0	1.32932	0.94745	1.71118	1	3	0.99997	2.88767	0	0	0.11	3e-04	0.51196	0.6	0.21716	0.92958	0	0	0	0	0	0.99997	2.88767
AC-P15-TP-NT-SM-63B5D-SM-63B5E	5	35861022	52211358	510	16350336	0.01632	0.00594041582910804	1.25783	3	3	0	0	3	3.17227397465739	0	1.25783	1.04349	1.47216	1	2	1	2	0	0	0.11	0	0.28673	0.07	0	0.25206	0	0	0	0	0	1	2
AC-P15-TP-NT-SM-63B5D-SM-63B5E	5	52216229	52781821	45	565592	0.08246	0.000210014701029072	1.88905	6	5.98074	0	0	5.98074	6.00120574963618	0	1.88905	1.43571	2.3424	2	4	1.96164	3.90053	0	0	0.98	0.14746	0.98695	0.02	0.00308	0.84302	0	0	0	0	0	1.96164	3.90053
AC-P15-TP-NT-SM-63B5D-SM-63B5E	5	52899320	56558499	193	3659179	0.02725	0.00133009310651746	1.29176	3	3.00004	0	0	3.00004	3.32433768481396	0	1.29176	1.08349	1.50003	1	2	1	2	0	0	0.2	0.02069	0.39553	0.13	0.00237	0.33223	0	0	0	0	0	1	2
AC-P15-TP-NT-SM-63B5D-SM-63B5E	5	57750505	57755651	14	5146	0.14174	0	1.81106	6	5.5254	0	0	5.5254	5.65167881904052	NA	NA	NA	NA	NA	NA	NA	NA	NA	NA	NA	NA	NA	NA	NA	NA	NA	NA	NA	NA	NA	NA	NA
AC-P15-TP-NT-SM-63B5D-SM-63B5E	5	57913343	74072462	516	16159119	0.01621	0.00587041092876501	1.25634	3	3	0	0	3	3.16559625794259	0	1.25634	1.05892	1.45376	1	2	1	2	0	0	0.14	0.01218	0.284	0.03	0	0.18084	0	0	0	0	0	1	2
AC-P15-TP-NT-SM-63B5D-SM-63B5E	5	74078857	74889788	48	810931	0.05183	0.000290020301421099	1.22515	3	3.00019	0	0	3.00019	3.02581237583874	0	1.22515	0.69876	1.75155	0	3	0.31961	2.62263	0	0	0.67	0.05338	0.97385	0.69	0.05816	0.97542	1	0	0	0	0	0.31961	2.62263
AC-P15-TP-NT-SM-63B5D-SM-63B5E	5	74893592	75948616	36	1055024	0.0502	0.00038002660186213	1.02714	2	2.00159	0	0	2.00159	2.1383931230211	0	1.02714	0.76769	1.28659	0	2	0.47553	1.97493	0	0	0.51	0.13344	0.87553	0.65	0.25724	0.95188	1	0	0	0	0	0.47553	1.97493
AC-P15-TP-NT-SM-63B5D-SM-63B5E	5	75950793	79755272	195	3804479	0.02523	0.00138009660676247	1.20187	3	3	0	0	3	2.92147865428127	0	1.20187	1.17861	1.22514	1	2	1.00048	1.69824	1	1	0.41	0.1862	0.62108	0.51	0.29047	0.72548	0	0	0	0	0	1.00048	1.69824
AC-P15-TP-NT-SM-63B5D-SM-63B5E	5	79769625	79815620	6	45995	0.19289	2.00014000980069e-05	1.6131	5	4.67383	0	0	4.67383	4.7644836506764	0	1.6131	1.1186	2.10761	1	3	1.22885	2.78992	0	0	0.27	0.01446	0.96899	0.49	0.01735	0.97238	0	0	0	0	0	1.22885	2.78992
AC-P15-TP-NT-SM-63B5D-SM-63B5E	5	79837571	139936794	1859	60099223	0.00836	0.0218515296070725	1.22941	3	3	0	0	3	3.04490437127838	0	1.22941	1.02578	1.43304	1	2	1	2	0	0	0.07	0	0.14242	0.98	0.88812	1	0	0	0	0	0	1	2
AC-P15-TP-NT-SM-63B5D-SM-63B5E	5	139939993	148207015	458	8267022	0.01658	0.00301021071475003	1.21072	3	3	0	0	3	2.96114160255377	0	1.21072	0.94488	1.47656	1	2	1	2	0	0	0.12	0.02054	0.2047	0.08	0.00011	0.16664	0	0	0	0	0	1	2
AC-P15-TP-NT-SM-63B5D-SM-63B5E	5	148386541	148411183	7	24642	0.19951	1.00007000490034e-05	1.80252	5	5.37999	0	0	5.37999	5.61340519437983	0	1.80252	1.80252	1.80252	2	2	2.34765	2.34765	0	0	0.81	0.02361	0.97674	0.81	0.02361	0.97674	0	0	0	0	0	2.34765	2.34765
AC-P15-TP-NT-SM-63B5D-SM-63B5E	5	148420203	173040195	942	24619992	0.01175	0.00895062654385807	1.23068	3	3	0	0	3	3.05059611639771	0	1.23068	1.02551	1.43585	1	2	1	2	0	0	0.07	0	0.16843	0.99	0.86443	1	0	0	0	0	0	1	2
AC-P15-TP-NT-SM-63B5D-SM-63B5E	5	173337566	180431748	552	7094182	0.0097	0.00258018061264288	0.77609	1	1	0	0	1	1.01326508191273	0	0.77609	0.53952	1.01266	0	1	0	1	0	0	1	0.8924	1	0.04	0	0.14174	1	0	0	0	0	0	1
AC-P15-TP-NT-SM-63B5D-SM-63B5E	5	180472543	180794756	14	322213	0.10373	0.000120008400588041	1.32444	4	3.50545	0	0	3.50545	3.47079928363261	0	1.32444	1.32444	1.32444	2	2	1.82829	1.82829	0	0	0.74	0.09148	0.978	0.74	0.09148	0.978	0	0	0	0	0	1.82829	1.82829
AC-P15-TP-NT-SM-63B5D-SM-63B5E	6	345890	2679577	47	2333687	0.04125	0.000850059504165292	0.96411	2	1.99998	0	0	1.99998	1.8559122609177	0	0.96411	0.96411	0.96411	1	1	1	1	0	0	0.07	0	0.21941	0.07	0	0.21941	0	0	0	0	0	1	1
AC-P15-TP-NT-SM-63B5D-SM-63B5E	6	2683325	2689137	4	5812	0.25121	0	1.71552	5	4.97132	0	0	4.97132	5.22349824526042	NA	NA	NA	NA	NA	NA	NA	NA	NA	NA	NA	NA	NA	NA	NA	NA	NA	NA	NA	NA	NA	NA	NA
AC-P15-TP-NT-SM-63B5D-SM-63B5E	6	2769020	2900761	17	131741	0.07882	5.00035002450172e-05	1.10853	3	2.61241	0	0	2.61241	2.50315779645592	0	1.10853	0	2.21705	0	3	0.15897	2.9931	0	0	1	0.06886	0.98784	0.74	0.02151	0.9757	1	0	0	0	0	0.15897	2.9931
AC-P15-TP-NT-SM-63B5D-SM-63B5E	6	2949225	26094433	674	23145208	0.01099	0.00841058874121189	0.97312	2	2	0	0	2	1.89629227944144	0	0.97312	0.97312	0.97312	1	1	1	1	0	0	0.05	0	0.10384	0.05	0	0.10384	0	0	0	0	0	1	1
AC-P15-TP-NT-SM-63B5D-SM-63B5E	6	26108009	26273393	21	165384	0.08719	6.00042002940206e-05	1.36357	4	3.75325	0	0	3.75325	3.64616777695494	0	1.36357	1.36357	1.36357	2	2	1.81215	1.81215	0	0	0.82	0.06884	0.98096	0.82	0.06884	0.98096	0	0	0	0	0	1.81215	1.81215
AC-P15-TP-NT-SM-63B5D-SM-63B5E	6	26368452	27425124	73	1056672	0.03312	0.00038002660186213	0.96483	2	2	0	0	2	1.85913907704834	0	0.96483	0.96483	0.96483	1	1	1	1	0	0	0.07	0	0.31452	0.07	0	0.31452	0	0	0	0	0	1	1
AC-P15-TP-NT-SM-63B5D-SM-63B5E	6	27776183	27879560	15	103377	0.109	4.00028001960137e-05	1.44085	4	4.00054	0	0	4.00054	3.99251270831066	NA	NA	NA	NA	NA	NA	NA	NA	NA	NA	NA	NA	NA	NA	NA	NA	NA	NA	NA	NA	NA	NA	NA
AC-P15-TP-NT-SM-63B5D-SM-63B5E	6	28053463	29633985	93	1580522	0.03093	0.000570039902793196	1.01696	2	2	0	0	2	2.09276952828506	0	1.01696	1.01637	1.01756	1	1	1	1	0	0	0.05	0	0.13844	0.05	0	0.14063	0	0	0	0	0	1	1
AC-P15-TP-NT-SM-63B5D-SM-63B5E	6	29637974	29695808	17	57834	0.10081	2.00014000980069e-05	1.41862	4	3.93249	0	0	3.93249	3.89288476027705	0	1.41862	1.41862	1.41862	2	2	2	2	0	0	0.95	0.64071	1	0.95	0.64071	1	0	0	0	0	0	2	2
AC-P15-TP-NT-SM-63B5D-SM-63B5E	6	30040979	33143404	866	3102425	0.0096	0.00113007910553739	0.96302	2	2	0	0	2	1.85102721983103	0	0.96302	0.96302	0.96302	1	1	1	1	0	0	0.07	0.01486	0.12514	0.07	0.01486	0.12514	0	0	0	0	0	1	1
AC-P15-TP-NT-SM-63B5D-SM-63B5E	6	33144795	33146106	5	1311	0.18262	0	1.39368	4	3.83383	0	0	3.83383	3.78111143486282	0	1.39368	0.82552	1.96185	1	3	0.7526	2.71669	0	0	0.38	0.01619	0.96852	0.16	0.01225	0.96234	0	0	0	0	0	0.7526	2.71669
AC-P15-TP-NT-SM-63B5D-SM-63B5E	6	33146482	84930831	2431	51784349	0.00587	0.0188213174922245	0.98759	2	2	0	0	2	1.96114232028923	0	0.98759	0.98759	0.98759	1	1	1	1	0	0	0.02	0	0.06548	0.02	0	0.06548	0	0	0	0	0	1	1
AC-P15-TP-NT-SM-63B5D-SM-63B5E	6	85448261	86201794	10	753533	0.12868	0.000270018901323093	1.3888	4	3.79626	0	0	3.79626	3.75924079219957	0	1.3888	1.06133	1.71627	1	2	1.09024	2.48455	0	0	0.15	0.00778	0.91047	0.61	0.03935	0.97094	0	0	0	0	0	1.09024	2.48455
AC-P15-TP-NT-SM-63B5D-SM-63B5E	6	86217731	130031224	1308	43813493	0.00798	0.0159311151780625	0.98414	2	2	0	0	2	1.94568049299657	0	0.98414	0.98414	0.98414	1	1	1	1	0	0	0.03	0	0.07588	0.03	0	0.07588	0	0	0	0	0	1	1
AC-P15-TP-NT-SM-63B5D-SM-63B5E	6	130164711	130182316	3	17605	0.23599	1.00007000490034e-05	1.39501	4	3.87021	0	0	3.87021	3.78707208132637	NA	NA	NA	NA	NA	NA	NA	NA	NA	NA	NA	NA	NA	NA	NA	NA	NA	NA	NA	NA	NA	NA	NA
AC-P15-TP-NT-SM-63B5D-SM-63B5E	6	130370482	131602767	51	1232285	0.03447	0.000450031502205154	0.83885	1	1.00078	0	0	1.00078	1.29453588796715	0	0.83885	0.83885	0.83885	1	1	0.79257	0.79257	0	0	0.35	0.01852	0.92395	0.35	0.01852	0.92395	0	0	0	0	0	0.79257	0.79257
AC-P15-TP-NT-SM-63B5D-SM-63B5E	6	131897838	161032673	1279	29134835	0.00816	0.0105907413518946	0.99528	2	2	0	0	2	1.99560650924013	0	0.99528	0.99528	0.99528	1	1	1	1	0	0	0	0	0.054	0	0	0.054	0	0	0	0	0	1	1
AC-P15-TP-NT-SM-63B5D-SM-63B5E	6	161038228	161067336	12	29108	0.05479	1.00007000490034e-05	0.64596	1	0.94651	0	0	0.94651	0.43006288318964	NA	NA	NA	NA	NA	NA	NA	NA	NA	NA	NA	NA	NA	NA	NA	NA	NA	NA	NA	NA	NA	NA	NA
AC-P15-TP-NT-SM-63B5D-SM-63B5E	6	161085221	170892713	257	9807492	0.01918	0.00357024991749422	1.04832	2	2	0	0	2	2.23331529753086	0	1.04832	1.04832	1.04832	1	1	1	1	0	0	0.12	0.03711	0.18675	0.12	0.03711	0.18675	0	0	0	0	0	1	1
AC-P15-TP-NT-SM-63B5D-SM-63B5E	7	540563	48284236	1741	47743673	0.00708	0.01736121528507	1.0075	2	2	0	0	2	2.05037274967966	0	1.0075	1.0075	1.0075	1	1	1	1	0	0	0.03	0	0.07007	0.03	0	0.07007	0	0	0	0	0	1	1
AC-P15-TP-NT-SM-63B5D-SM-63B5E	7	48287938	48318603	4	30665	0.22378	1.00007000490034e-05	1.52784	4	4.34027	0	0	4.34027	4.38237484053937	0	1.52784	1.52784	1.52784	2	2	2.025	2.025	0	0	0.19	0.01151	0.95358	0.19	0.01151	0.95358	0	0	0	0	0	2.025	2.025
AC-P15-TP-NT-SM-63B5D-SM-63B5E	7	48335378	57188202	106	8852824	0.03092	0.0032202254157791	1.08563	2	2.01393	0	0	2.01393	2.40052711674518	0	1.08563	1.07419	1.09706	1	1	1	1	0	0	0.17	0.02414	0.3325	0.23	0.06204	0.38337	0	0	0	0	0	1	1
AC-P15-TP-NT-SM-63B5D-SM-63B5E	7	57194361	82455940	657	25261579	0.00874	0.00918064264498515	0.76281	1	1	0	0	1	0.953748251058643	0	0.76281	0.55932	0.96631	0	1	0	1	0	0	0.98	0.82026	1	0.07	0	0.20814	1	0	0	0	0	0	1
AC-P15-TP-NT-SM-63B5D-SM-63B5E	7	82538260	93628543	406	11090283	0.01093	0.00403028211974838	0.74996	1	1	0	0	1	0.896158546504799	0	0.74996	0.48469	1.01523	0	1	0	1	1	0	NA	NA	NA	0.04	0	0.14963	1	0	0	0	0	0	1
AC-P15-TP-NT-SM-63B5D-SM-63B5E	7	94024378	94059631	38	35253	0.06474	1.00007000490034e-05	1.362	4	3.85423	0	0	3.85423	3.63913152511451	0	1.362	1.362	1.362	2	2	1.86806	1.86806	0	0	0.82	0.09779	0.98187	0.82	0.09779	0.98187	0	0	0	0	0	1.86806	1.86806
AC-P15-TP-NT-SM-63B5D-SM-63B5E	7	94147574	95224405	75	1076831	0.02345	0.000390027301911134	0.69143	1	1	0	0	1	0.633845285217912	0	0.69143	0.48248	0.90037	0	1	0.00017	0.98404	0	0	1	0.48703	1	0.21	0.00812	0.75694	1	0	0	0	0	0.00017	0.98404
AC-P15-TP-NT-SM-63B5D-SM-63B5E	7	95457398	103252153	766	7794755	0.01038	0.00283019811386797	0.97938	2	2	0	0	2	1.92434765302176	0	0.97938	0.97884	0.97991	1	1	1	1	0	0	0.04	0	0.10292	0.04	0	0.1002	0	0	0	0	0	1	1
AC-P15-TP-NT-SM-63B5D-SM-63B5E	7	103275952	103281022	3	5070	0.28689	0	1.69666	5	4.85056	0	0	4.85056	5.13897358939384	NA	NA	NA	NA	NA	NA	NA	NA	NA	NA	NA	NA	NA	NA	NA	NA	NA	NA	NA	NA	NA	NA	NA
AC-P15-TP-NT-SM-63B5D-SM-63B5E	7	103292171	112555431	359	9263260	0.01595	0.00337023591651416	1.03031	2	2	0	0	2	2.15260007737408	0	1.03031	1.03009	1.03053	1	1	1	1	0	0	0.08	0.00511	0.14407	0.08	0.0057	0.14508	0	0	0	0	0	1	1
AC-P15-TP-NT-SM-63B5D-SM-63B5E	7	113518978	115614266	27	2095288	0.04654	0.000760053203724261	0.82395	1	1.00551	0	0	1.00551	1.22775872081911	0	0.82395	0.62841	1.01949	0	1	0.16983	1.02703	0	0	0.82	0.08291	0.98156	0.05	0.00448	0.87222	1	0	0	0	0	0.16983	1.02703
AC-P15-TP-NT-SM-63B5D-SM-63B5E	7	115857825	141765201	1156	25907376	0.0087	0.00942065944616123	1.00874	2	2	0	0	2	2.05593004412688	0	1.00874	1.00874	1.00874	1	1	1	1	0	0	0.03	0	0.0755	0.03	0	0.0755	0	0	0	0	0	1	1
AC-P15-TP-NT-SM-63B5D-SM-63B5E	7	141765572	141794604	7	29032	0.16037	1.00007000490034e-05	1.44824	4	4.03918	0	0	4.03918	4.02563239054046	NA	NA	NA	NA	NA	NA	NA	NA	NA	NA	NA	NA	NA	NA	NA	NA	NA	NA	NA	NA	NA	NA	NA
AC-P15-TP-NT-SM-63B5D-SM-63B5E	7	141796172	143043711	152	1247539	0.02344	0.000450031502205154	0.98546	2	2	0	0	2	1.95159632256941	0	0.98546	0.98535	0.98558	1	1	1	1	0	0	0.02	0	0.11563	0.02	0	0.11521	0	0	0	0	0	1	1
AC-P15-TP-NT-SM-63B5D-SM-63B5E	7	143047516	144097303	70	1049787	0.03085	0.00038002660186213	0.87963	1	1.42838	0	0	1.42838	1.47729916825554	0	0.87963	0.87963	0.87963	1	1	0.99183	0.99183	0	0	0.26	0.01335	0.71379	0.26	0.01335	0.71379	0	0	0	0	0	0.99183	0.99183
AC-P15-TP-NT-SM-63B5D-SM-63B5E	7	144101710	158935187	601	14833477	0.01161	0.00539037732641285	0.97025	2	2	0	0	2	1.88342983180957	0	0.97025	0.97025	0.97025	1	1	1	1	0	0	0.06	0	0.11745	0.06	0	0.11745	0	0	0	0	0	1	1
AC-P15-TP-NT-SM-63B5D-SM-63B5E	8	190901	24199190	792	24008289	0.01064	0.00873061114278	1.02075	2	2	0	0	2	2.10975512986164	0	1.02075	1.02075	1.02075	1	1	1	1	0	0	0.05	0.00092	0.10565	0.05	0.00092	0.10565	0	0	0	0	0	1	1
AC-P15-TP-NT-SM-63B5D-SM-63B5E	8	24207430	24211313	4	3883	0.22361	0	1.52667	4	4.33608	0	0	4.33608	4.37713126432708	NA	NA	NA	NA	NA	NA	NA	NA	NA	NA	NA	NA	NA	NA	NA	NA	NA	NA	NA	NA	NA	NA	NA
AC-P15-TP-NT-SM-63B5D-SM-63B5E	8	24253270	39678604	648	15425334	0.0115	0.00561039272749092	0.99827	2	2	0	0	2	2.00900675956044	0	0.99827	0.99827	0.99827	1	1	1	1	0	0	0	0	0.06694	0	0	0.06694	0	0	0	0	0	1	1
AC-P15-TP-NT-SM-63B5D-SM-63B5E	8	39775666	41122846	12	1347180	0.10306	0.000490034302401168	1.21802	3	3.03885	0	0	3.03885	2.99385793276723	0	1.21802	1.21802	1.21802	1	1	1.4339	1.4339	0	0	0.5	0.02226	0.96744	0.5	0.02226	0.96744	0	0	0	0	0	1.4339	1.4339
AC-P15-TP-NT-SM-63B5D-SM-63B5E	8	41355103	132982806	2342	91627703	0.00595	0.0333123318632304	0.98203	2	2	0	0	2	1.93622412905815	0	0.98203	0.98203	0.98203	1	1	1	1	0	0	0.03	0	0.07632	0.03	0	0.07632	0	0	0	0	0	1	1
AC-P15-TP-NT-SM-63B5D-SM-63B5E	8	132991179	134146978	106	1155799	0.02855	0.000420029402058144	1.00231	2	2	0	0	2	2.02711278340461	0	1.00231	1.00231	1.00231	1	1	1.00936	1.00936	0	0	0.01	0.00463	0.89204	0.01	0.00463	0.89204	0	0	0	0	0	1.00936	1.00936
AC-P15-TP-NT-SM-63B5D-SM-63B5E	8	134232953	143599550	211	9366597	0.02035	0.00340023801666117	1.00781	2	2	0	0	2	2.05176207329147	0	1.00781	1.00769	1.00794	1	1	1	1	0	0	0.03	0	0.1021	0.03	0	0.10264	0	0	0	0	0	1	1
AC-P15-TP-NT-SM-63B5D-SM-63B5E	8	143623654	144130647	36	506993	0.06083	0.000180012600882062	1.24537	3	3.0074	0	0	3.0074	3.11643212884098	0	1.24537	1.16728	1.32345	1	2	1.12923	1.96033	0	0	0.38	0.03052	0.86417	0.73	0.20812	0.97723	0	0	0	0	0	1.12923	1.96033
AC-P15-TP-NT-SM-63B5D-SM-63B5E	8	144240279	146279473	360	2039194	0.0156	0.000740051803626254	1.00952	2	2	0	0	2	2.05942576160175	0	1.00952	1.00952	1.00952	1	1	1	1	0	0	0.03	0	0.10964	0.03	0	0.10964	0	0	0	0	0	1	1
AC-P15-TP-NT-SM-63B5D-SM-63B5E	9	286572	115060158	3300	114773586	0.00489	0.0417229206044423	0.95738	2	2	0	0	2	1.82575049347432	0	0.95738	0.95738	0.95738	1	1	1	1	0	0	0.09	0.0344	0.12922	0.09	0.0344	0.12922	0	0	0	0	0	1	1
AC-P15-TP-NT-SM-63B5D-SM-63B5E	9	115167952	115950719	40	782767	0.04613	0.000280019601372096	0.99474	2	2.00001	0	0	2.00001	1.99318639714215	0	0.99474	0.59582	1.39367	0	2	0.09226	1.91595	0	0	0.9	0.12215	0.98468	0.89	0.11977	0.98446	1	0	0	0	0	0.09226	1.91595
AC-P15-TP-NT-SM-63B5D-SM-63B5E	9	115959284	117085470	134	1126186	0.02422	0.000410028702009141	0.95589	2	2	0	0	2	1.81907277675952	0	0.95589	0.95589	0.95589	1	1	1	1	0	0	0.09	0	0.22896	0.09	0	0.22896	0	0	0	0	0	1	1
AC-P15-TP-NT-SM-63B5D-SM-63B5E	9	117086332	117092241	4	5909	0.32408	0	2.21417	6	6.01774	0	1	7.4582925001845	7.4582925001845	NA	NA	NA	NA	NA	NA	NA	NA	NA	NA	NA	NA	NA	NA	NA	NA	NA	NA	NA	NA	NA	NA	NA
AC-P15-TP-NT-SM-63B5D-SM-63B5E	9	117093106	117692485	44	599379	0.04085	0.000220015401078075	0.92372	2	1.99669	0	0	1.99669	1.67489683936674	0	0.92372	0.92372	0.92372	1	1	0.96412	0.96412	0	0	0.16	0.00609	0.8249	0.16	0.00609	0.8249	0	0	0	0	0	0.96412	0.96412
AC-P15-TP-NT-SM-63B5D-SM-63B5E	9	117786333	141016185	2094	23229852	0.00629	0.0084405908413589	0.98075	2	2	0	0	2	1.93048756704812	0	0.98075	0.98075	0.98075	1	1	1	1	0	0	0.03	0	0.10159	0.03	0	0.10159	0	0	0	0	0	1	1
AC-P15-TP-NT-SM-63B5D-SM-63B5E	10	94609	37451739	1399	37357130	0.00785	0.0135809506665467	1.00081	2	2	0	0	2	2.0203902497991	0	1.00081	1.00081	1.00081	1	1	1	1	0	0	0.01	0	0.05879	0.01	0	0.05879	0	0	0	0	0	1	1
AC-P15-TP-NT-SM-63B5D-SM-63B5E	10	37458471	37462802	4	4331	0.08851	0	0.6022	1	0.9118	0	0	0.9118	0.233944169471647	NA	NA	NA	NA	NA	NA	NA	NA	NA	NA	NA	NA	NA	NA	NA	NA	NA	NA	NA	NA	NA	NA	NA
AC-P15-TP-NT-SM-63B5D-SM-63B5E	10	37486222	46969350	113	9483128	0.02755	0.00345024151690618	0.99851	2	2	0	0	2	2.01008236493732	0	0.99851	0.99205	1.00497	1	1	1	1	0	0	0.01	0	0.14974	0.02	0	0.15759	0	0	0	0	0	1	1
AC-P15-TP-NT-SM-63B5D-SM-63B5E	10	47903182	48268038	28	364856	0.0729	0.000130009100637045	1.31627	3	3.38894	0	0	3.38894	3.43418388392795	0	1.31627	0.49808	2.13446	0	4	0	3.80583	0	1	1	0.7476	1	0.55	0.26558	0.82384	1	0	0	0	0	0	3.80583
AC-P15-TP-NT-SM-63B5D-SM-63B5E	10	48382082	51632937	129	3250855	0.02515	0.0011800826057824	0.97373	2	2	0	0	2	1.89902610977435	0	0.97373	0.97373	0.97373	1	1	1	1	0	0	0.05	0	0.15987	0.05	0	0.15987	0	0	0	0	0	1	1
AC-P15-TP-NT-SM-63B5D-SM-63B5E	10	51838465	52103562	45	265097	0.05709	0.000100007000490034	1.3068	3	3.18988	0	0	3.18988	3.39174228843185	0	1.3068	0.63938	1.97422	0	3	0.49279	2.7473	0	0	0.8	0.02686	0.97719	0.19	0.01266	0.96286	1	0	0	0	0	0.49279	2.7473
AC-P15-TP-NT-SM-63B5D-SM-63B5E	10	52504997	75632793	885	23127796	0.00994	0.00841058874121189	1.00834	2	2	0	0	2	2.05413736849875	0	1.00834	1.00815	1.00853	1	1	1	1	0	0	0.03	0	0.09321	0.03	0	0.09402	0	0	0	0	0	1	1
AC-P15-TP-NT-SM-63B5D-SM-63B5E	10	75672026	75830786	10	158760	0.12893	6.00042002940206e-05	1.39151	4	3.80728	0	0	3.80728	3.77138616958018	0	1.39151	1.39151	1.39151	2	2	1.80573	1.80573	0	0	0.89	0.05342	0.98135	0.89	0.05342	0.98135	0	0	0	0	0	1.80573	1.80573
AC-P15-TP-NT-SM-63B5D-SM-63B5E	10	75834580	127693535	2891	51858955	0.00542	0.0188513195923715	0.99283	2	2	0	0	2	1.9846263710178	0	0.99283	0.9928	0.99287	1	1	1	1	0	0	0.01	0	0.05566	0.01	0	0.05554	0	0	0	0	0	1	1
AC-P15-TP-NT-SM-63B5D-SM-63B5E	10	127697661	128193089	27	495428	0.08049	0.000180012600882062	1.4275	4	3.98094	0	0	3.98094	3.93268215922165	0	1.4275	1.4275	1.4275	2	2	1.9995	1.9995	0	0	0.97	0.41961	1	0.97	0.41961	1	0	0	0	0	0	1.9995	1.9995
AC-P15-TP-NT-SM-63B5D-SM-63B5E	10	128776231	135490828	204	6714597	0.02103	0.00244017081195684	1.02407	2	2	0	0	2	2.12463433757517	0	1.02407	1.01865	1.02948	1	1	1	1	0	0	0.05	0	0.18814	0.07	0	0.20926	0	0	0	0	0	1	1
AC-P15-TP-NT-SM-63B5D-SM-63B5E	11	194433	18266992	1416	18072559	0.0077	0.00657045993219525	0.98825	2	2	0	0	2	1.96410023507566	0	0.98825	0.98825	0.98825	1	1	1	1	0	0	0.02	0	0.06618	0.02	0	0.06618	0	0	0	0	0	1	1
AC-P15-TP-NT-SM-63B5D-SM-63B5E	11	18269512	18291332	4	21820	0.20514	1.00007000490034e-05	1.4003	4	3.87103	0	0	3.87103	3.81078021650846	0	1.4003	1.4003	1.4003	2	2	1.83027	1.83027	0	0	0.91	0.05891	0.98207	0.91	0.05891	0.98207	0	0	0	0	0	1.83027	1.83027
AC-P15-TP-NT-SM-63B5D-SM-63B5E	11	18305394	28113007	329	9807613	0.01626	0.00357024991749422	1.00583	2	2	0	0	2	2.0428883289322	0	1.00583	1.00583	1.00583	1	1	1	1	0	0	0.02	0	0.0865	0.02	0	0.0865	0	0	0	0	0	1	1
AC-P15-TP-NT-SM-63B5D-SM-63B5E	11	28119331	32124926	63	4005595	0.03565	0.0014601022071545	0.96461	2	2	0	0	2	1.85815310545286	0	0.96461	0.69131	1.2379	0	1	0.44256	1.47094	0	0	0.68	0.03087	0.97517	0.54	0.02346	0.9701	1	0	0	0	0	0.44256	1.47094
AC-P15-TP-NT-SM-63B5D-SM-63B5E	11	32413563	36522917	247	4109354	0.01968	0.00149010430730151	1.05455	2	2	0	0	2	2.26123622043907	0	1.05455	1.03647	1.07263	1	1	1	1	0	0	0.09	0	0.26769	0.17	0.01753	0.34379	0	0	0	0	0	1	1
AC-P15-TP-NT-SM-63B5D-SM-63B5E	11	36614926	59540725	823	22925799	0.01003	0.00833058314081986	0.98123	2	2	0	0	2	1.93263877780188	0	0.98123	0.98123	0.98123	1	1	1	1	0	0	0.03	0	0.0818	0.03	0	0.0818	0	0	0	0	0	1	1
AC-P15-TP-NT-SM-63B5D-SM-63B5E	11	59560608	59623436	18	62828	0.05722	2.00014000980069e-05	0.82712	1	1.04645	0	0	1.04645	1.24196567517208	0	0.82712	0.63551	1.01874	0	1	0.00635	1.00031	0	0	0.81	0.30733	0.98378	0.05	0	0.57169	1	0	0	0	0	0.00635	1.00031
AC-P15-TP-NT-SM-63B5D-SM-63B5E	11	59629077	102595535	2930	42966458	0.00537	0.0156210934765434	0.99099	2	2	0	0	2	1.97638006312838	0	0.99099	0.99099	0.99099	1	1	1	1	0	0	0.01	0	0.05736	0.01	0	0.05736	0	0	0	0	0	1	1
AC-P15-TP-NT-SM-63B5D-SM-63B5E	11	102642794	102935054	39	292260	0.07219	0.000110007700539038	1.53904	4	4.32779	0	0	4.32779	4.43256975812716	0	1.53904	1.53904	1.53904	2	2	2.00024	2.00024	0	0	0.22	0.00932	0.59826	0.22	0.00932	0.59826	0	0	0	0	0	2.00024	2.00024
AC-P15-TP-NT-SM-63B5D-SM-63B5E	11	102937241	108256674	222	5319433	0.01988	0.00193013510945766	1.01008	2	2	0	0	2	2.06193550748114	0	1.01008	1.01008	1.01008	1	1	1	1	0	0	0.03	0	0.11171	0.03	0	0.11171	0	0	0	0	0	1	1
AC-P15-TP-NT-SM-63B5D-SM-63B5E	11	108276220	111369414	67	3093194	0.02507	0.00112007840548838	0.6987	1	1	0	0	1	0.66642716475927	0	0.6987	0.38617	1.01122	0	1	0	1	1	0	NA	NA	NA	0.03	0	0.2223	1	0	0	0	0	0	1
AC-P15-TP-NT-SM-63B5D-SM-63B5E	11	111386256	117774445	402	6388189	0.01066	0.0023201624113688	0.72778	1	1	0	0	1	0.796754682924701	0	0.72778	0.4677	0.98786	0	1	0	1	1	0	NA	NA	NA	0.02	0	0.13087	1	0	0	0	0	0	1
AC-P15-TP-NT-SM-63B5D-SM-63B5E	11	117784556	134257497	1077	16472941	0.00897	0.00599041932935305	1.00371	2	2	0	0	2	2.03338714810308	0	1.00371	1.00371	1.00371	1	1	1	1	0	0	0.02	0	0.07337	0.02	0	0.07337	0	0	0	0	0	1	1
AC-P15-TP-NT-SM-63B5D-SM-63B5E	12	266776	10573055	1043	10306279	0.00896	0.00375026251837629	0.98667	2	2	0	0	2	1.95701916634452	0	0.98667	0.98664	0.9867	1	1	1	1	0	0	0.02	0	0.07261	0.02	0	0.07246	0	0	0	0	0	1	1
AC-P15-TP-NT-SM-63B5D-SM-63B5E	12	10586465	10599205	5	12740	0.18822	0	1.43654	4	4.00021	0	0	4.00021	3.97319662841751	NA	NA	NA	NA	NA	NA	NA	NA	NA	NA	NA	NA	NA	NA	NA	NA	NA	NA	NA	NA	NA	NA	NA
AC-P15-TP-NT-SM-63B5D-SM-63B5E	12	10601911	16135305	285	5533394	0.0172	0.00201014070984969	0.99004	2	2	0	0	2	1.97212245851156	0	0.99004	0.99004	0.99004	1	1	1	1	0	0	0.01	0	0.08267	0.01	0	0.08267	0	0	0	0	0	1	1
AC-P15-TP-NT-SM-63B5D-SM-63B5E	12	16507249	18719936	19	2212687	0.06007	0.000800056003920274	0.89239	2	1.77712	0	0	1.77712	1.53448552079305	0	0.89239	0.89239	0.89239	1	1	0.9868	0.9868	0	0	0.23	0.00961	0.74302	0.23	0.00961	0.74302	0	0	0	0	0	0.9868	0.9868
AC-P15-TP-NT-SM-63B5D-SM-63B5E	12	18837138	25314088	265	6476950	0.01812	0.00235016451151581	1.00565	2	2	0	0	2	2.04208162489954	0	1.00565	1.00565	1.00565	1	1	1	1	0	0	0.02	0	0.09407	0.02	0	0.09407	0	0	0	0	0	1	1
AC-P15-TP-NT-SM-63B5D-SM-63B5E	12	25348010	25357135	3	9125	0.68825	0	4.07509	7	6.20927	0	1	15.798357324958	15.798357324958	NA	NA	NA	NA	NA	NA	NA	NA	NA	NA	NA	NA	NA	NA	NA	NA	NA	NA	NA	NA	NA	NA	NA
AC-P15-TP-NT-SM-63B5D-SM-63B5E	12	25378627	52867251	1449	27488624	0.00781	0.00999069934895443	1.01347	2	2	0	0	2	2.07712843342958	0	1.01347	1.01347	1.01347	1	1	1	1	0	0	0.04	0	0.08597	0.04	0	0.08597	0	0	0	0	0	1	1
AC-P15-TP-NT-SM-63B5D-SM-63B5E	12	52881869	52938421	17	56552	0.11247	2.00014000980069e-05	1.58311	5	4.61793	0	0	4.61793	4.63007779545696	0	1.58311	1.58311	1.58311	2	2	2.11315	2.11315	0	0	0.32	0.0148	0.96233	0.32	0.0148	0.96233	0	0	0	0	0	2.11315	2.11315
AC-P15-TP-NT-SM-63B5D-SM-63B5E	12	52941703	56082034	474	3140331	0.01348	0.00114007980558639	1.00077	2	2	0	0	2	2.02021098223629	0	1.00077	1.00044	1.00109	1	1	1	1	0	0	0.01	0	0.09301	0.01	0	0.09423	0	0	0	0	0	1	1
AC-P15-TP-NT-SM-63B5D-SM-63B5E	12	56086693	56575825	213	489132	0.01951	0.000180012600882062	0.97066	2	2	0	0	2	1.88526732432841	0	0.97066	0.97066	0.97066	1	1	0.99988	0.99988	0	0	0.06	0	0.54013	0.06	0	0.54013	0	0	0	0	0	0.99988	0.99988
AC-P15-TP-NT-SM-63B5D-SM-63B5E	12	56578854	71286607	1039	14707753	0.00921	0.00535037452621683	1.01278	2	2	0	0	2	2.07403606797105	0	1.01278	1.01278	1.01278	1	1	1	1	0	0	0.04	0	0.08828	0.04	0	0.08828	0	0	0	0	0	1	1
AC-P15-TP-NT-SM-63B5D-SM-63B5E	12	71526538	71551428	5	24890	0.09341	1.00007000490034e-05	0.71122	1	1.0214	0	0	1.0214	0.722537911919902	0	0.71122	0.71122	0.71122	0	0	0.06993	0.06993	0	0	0.64	0.20002	0.95635	0.64	0.20002	0.95635	1	1	0	0	0	0.06993	0.06993
AC-P15-TP-NT-SM-63B5D-SM-63B5E	12	71898429	80658885	242	8760456	0.01991	0.00318022261558309	1.05643	2	2	0	0	2	2.26966179589131	0	1.05643	1.05604	1.05682	1	1	1	1	0	0	0.13	0.02356	0.24021	0.14	0.02483	0.2422	0	0	0	0	0	1	1
AC-P15-TP-NT-SM-63B5D-SM-63B5E	12	80672876	80707333	3	34457	0.22861	1.00007000490034e-05	1.35131	4	3.71104	0	0	3.71104	3.59122226895259	0	1.35131	1.35131	1.35131	2	2	1.66453	1.66453	0	0	0.8	0.0305	0.97762	0.8	0.0305	0.97762	0	0	0	0	0	1.66453	1.66453
AC-P15-TP-NT-SM-63B5D-SM-63B5E	12	80717561	102045089	680	21327528	0.01106	0.00775054253797766	0.98323	2	2	0	0	2	1.94160215594256	0	0.98323	0.98301	0.98344	1	1	1	1	0	0	0.03	0	0.08695	0.03	0	0.08614	0	0	0	0	0	1	1
AC-P15-TP-NT-SM-63B5D-SM-63B5E	12	102046959	102159970	34	113011	0.03877	4.00028001960137e-05	0.77011	1	1	0	0	1	0.986464581272111	0	0.77011	0.77011	0.77011	1	1	0.53761	0.53761	0	0	0.51	0.0446	0.9483	0.51	0.0446	0.9483	0	0	0	0	0	0.53761	0.53761
AC-P15-TP-NT-SM-63B5D-SM-63B5E	12	102163883	113334519	891	11170636	0.0097	0.00406028421989539	0.98738	2	2	0	0	2	1.96020116558446	0	0.98738	0.98721	0.98756	1	1	1	1	0	0	0.02	0	0.08305	0.02	0	0.08226	0	0	0	0	0	1	1
AC-P15-TP-NT-SM-63B5D-SM-63B5E	12	113346484	113448233	25	101749	0.08258	4.00028001960137e-05	1.40923	4	3.94419	0	0	3.94419	3.85080169990658	NA	NA	NA	NA	NA	NA	NA	NA	NA	NA	NA	NA	NA	NA	NA	NA	NA	NA	NA	NA	NA	NA	NA
AC-P15-TP-NT-SM-63B5D-SM-63B5E	12	113515569	120146053	289	6630484	0.01684	0.00241016871180983	0.97629	2	2	0	0	2	1.91049923379441	0	0.97629	0.93305	1.01952	1	1	1	1	0	0	0.14	0.00207	0.45826	0.05	0	0.38488	0	0	0	0	0	1	1
AC-P15-TP-NT-SM-63B5D-SM-63B5E	12	120148384	124140344	571	3991960	0.01237	0.0014501015071055	1.00813	2	2	0	0	2	2.05319621379398	0	1.00813	1.00798	1.00828	1	1	1	1	0	0	0.03	0	0.08976	0.03	0	0.09036	0	0	0	0	0	1	1
AC-P15-TP-NT-SM-63B5D-SM-63B5E	12	124144409	124156107	5	11698	0.17459	0	1.33228	4	3.59125	0	0	3.59125	3.50593572594406	0	1.33228	1.33228	1.33228	2	2	1.65201	1.65201	0	0	0.75	0.03267	0.97706	0.75	0.03267	0.97706	0	0	0	0	0	1.65201	1.65201
AC-P15-TP-NT-SM-63B5D-SM-63B5E	12	124158259	133779095	445	9620836	0.01385	0.0035002450171512	0.99609	2	2	0	0	2	1.99923667738711	0	0.99609	0.99596	0.99622	1	1	1	1	0	0	0	0	0.06337	0	0	0.06287	0	0	0	0	0	1	1
AC-P15-TP-NT-SM-63B5D-SM-63B5E	13	19751406	77569280	1576	57817874	0.00564	0.0210214715030052	0.76282	1	1	0	0	1	0.953793067949347	0	0.76282	0.52275	1.00289	0	1	0	1	0	0	1	0.95316	1	0.01	0	0.08	1	0	0	0	0	0	1
AC-P15-TP-NT-SM-63B5D-SM-63B5E	13	77574848	113719324	802	36144476	0.0106	0.0131409198643905	1.02379	2	2	0	0	2	2.12337946463547	0	1.02379	0.51667	1.5309	0	2	0	2	0	1	1	0.92328	1	0.2	0.09262	0.29355	1	0	0	0	0	0	2
AC-P15-TP-NT-SM-63B5D-SM-63B5E	13	113728817	113835493	31	106676	0.04601	4.00028001960137e-05	0.87295	1	1.40224	0	0	1.40224	1.44736148526568	0	0.87295	0.62625	1.11966	0	1	0.04455	1.08015	0	0	0.83	0.18544	0.98388	0.28	0.01288	0.8637	1	0	0	0	0	0.04455	1.08015
AC-P15-TP-NT-SM-63B5D-SM-63B5E	13	113839836	115090536	123	1250700	0.02672	0.000450031502205154	1.01053	2	2	0	0	2	2.06395226756279	0	1.01053	0.49065	1.53041	0	2	0	2	0	0	1	0.86638	1	0.2	0.03064	0.37013	1	0	0	0	0	0	2
AC-P15-TP-NT-SM-63B5D-SM-63B5E	14	19558773	20404293	13	845520	0.08598	0.000310021701519106	1.05717	2	2.25172	0	0	2.25172	2.27297824580336	0	1.05717	0.74345	1.37089	0	2	0.32683	1.98989	0	0	0.57	0.09302	0.94835	0.84	0.28226	0.98545	1	0	0	0	0	0.32683	1.98989
AC-P15-TP-NT-SM-63B5D-SM-63B5E	14	20528672	23303455	412	2774783	0.01348	0.00101007070494935	0.93302	2	2	0	0	2	1.71657654772089	0	0.93302	0.93302	0.93302	1	1	1	1	1	1	0.14	0.0789	0.19507	0.14	0.0789	0.19507	0	0	0	0	0	1	1
AC-P15-TP-NT-SM-63B5D-SM-63B5E	14	23311182	23313913	6	2731	0.16723	0	1.39803	4	3.84306	0	0	3.84306	3.80060678231879	0	1.39803	1.39803	1.39803	2	2	1.81527	1.81527	0	0	0.9	0.05387	0.98161	0.9	0.05387	0.98161	0	0	0	0	0	1.81527	1.81527
AC-P15-TP-NT-SM-63B5D-SM-63B5E	14	23342587	70459161	2128	47116574	0.00621	0.0171311991839429	0.97686	2	2	0	0	2	1.91305379656451	0	0.97686	0.97686	0.97686	1	1	1	1	0	0	0.04	0	0.08819	0.04	0	0.08819	0	0	0	0	0	1	1
AC-P15-TP-NT-SM-63B5D-SM-63B5E	14	70477566	70480155	3	2589	0.2486	0	1.46979	4	4.13401	0	0	4.13401	4.12221279000625	NA	NA	NA	NA	NA	NA	NA	NA	NA	NA	NA	NA	NA	NA	NA	NA	NA	NA	NA	NA	NA	NA	NA
AC-P15-TP-NT-SM-63B5D-SM-63B5E	14	70512851	101418230	1443	30905379	0.00758	0.0112307861550309	0.98164	2	2	0	0	2	1.93447627032072	0	0.98164	0.98155	0.98173	1	1	1	1	0	0	0.03	0	0.08094	0.03	0	0.08041	0	0	0	0	0	1	1
AC-P15-TP-NT-SM-63B5D-SM-63B5E	14	101421740	101490161	25	68421	0.0921	2.00014000980069e-05	1.57214	5	4.59667	0	0	4.59667	4.58091366635535	0	1.57214	1.57214	1.57214	2	2	2.00341	2.00341	0	0	0.29	0.02042	0.6906	0.29	0.02042	0.6906	0	0	0	0	0	2.00341	2.00341
AC-P15-TP-NT-SM-63B5D-SM-63B5E	14	101492111	106067387	373	4575276	0.01519	0.00166011620813457	1.00006	2	2	0	0	2	2.01702898299635	0	1.00006	0.99896	1.00115	1	1	1	1	0	0	0.01	0	0.0827	0.01	0	0.08659	0	0	0	0	0	1	1
AC-P15-TP-NT-SM-63B5D-SM-63B5E	14	106090973	106092255	4	1282	0.18819	0	1.28428	3	3.42225	0	0	3.42225	3.29081465056783	0	1.28428	0.87181	1.69674	1	2	0.79605	2.29966	0	0	0.28	0.01401	0.96292	0.57	0.02178	0.97229	0	0	0	0	0	0.79605	2.29966
AC-P15-TP-NT-SM-63B5D-SM-63B5E	14	106110122	107283203	94	1173081	0.03326	0.000430030102107147	1.09978	2	2.25783	0	0	2.25783	2.46394301709046	0	1.09978	1.09978	1.09978	1	1	1	1	1	1	0.23	0.11629	0.33759	0.23	0.11629	0.33759	0	0	0	0	0	1	1
AC-P15-TP-NT-SM-63B5D-SM-63B5E	15	20170331	25213131	76	5042800	0.03385	0.00183012810896763	1.00614	2	2	0	0	2	2.044277652544	0	1.00614	0.91516	1.09712	1	1	0.99669	1.00714	0	0	0.18	0.00549	0.67207	0.23	0.00912	0.70884	0	0	0	0	0	0.99669	1.00714
AC-P15-TP-NT-SM-63B5D-SM-63B5E	15	25220580	42144882	926	16924302	0.00957	0.00615043053013711	0.99334	2	2	0	0	2	1.98691203244368	0	0.99334	0.99334	0.99334	1	1	1	1	0	0	0.01	0	0.0625	0.01	0	0.0625	0	0	0	0	0	1	1
AC-P15-TP-NT-SM-63B5D-SM-63B5E	15	42145550	42153655	4	8105	0.15171	0	1.03466	2	2.39361	0	0	2.39361	2.17209542483005	0	1.03466	0.18731	1.88202	0	3	0.00186	2.88031	0	0	1	0.40938	1	0.98	0.10974	0.9858	1	0	0	0	0	0.00186	2.88031
AC-P15-TP-NT-SM-63B5D-SM-63B5E	15	42154408	102500730	3778	60346322	0.00481	0.0219415359075135	1.00878	2	2	0	0	2	2.0561093116897	0	1.00878	1.00878	1.00878	1	1	1	1	0	0	0.03	0	0.07204	0.03	0	0.07204	0	0	0	0	0	1	1
AC-P15-TP-NT-SM-63B5D-SM-63B5E	16	105503	1370478	255	1264975	0.02273	0.000460032202254158	1.23853	3	3	0	0	3	3.08577737559987	0	1.23853	1.11462	1.36245	1	2	1.06556	1.95855	0	0	0.27	0.01202	0.85013	0.82	0.1906	0.98358	0	0	0	0	0	1.06556	1.95855
AC-P15-TP-NT-SM-63B5D-SM-63B5E	16	1388610	1394824	16	6214	0.07367	0	1.00484	2	2.01998	0	0	2.01998	2.03845145675256	0	1.00484	0.315	1.69468	0	2	0.05878	2.36019	0	0	1	0.1364	0.98999	0.57	0.02484	0.97093	1	0	0	0	0	0.05878	2.36019
AC-P15-TP-NT-SM-63B5D-SM-63B5E	16	1395311	1723963	78	328652	0.04117	0.000120008400588041	1.24068	3	3.00002	0	0	3.00002	3.09541300710109	0	1.24068	1.24068	1.24068	2	2	1.79935	1.79935	1	0	0.55	0.20488	0.87098	0.55	0.20488	0.87098	0	0	0	0	0	1.79935	1.79935
AC-P15-TP-NT-SM-63B5D-SM-63B5E	16	1741914	1816589	21	74675	0.09562	3.00021001470103e-05	1.49578	4	4.1684	0	0	4.1684	4.23869188894434	0	1.49578	0.5748	2.41675	0	4	0.4046	3.55896	0	0	0.94	0.0327	0.97966	0.18	0.01241	0.96193	1	0	0	0	0	0.4046	3.55896
AC-P15-TP-NT-SM-63B5D-SM-63B5E	16	1816938	23116829	1492	21299891	0.0092	0.00774054183792866	1.21215	3	3	0	0	3	2.96755041792435	0	1.21215	0.95762	1.46668	1	2	1	2	0	0	0.09	0.00609	0.16749	0.05	0	0.13648	0	0	0	0	0	1	2
AC-P15-TP-NT-SM-63B5D-SM-63B5E	16	23119435	30495508	681	7376073	0.01294	0.00268018761313292	1.1523	3	3	0	0	3	2.69932132706462	0	1.1523	1.09767	1.20694	1	1	1.00003	1.21948	0	1	0.23	0.01354	0.54574	0.47	0.15334	0.78387	0	0	0	0	0	1.00003	1.21948
AC-P15-TP-NT-SM-63B5D-SM-63B5E	16	30500640	57805526	1045	27304886	0.00923	0.00993069514866041	1.0176	2	2	0	0	2	2.09563780929008	0	1.0176	1.0176	1.0176	1	1	1	1	0	0	0.05	0	0.10099	0.05	0	0.10099	0	0	0	0	0	1	1
AC-P15-TP-NT-SM-63B5D-SM-63B5E	16	57918214	57983299	18	65085	0.08622	2.00014000980069e-05	1.24812	3	3.08116	0	0	3.08116	3.12875677378441	0	1.24812	1.24812	1.24812	2	2	1.5726	1.5726	0	0	0.56	0.04814	0.96261	0.56	0.04814	0.96261	0	0	0	0	0	1.5726	1.5726
AC-P15-TP-NT-SM-63B5D-SM-63B5E	16	57992351	81157322	1416	23164971	0.0077	0.00842058944126089	0.98795	2	2	0	0	2	1.96275572835456	0	0.98795	0.98795	0.98795	1	1	1	1	0	0	0.02	0	0.07202	0.02	0	0.07202	0	0	0	0	0	1	1
AC-P15-TP-NT-SM-63B5D-SM-63B5E	16	81167236	81181853	3	14617	0.25905	1.00007000490034e-05	1.53168	4	4.34332	0	0	4.34332	4.39958452656947	NA	NA	NA	NA	NA	NA	NA	NA	NA	NA	NA	NA	NA	NA	NA	NA	NA	NA	NA	NA	NA	NA	NA
AC-P15-TP-NT-SM-63B5D-SM-63B5E	16	81187654	90141820	551	8954166	0.01245	0.00325022751592611	0.9964	2	2	0	0	2	2.00062600099891	0	0.9964	0.9964	0.9964	1	1	1	1	0	0	0	0	0.10648	0	0	0.10648	0	0	0	0	0	1	1
AC-P15-TP-NT-SM-63B5D-SM-63B5E	17	96988	3628427	379	3531439	0.01503	0.00128008960627244	0.99738	2	2	0	0	2	2.00501805628784	0	0.99738	0.99738	0.99738	1	1	1	1	0	0	0	0	0.07357	0	0	0.07357	0	0	0	0	0	1	1
AC-P15-TP-NT-SM-63B5D-SM-63B5E	17	3631430	3634437	3	3007	0.08624	0	0.50761	0	0.36313	1	0	0.36313	-0.189978799691631	NA	NA	NA	NA	NA	NA	NA	NA	NA	NA	NA	NA	NA	NA	NA	NA	NA	NA	NA	NA	NA	NA	NA
AC-P15-TP-NT-SM-63B5D-SM-63B5E	17	3638176	9545096	1341	5906920	0.00805	0.00215015051053574	1.00474	2	2	0	0	2	2.03800328784553	0	1.00474	1.00474	1.00474	1	1	1	1	0	0	0.02	0	0.08727	0.02	0	0.08727	0	0	0	0	0	1	1
AC-P15-TP-NT-SM-63B5D-SM-63B5E	17	9578253	9615366	6	37113	0.17227	1.00007000490034e-05	1.44028	4	4.01039	0	0	4.01039	3.98995814554057	NA	NA	NA	NA	NA	NA	NA	NA	NA	NA	NA	NA	NA	NA	NA	NA	NA	NA	NA	NA	NA	NA	NA
AC-P15-TP-NT-SM-63B5D-SM-63B5E	17	9676161	39525828	2569	29849667	0.00581	0.0108507595531687	1.00406	2	2	0	0	2	2.0349557392777	0	1.00406	1.00406	1.00406	1	1	1	1	0	0	0.02	0	0.06175	0.02	0	0.06175	0	0	0	0	0	1	1
AC-P15-TP-NT-SM-63B5D-SM-63B5E	17	39535667	39537385	3	1718	0.34386	0	2.03424	6	5.57918	0	0	5.57918	6.65190218575857	NA	NA	NA	NA	NA	NA	NA	NA	NA	NA	NA	NA	NA	NA	NA	NA	NA	NA	NA	NA	NA	NA	NA
AC-P15-TP-NT-SM-63B5D-SM-63B5E	17	39538387	39674830	52	136443	0.04683	5.00035002450172e-05	1.15196	3	2.99122	0	0	2.99122	2.6977975527807	0	1.15196	1.15157	1.15236	1	1	1	1	1	1	0.35	0.20371	0.48225	0.35	0.20546	0.48411	0	0	0	0	0	1	1
AC-P15-TP-NT-SM-63B5D-SM-63B5E	17	39680457	39684289	5	3832	0.21699	0	1.65661	5	4.81338	0	0	4.81338	4.95948194212681	NA	NA	NA	NA	NA	NA	NA	NA	NA	NA	NA	NA	NA	NA	NA	NA	NA	NA	NA	NA	NA	NA	NA
AC-P15-TP-NT-SM-63B5D-SM-63B5E	17	39724525	39768674	20	44149	0.06999	2.00014000980069e-05	1.06749	2	2.20266	0	0	2.20266	2.31922927700924	NA	NA	NA	NA	NA	NA	NA	NA	NA	NA	NA	NA	NA	NA	NA	NA	NA	NA	NA	NA	NA	NA	NA
AC-P15-TP-NT-SM-63B5D-SM-63B5E	17	39776798	39780545	7	3747	0.20183	0	1.82354	5	5.45187	0	0	5.45187	5.70761029863834	NA	NA	NA	NA	NA	NA	NA	NA	NA	NA	NA	NA	NA	NA	NA	NA	NA	NA	NA	NA	NA	NA	NA
AC-P15-TP-NT-SM-63B5D-SM-63B5E	17	39846390	46266823	1014	6420433	0.00926	0.0023301631114178	1.00505	2	2	0	0	2	2.03939261145734	0	1.00505	1.00505	1.00505	1	1	1	1	0	0	0.02	0	0.0716	0.02	0	0.0716	0	0	0	0	0	1	1
AC-P15-TP-NT-SM-63B5D-SM-63B5E	17	46607072	46655452	8	48380	0.13812	2.00014000980069e-05	1.33312	4	3.56597	0	0	3.56597	3.50970034476315	0	1.33312	1.33312	1.33312	2	2	1.72352	1.72352	0	0	0.75	0.04998	0.97809	0.75	0.04998	0.97809	0	0	0	0	0	1.72352	1.72352
AC-P15-TP-NT-SM-63B5D-SM-63B5E	17	46670763	48069054	123	1398291	0.02482	0.000510035702499175	0.93852	2	2	0	0	2	1.74122583760774	0	0.93852	0.93852	0.93852	1	1	1	1	0	0	0.13	0.02977	0.22196	0.13	0.02977	0.22196	0	0	0	0	0	1	1
AC-P15-TP-NT-SM-63B5D-SM-63B5E	17	48145544	48277210	81	131666	0.04153	5.00035002450172e-05	1.27549	3	3.00132	0	0	3.00132	3.25142060363956	0	1.27549	0.90772	1.64326	1	2	0.86352	2.28426	0	0	0.2	0.00996	0.92818	0.45	0.02267	0.95943	0	0	0	0	0	0.86352	2.28426
AC-P15-TP-NT-SM-63B5D-SM-63B5E	17	48356259	64024476	1145	15668217	0.00873	0.00570039902793196	1.00677	2	2	0	0	2	2.04710111665832	0	1.00677	1.00677	1.00677	1	1	1	1	0	0	0.02	0	0.0926	0.02	0	0.0926	0	0	0	0	0	1	1
AC-P15-TP-NT-SM-63B5D-SM-63B5E	17	64026063	65040890	38	1014827	0.03506	0.000370025901813127	0.73606	1	1	0	0	1	0.8338630684271	0	0.73606	0.73606	0.73606	0	0	0.12722	0.12722	0	0	0.58	0.19515	0.92147	0.58	0.19515	0.92147	1	1	0	0	0	0.12722	0.12722
AC-P15-TP-NT-SM-63B5D-SM-63B5E	17	65051287	73664650	622	8613363	0.01136	0.00313021911533807	0.96607	2	2	0	0	2	1.86469637149556	0	0.96607	0.96607	0.96607	1	1	1	1	0	0	0.07	0.00413	0.12702	0.07	0.00413	0.12702	0	0	0	0	0	1	1
AC-P15-TP-NT-SM-63B5D-SM-63B5E	17	73695906	73774967	40	79061	0.05303	3.00021001470103e-05	1.14412	3	2.96129	0	0	2.96129	2.66266111046925	0	1.14412	1.14412	1.14412	1	1	1.27871	1.27871	0	0	0.33	0.01536	0.95712	0.33	0.01536	0.95712	0	0	0	0	0	1.27871	1.27871
AC-P15-TP-NT-SM-63B5D-SM-63B5E	17	73808280	78367221	536	4558941	0.01296	0.00166011620813457	1.02343	2	2	0	0	2	2.12176605657015	0	1.02343	1.01629	1.03057	1	1	1	1	0	0	0.04	0	0.15417	0.08	0	0.18304	0	0	0	0	0	1	1
AC-P15-TP-NT-SM-63B5D-SM-63B5E	17	78445621	79430739	86	985118	0.03067	0.000360025201764124	0.96956	2	2	0	0	2	1.88033746635104	0	0.96956	0.85687	1.08225	1	1	0.96667	1.00462	0	0	0.31	0.0197	0.7865	0.19	0.00631	0.68781	0	0	0	0	0	0.96667	1.00462
AC-P15-TP-NT-SM-63B5D-SM-63B5E	17	79478043	81052160	272	1574117	0.01788	0.000570039902793196	1.00556	2	2	0	0	2	2.04167827288321	0	1.00556	0.99844	1.01268	1	1	1	1	0	0	0	0	0.13168	0.04	0	0.15672	0	0	0	0	0	1	1
AC-P15-TP-NT-SM-63B5D-SM-63B5E	18	166802	34261465	1094	34094663	0.00916	0.0123908673607153	1.03289	2	2	0	0	2	2.16416283517555	0	1.03289	1.03289	1.03289	1	1	1	1	0	0	0.08	0.02353	0.1301	0.08	0.02353	0.1301	0	0	0	0	0	1	1
AC-P15-TP-NT-SM-63B5D-SM-63B5E	18	34298236	43253714	75	8955478	0.03425	0.00326022821597512	1.01152	2	2	0	0	2	2.06838913974242	0	1.01152	1.01152	1.01152	1	1	1	1	0	0	0.03	0	0.39093	0.03	0	0.39093	0	0	0	0	0	1	1
AC-P15-TP-NT-SM-63B5D-SM-63B5E	18	43310360	61078755	574	17768395	0.01289	0.00646045223165622	1.05315	2	2	0	0	2	2.2549618557406	0	1.05315	1.05215	1.05416	1	1	1	1	0	0	0.13	0.04085	0.19991	0.13	0.04481	0.20499	0	0	0	0	0	1	1
AC-P15-TP-NT-SM-63B5D-SM-63B5E	18	61154247	61170758	5	16511	0.19614	1.00007000490034e-05	1.49709	4	4.23119	0	0	4.23119	4.24456290162648	0	1.49709	1.49709	1.49709	2	2	2.00095	2.00095	0	0	0.12	0.0021	0.63371	0.12	0.0021	0.63371	0	0	0	0	0	2.00095	2.00095
AC-P15-TP-NT-SM-63B5D-SM-63B5E	18	61225621	61234041	6	8420	0.12576	0	1.05053	2	2.38665	0	0	2.38665	2.24321983037631	NA	NA	NA	NA	NA	NA	NA	NA	NA	NA	NA	NA	NA	NA	NA	NA	NA	NA	NA	NA	NA	NA	NA
AC-P15-TP-NT-SM-63B5D-SM-63B5E	18	61259645	61377511	19	117866	0.1193	4.00028001960137e-05	1.77575	5	5.4021	0	0	5.4021	5.49343037796688	0	1.77575	1.77575	1.77575	3	3	2.99326	2.99326	0	0	0.75	0.32163	0.97667	0.75	0.32163	0.97667	0	0	0	0	0	2.99326	2.99326
AC-P15-TP-NT-SM-63B5D-SM-63B5E	18	61379862	77960703	280	16580841	0.01854	0.00603042212954907	1.05801	2	2	0	0	2	2.27674286462244	0	1.05801	1.05801	1.05801	1	1	1	1	0	0	0.14	0.03142	0.23851	0.14	0.03142	0.23851	0	0	0	0	0	1	1
AC-P15-TP-NT-SM-63B5D-SM-63B5E	19	111137	10385572	1510	10274435	0.00793	0.00373026111827828	1.05103	2	2	0	0	2	2.24546067491148	0	1.05103	1.05103	1.05103	1	1	1	1	0	0	0.12	0.06196	0.17365	0.12	0.06196	0.17365	0	0	0	0	0	1	1
AC-P15-TP-NT-SM-63B5D-SM-63B5E	19	10394852	10398760	7	3908	0.1673	0	1.51101	4	4.28825	0	0	4.28825	4.30694801348558	0	1.51101	1.51101	1.51101	2	2	1.97888	1.97888	0	0	0.15	0.01098	0.95429	0.15	0.01098	0.95429	0	0	0	0	0	1.97888	1.97888
AC-P15-TP-NT-SM-63B5D-SM-63B5E	19	10402324	17487912	1219	7085588	0.00855	0.00258018061264288	1.01807	2	2	0	0	2	2.09774420315314	0	1.01807	1.01807	1.01807	1	1	1	1	0	0	0.05	0	0.10096	0.05	0	0.10096	0	0	0	0	0	1	1
AC-P15-TP-NT-SM-63B5D-SM-63B5E	19	17514967	17516241	3	1274	0.26103	0	1.54345	4	4.38209	0	0	4.38209	4.45233400692735	NA	NA	NA	NA	NA	NA	NA	NA	NA	NA	NA	NA	NA	NA	NA	NA	NA	NA	NA	NA	NA	NA	NA
AC-P15-TP-NT-SM-63B5D-SM-63B5E	19	17531170	54755942	3760	37224772	0.00478	0.0135309471663016	0.99843	2	2	0	0	2	2.0097238298117	0	0.99843	0.99843	0.99843	1	1	1	1	0	0	0	0	0.05273	0	0	0.05273	0	0	0	0	0	1	1
AC-P15-TP-NT-SM-63B5D-SM-63B5E	19	54756380	54784334	18	27954	0.06381	1.00007000490034e-05	0.92281	2	1.94407	0	0	1.94407	1.67081850231273	0	0.92281	0.35322	1.4924	0	2	0.07176	1.97533	0	0	1	0.12241	0.98929	0.11	0.00918	0.94313	1	0	0	0	0	0.07176	1.97533
AC-P15-TP-NT-SM-63B5D-SM-63B5E	19	54802630	56180096	302	1377466	0.01796	0.000500035002450171	1.06454	2	2	0	0	2	2.30600829425175	0	1.06454	1.02775	1.10134	1	1	1	1	0	0	0.07	0	0.3374	0.24	0.02433	0.48637	0	0	0	0	0	1	1
AC-P15-TP-NT-SM-63B5D-SM-63B5E	19	56180933	59082558	280	2901625	0.01696	0.00105007350514536	0.96761	2	2	0	0	2	1.87159817266388	0	0.96761	0.96761	0.96761	1	1	1	1	0	0	0.06	0.0022	0.12402	0.06	0.0022	0.12402	0	0	0	0	0	1	1
AC-P15-TP-NT-SM-63B5D-SM-63B5E	20	76851	1445022	90	1368171	0.04017	0.000500035002450171	1.30037	3	3.02127	0	0	3.02127	3.36292502770957	0	1.30037	1.00618	1.59457	1	2	1	2.00173	0	0	0.02	0	0.38311	0.34	0.05051	0.66388	0	0	0	0	0	1	2.00173
AC-P15-TP-NT-SM-63B5D-SM-63B5E	20	1458015	1551616	4	93601	0.28595	3.00021001470103e-05	1.95322	6	5.59791	0	0	5.59791	6.28879573727978	0	1.95322	1.95322	1.95322	3	3	2.80659	2.80659	0	0	0.14	0.01096	0.9551	0.14	0.01096	0.9551	0	0	0	0	0	2.80659	2.80659
AC-P15-TP-NT-SM-63B5D-SM-63B5E	20	1559161	3214607	184	1655446	0.02711	0.000600042002940206	1.25458	3	3	0	0	3	3.15770848517879	0	1.25458	1.18159	1.32758	1	2	1.10211	1.99558	0	0	0.42	0.06022	0.81144	0.74	0.32158	0.97591	0	0	0	0	0	1.10211	1.99558
AC-P15-TP-NT-SM-63B5D-SM-63B5E	20	3215238	3218257	3	3019	0.29279	0	1.73164	5	4.94653	0	0	4.94653	5.29574307307427	0	1.73164	1.05029	2.41299	1	3	1.13079	3.2725	0	0	0.12	0.01269	0.96642	0.17	0.01329	0.96738	0	0	0	0	0	1.13079	3.2725
AC-P15-TP-NT-SM-63B5D-SM-63B5E	20	3234418	4705462	138	1471044	0.03066	0.000530037102597182	1.229	3	3	0	0	3	3.04306687875955	0	1.229	1.00726	1.45075	1	2	1	2	0	0	0.02	0	0.44409	0.02	0	0.43951	0	0	0	0	0	1	2
AC-P15-TP-NT-SM-63B5D-SM-63B5E	20	4766925	5753600	55	986675	0.04698	0.000360025201764124	1.18873	3	2.99974	0	0	2.99974	2.86258925989703	0	1.18873	1.18873	1.18873	1	1	1.00059	1.00059	1	1	0.43	0.23501	0.61751	0.43	0.23501	0.61751	0	0	0	0	0	1.00059	1.00059
AC-P15-TP-NT-SM-63B5D-SM-63B5E	20	5897518	7875825	50	1978307	0.06086	0.000720050403528247	1.46903	4	4.00596	0	0	4.00596	4.11880670631279	0	1.46903	1.15493	1.78314	1	3	1.11624	2.93625	0	0	0.36	0.02303	0.86921	0.76	0.1973	0.98015	0	0	0	0	0	1.11624	2.93625
AC-P15-TP-NT-SM-63B5D-SM-63B5E	20	7894938	10033841	75	2138903	0.04011	0.000780054603822268	1.18507	3	2.99997	0	0	2.99997	2.84618627789959	0	1.18507	1.15721	1.21293	1	1	1.00037	1.26756	1	1	0.36	0.09879	0.6197	0.49	0.21682	0.74441	0	0	0	0	0	1.00037	1.26756
AC-P15-TP-NT-SM-63B5D-SM-63B5E	20	10036228	10653501	31	617273	0.08776	0.000220015401078075	1.6683	5	4.99171	0	0	4.99171	5.01187288735906	0	1.6683	1.17884	2.15775	1	4	1.18548	3.59463	0	0	0.41	0.03523	0.88492	0.6	0.1118	0.95744	0	0	0	0	0	1.18548	3.59463
AC-P15-TP-NT-SM-63B5D-SM-63B5E	20	11900424	39742702	1359	27842278	0.00971	0.0101207084495915	1.22092	3	3	0	0	3	3.00685483107121	0	1.22092	0.99645	1.44538	1	2	1	2	0	0	0	0	0.11529	0.01	0	0.11925	0	0	0	0	0	1	2
AC-P15-TP-NT-SM-63B5D-SM-63B5E	20	39744974	52675221	859	12930247	0.01227	0.00470032902303161	1.22652	3	3	0	0	3	3.03195228986511	0	1.22652	1.05817	1.39487	1	2	1	2	0	0	0.14	0.01363	0.27435	0.89	0.74648	0.98761	0	0	0	0	0	1	2
AC-P15-TP-NT-SM-63B5D-SM-63B5E	20	52774025	52789542	8	15517	0.18434	1.00007000490034e-05	1.78041	5	5.32729	0	0	5.32729	5.51431504903466	0	1.78041	1.35827	2.20254	2	3	1.65869	3.18618	0	0	0.81	0.0284	0.97756	0.7	0.02478	0.97551	0	0	0	0	0	1.65869	3.18618
AC-P15-TP-NT-SM-63B5D-SM-63B5E	20	53171525	62571580	521	9400055	0.01629	0.00342023941675917	1.26909	3	3	0	0	3	3.2227377935894	0	1.26909	1.01971	1.51848	1	2	1	2	0	0	0.05	0	0.23395	0.17	0.01754	0.34121	0	0	0	0	0	1	2
AC-P15-TP-NT-SM-63B5D-SM-63B5E	20	62572007	62904763	79	332756	0.0401	0.000120008400588041	1.21585	3	3	0	0	3	2.9841326674846	0	1.21585	1.21585	1.21585	1	1	1.23009	1.23009	1	1	0.49	0.31246	0.66162	0.49	0.31246	0.66162	0	0	0	0	0	1.23009	1.23009
AC-P15-TP-NT-SM-63B5D-SM-63B5E	21	10862908	47330879	1231	36467971	0.00845	0.0132609282649785	1.01069	2	2	0	0	2	2.06466933781404	0	1.01069	1.01048	1.0109	1	1	1	1	0	0	0.03	0	0.08113	0.03	0	0.08227	0	0	0	0	0	1	1
AC-P15-TP-NT-SM-63B5D-SM-63B5E	21	47337522	48084222	141	746700	0.02648	0.000270018901323093	1.07226	2	2.00008	0	0	2.00008	2.34060693387476	0	1.07226	0.98798	1.15654	1	1	0.99958	1.10426	0	0	0.02	0	0.60909	0.36	0.02486	0.85741	0	0	0	0	0	0.99958	1.10426
AC-P15-TP-NT-SM-63B5D-SM-63B5E	22	16282534	18642986	105	2360452	0.02899	0.000860060204214295	1.01293	2	2	0	0	2	2.0747083213316	0	1.01293	0.95336	1.0725	1	1	0.99999	1.00009	0	0	0.1	0	0.49144	0.17	0.00446	0.55392	0	0	0	0	0	0.99999	1.00009
AC-P15-TP-NT-SM-63B5D-SM-63B5E	22	18650061	41533725	1672	22883664	0.00737	0.00832058244077085	1.02723	2	2	0	0	2	2.13879647503743	0	1.02723	1.02723	1.02723	1	1	1	1	0	0	0.07	0.01265	0.11728	0.07	0.01265	0.11728	0	0	0	0	0	1	1
AC-P15-TP-NT-SM-63B5D-SM-63B5E	22	41537138	51237387	825	9700249	0.01038	0.00353024711729821	1.01694	2	2	0	0	2	2.09267989450366	0	1.01694	0.98884	1.04503	1	1	1	1	0	0	0.02	0	0.22361	0.11	8e-05	0.30008	0	0	0	0	0	1	1
