sample	Chromosome	Start.bp	End.bp	n_probes	length	seg_sigma	W	total_copy_ratio	modal_total_cn	expected_total_cn	total_HZ	total_amp	corrected_total_cn	rescaled_total_cn	bi.allelic	copy.ratio	hscr.a1	hscr.a2	modal.a1	modal.a2	expected.a1	expected.a2	subclonal.a1	subclonal.a2	cancer.cell.frac.a1	ccf.ci95.low.a1	ccf.ci95.high.a1	cancer.cell.frac.a2	ccf.ci95.low.a2	ccf.ci95.high.a2	LOH	HZ	SC_HZ	amp.a1	amp.a2	rescaled.cn.a1	rescaled.cn.a2
AC-P04-TP-NT-SM-63B4O-SM-63B4P	1	69549	32154668	2813	32085119	0.00562	0.0115906954417265	1.01377	2	2	0	0	2	1.89366775026005	0	1.01377	1.01377	1.01377	1	1	1	1	0	0	0.05	0	0.11547	0.05	0	0.11547	0	0	0	0	0	1	1
AC-P04-TP-NT-SM-63B4O-SM-63B4P	1	32155980	32158220	7	2240	0.15786	0	1.42124	4	4.3269	0	0	4.3269	4.43378954700912	NA	NA	NA	NA	NA	NA	NA	NA	NA	NA	NA	NA	NA	NA	NA	NA	NA	NA	NA	NA	NA	NA	NA
AC-P04-TP-NT-SM-63B4O-SM-63B4P	1	32163639	44456044	1319	12292405	0.00809	0.00444026641598496	0.99878	2	2	0	0	2	1.80022178924877	0	0.99878	0.99878	0.99878	1	1	1	1	1	1	0.1	0.01133	0.18697	0.1	0.01133	0.18697	0	0	0	0	0	1	1
AC-P04-TP-NT-SM-63B4O-SM-63B4P	1	44457971	44461720	5	3749	0.18871	0	1.43588	4	4.36256	0	0	4.36256	4.52505364768992	NA	NA	NA	NA	NA	NA	NA	NA	NA	NA	NA	NA	NA	NA	NA	NA	NA	NA	NA	NA	NA	NA	NA
AC-P04-TP-NT-SM-63B4O-SM-63B4P	1	44463611	47407007	396	2943396	0.01476	0.00106006360381623	0.99839	2	2	0	0	2	1.79779057345194	0	0.99839	0.99768	0.9991	1	1	1	1	1	1	0.1	0.00076	0.25253	0.1	1e-05	0.24835	0	0	0	0	0	1	1
AC-P04-TP-NT-SM-63B4O-SM-63B4P	1	47495732	47498976	3	3244	0.25957	0	1.53011	5	4.61542	0	0	4.61542	5.11247278752271	NA	NA	NA	NA	NA	NA	NA	NA	NA	NA	NA	NA	NA	NA	NA	NA	NA	NA	NA	NA	NA	NA	NA
AC-P04-TP-NT-SM-63B4O-SM-63B4P	1	47501765	67685334	968	20183569	0.00928	0.00729043742624557	0.98174	2	2	0	0	2	1.69399636058751	0	0.98174	0.97326	0.99023	1	1	1	1	1	0	0.18	0.0293	0.33272	0.13	0.00537	0.28112	0	0	0	0	0	1	1
AC-P04-TP-NT-SM-63B4O-SM-63B4P	1	67705912	67855761	16	149849	0.092	5.00030001800108e-05	1.25181	3	3.40474	0	0	3.40474	3.37758213045528	0	1.25181	1.25181	1.25181	2	2	1.52199	1.52199	0	0	0.69	0.02205	0.97514	0.69	0.02205	0.97514	0	0	0	0	0	1.52199	1.52199
AC-P04-TP-NT-SM-63B4O-SM-63B4P	1	67880935	79002231	337	11121296	0.01579	0.00402024121447287	0.98547	2	2	0	0	2	1.7172487578238	0	0.98547	0.98547	0.98547	1	1	1	1	1	1	0.14	0.02541	0.25385	0.14	0.02541	0.25385	0	0	0	0	0	1	1
AC-P04-TP-NT-SM-63B4O-SM-63B4P	1	79095502	79126288	11	30786	0.13981	1.00006000360022e-05	1.57829	5	5.18445	0	0	5.18445	5.41282144673043	0	1.57829	1.25534	1.90123	2	3	1.54241	3.14708	0	0	0.7	0.02319	0.97537	0.71	0.02353	0.9756	0	0	0	0	0	1.54241	3.14708
AC-P04-TP-NT-SM-63B4O-SM-63B4P	1	79357292	87045826	240	7688534	0.01937	0.0027801668100086	1.02039	2	2	0	0	2	1.93493607993949	0	1.02039	1.02023	1.02055	1	1	1	1	0	0	0.03	0	0.13293	0.03	0	0.13199	0	0	0	0	0	1	1
AC-P04-TP-NT-SM-63B4O-SM-63B4P	1	87101352	87181477	5	80125	0.22352	3.00018001080065e-05	1.70142	5	5.38395	0	0	5.38395	6.18039991099458	NA	NA	NA	NA	NA	NA	NA	NA	NA	NA	NA	NA	NA	NA	NA	NA	NA	NA	NA	NA	NA	NA	NA
AC-P04-TP-NT-SM-63B4O-SM-63B4P	1	87188289	89652112	84	2463823	0.03316	0.000890053403204192	1.03327	2	2.00003	0	0	2.00003	2.01522854010129	0	1.03327	0.02996	2.03659	0	4	0	4	1	1	NA	NA	NA	0.13	0.00338	0.33725	1	0	0	0	0	0	4
AC-P04-TP-NT-SM-63B4O-SM-63B4P	1	89652733	94480172	246	4827439	0.01854	0.00174010440626438	0.98821	2	2	0	0	2	1.73432960726816	0	0.98821	0.98821	0.98821	1	1	1	1	1	1	0.13	0.01762	0.2493	0.13	0.01762	0.2493	0	0	0	0	0	1	1
AC-P04-TP-NT-SM-63B4O-SM-63B4P	1	94487232	94490556	3	3324	0.29221	0	1.72299	5	5.1257	0	0	5.1257	6.31486484621895	NA	NA	NA	NA	NA	NA	NA	NA	NA	NA	NA	NA	NA	NA	NA	NA	NA	NA	NA	NA	NA	NA	NA
AC-P04-TP-NT-SM-63B4O-SM-63B4P	1	94497466	103548444	347	9050978	0.01627	0.00327019621177271	1.03022	2	2	0	0	2	1.99621518579279	0	1.03022	0.97055	1.08989	1	1	0.99522	1.00417	1	1	0.19	0.00597	0.68693	0.18	0.0057	0.68385	0	0	0	0	0	0.99522	1.00417
AC-P04-TP-NT-SM-63B4O-SM-63B4P	1	104114804	104163239	14	48435	0.12993	2.00012000720043e-05	1.65489	6	5.62528	0	0	5.62528	5.89033716477342	NA	NA	NA	NA	NA	NA	NA	NA	NA	NA	NA	NA	NA	NA	NA	NA	NA	NA	NA	NA	NA	NA	NA
AC-P04-TP-NT-SM-63B4O-SM-63B4P	1	104164465	144923755	849	40759290	0.00991	0.0147208832529952	0.98137	2	2	0	0	2	1.69168982252385	0	0.98137	0.97551	0.98723	1	1	1	1	1	1	0.17	0.04534	0.29207	0.14	0.01799	0.25595	0	0	0	0	0	1	1
AC-P04-TP-NT-SM-63B4O-SM-63B4P	1	144931145	145273314	15	342169	0.07726	0.000120007200432026	1.01727	2	2.02465	0	0	2.02465	1.91548635356489	0	1.01727	0.28559	1.74896	0	3	0	3.00001	1	1	NA	NA	NA	0.24	0.01702	0.54387	1	0	0	0	0	0	3.00001
AC-P04-TP-NT-SM-63B4O-SM-63B4P	1	145281536	152800114	749	7518578	0.01077	0.00272016320979259	1.00176	2	2	0	0	2	1.81879877149117	0	1.00176	1.00176	1.00176	1	1	1	1	0	1	0.09	0.00669	0.17584	0.09	0.00669	0.17584	0	0	0	0	0	1	1
AC-P04-TP-NT-SM-63B4O-SM-63B4P	1	152883152	153004956	5	121804	0.19851	4.00024001440086e-05	1.51067	5	4.69039	0	0	4.69039	4.99128603088099	0	1.51067	1.51067	1.51067	2	2	2.34217	2.34217	0	0	0.5	0.03181	0.9571	0.5	0.03181	0.9571	0	0	0	0	0	2.34217	2.34217
AC-P04-TP-NT-SM-63B4O-SM-63B4P	1	153029101	153410734	27	381633	0.06575	0.00014000840050403	1.162	3	2.91829	0	0	2.91829	2.81771676965317	0	1.162	0.46198	1.86202	0	3	0.36104	2.71778	0	0	1	0.03586	0.98308	0.59	0.01789	0.97404	1	0	0	0	0	0.36104	2.71778
AC-P04-TP-NT-SM-63B4O-SM-63B4P	1	153431418	161039365	1377	7607947	0.00768	0.00275016500990059	0.9681	2	2	0	0	2	1.60896614656523	0	0.9681	0.96779	0.96842	1	1	1	1	1	1	0.2	0.11231	0.27027	0.19	0.11065	0.26858	0	0	0	0	0	1	1
AC-P04-TP-NT-SM-63B4O-SM-63B4P	1	161043547	161047387	5	3840	0.21778	0	1.65765	5	5.2461	0	0	5.2461	5.90754269195095	NA	NA	NA	NA	NA	NA	NA	NA	NA	NA	NA	NA	NA	NA	NA	NA	NA	NA	NA	NA	NA	NA	NA
AC-P04-TP-NT-SM-63B4O-SM-63B4P	1	161059046	161561975	132	502929	0.02347	0.000180010800648039	0.91631	1	1.00042	0	0	1.00042	1.28611315652023	0	0.91631	0.66161	1.17101	0	1	0.01659	1.34343	0	0	1	0.24039	1	0.44	0.02513	0.94902	1	0	0	0	0	0.01659	1.34343
AC-P04-TP-NT-SM-63B4O-SM-63B4P	1	161569499	171073019	386	9503520	0.01538	0.00343020581234874	1.02699	2	2	0	0	2	1.97607973188575	0	1.02699	1.02699	1.02699	1	1	1	1	0	0	0.01	0	0.09903	0.01	0	0.09903	0	0	0	0	0	1	1
AC-P04-TP-NT-SM-63B4O-SM-63B4P	1	171077290	171254511	20	177221	0.08793	6.0003600216013e-05	1.33795	4	3.91515	0	0	3.91515	3.9145691272206	0	1.33795	1.06389	1.61201	1	3	1.06724	2.68295	0	0	0.1	0.00729	0.91872	0.81	0.05767	0.98011	0	0	0	0	0	1.06724	2.68295
AC-P04-TP-NT-SM-63B4O-SM-63B4P	1	171292236	237993879	3656	66701643	0.00493	0.0240914454867292	1.01312	2	2	0	0	2	1.88961572393201	0	1.01312	1.01312	1.01312	1	1	1	1	0	0	0.06	0	0.11627	0.06	0	0.11627	0	0	0	0	0	1	1
AC-P04-TP-NT-SM-63B4O-SM-63B4P	1	238046093	238049120	4	3027	0.24364	0	1.65871	5	5.13458	0	0	5.13458	5.91415061180899	NA	NA	NA	NA	NA	NA	NA	NA	NA	NA	NA	NA	NA	NA	NA	NA	NA	NA	NA	NA	NA	NA	NA
AC-P04-TP-NT-SM-63B4O-SM-63B4P	1	238050767	245019332	167	6968565	0.0227	0.00252015120907254	0.99706	2	2	0	0	2	1.78949950419611	0	0.99706	0.99706	0.99706	1	1	1	1	1	0	0.11	0	0.34234	0.11	0	0.34233	0	0	0	0	0	1	1
AC-P04-TP-NT-SM-63B4O-SM-63B4P	1	245020093	246027144	27	1007051	0.06729	0.000360021601296078	1.1893	3	3.01327	0	0	3.01327	2.9879018754309	0	1.1893	0.83368	1.54493	0	2	0.46758	2.40733	0	0	0.61	0.02838	0.97266	0.6	0.02767	0.97219	1	0	0	0	0	0.46758	2.40733
AC-P04-TP-NT-SM-63B4O-SM-63B4P	1	246093205	249211681	141	3118476	0.0241	0.00113006780406824	0.9728	2	1.99726	0	0	1.99726	1.6382654138603	0	0.9728	0.97227	0.97332	1	1	1	1	1	1	0.18	0.05475	0.30172	0.18	0.05188	0.29844	0	0	0	0	0	1	1
AC-P04-TP-NT-SM-63B4O-SM-63B4P	2	45912	31598332	1400	31552420	0.00785	0.0113906834410065	0.99804	2	2	0	0	2	1.79560871312146	0	0.99804	0.99804	0.99804	1	1	1	1	1	1	0.1	0.02178	0.17492	0.1	0.02178	0.17492	0	0	0	0	0	1	1
AC-P04-TP-NT-SM-63B4O-SM-63B4P	2	31602787	31637511	10	34724	0.15728	1.00006000360022e-05	1.69312	6	5.69178	0	0	5.69178	6.12865865172882	NA	NA	NA	NA	NA	NA	NA	NA	NA	NA	NA	NA	NA	NA	NA	NA	NA	NA	NA	NA	NA	NA	NA
AC-P04-TP-NT-SM-63B4O-SM-63B4P	2	32094968	61172193	1012	29077225	0.00901	0.0105006300378023	0.9745	2	2	0	0	2	1.64886302117979	0	0.9745	0.9745	0.9745	1	1	1	1	1	1	0.18	0.07259	0.26853	0.18	0.07259	0.26853	0	0	0	0	0	1	1
AC-P04-TP-NT-SM-63B4O-SM-63B4P	2	61180190	61233734	10	53544	0.13718	2.00012000720043e-05	1.47623	5	4.64374	0	0	4.64374	4.77659097436139	NA	NA	NA	NA	NA	NA	NA	NA	NA	NA	NA	NA	NA	NA	NA	NA	NA	NA	NA	NA	NA	NA	NA
AC-P04-TP-NT-SM-63B4O-SM-63B4P	2	61258900	98914431	1556	37655531	0.00736	0.0136008160489629	0.9874	2	2	0	0	2	1.72928015907476	0	0.9874	0.9874	0.9874	1	1	1	1	1	1	0.14	0.05821	0.20269	0.14	0.05821	0.20269	0	0	0	0	0	1	1
AC-P04-TP-NT-SM-63B4O-SM-63B4P	2	98920214	98928737	3	8523	0.09196	0	0.53989	0	0.39779	1	0	0.39779	-1.06044645948164	0	0.53989	0	1.07977	0	1	0.00153	1.11815	1	0	NA	NA	NA	0.15	0.01082	0.95302	1	0	0	0	0	0.00153	1.11815
AC-P04-TP-NT-SM-63B4O-SM-63B4P	2	98999877	103120036	274	4120159	0.01747	0.00149008940536432	0.98323	2	2	0	0	2	1.70328485170871	0	0.98323	0.98314	0.98332	1	1	1	1	1	1	0.15	0.04943	0.23861	0.15	0.04877	0.23811	0	0	0	0	0	1	1
AC-P04-TP-NT-SM-63B4O-SM-63B4P	2	103124638	103130629	4	5991	0.2217	0	1.50904	5	4.62744	0	0	4.62744	4.98112479562759	NA	NA	NA	NA	NA	NA	NA	NA	NA	NA	NA	NA	NA	NA	NA	NA	NA	NA	NA	NA	NA	NA	NA
AC-P04-TP-NT-SM-63B4O-SM-63B4P	2	103141548	109522793	156	6381245	0.02301	0.0023001380082805	0.97669	2	1.99934	0	0	1.99934	1.66251523296196	0	0.97669	0.83849	1.11489	0	1	0.34265	1.10126	0	0	0.6	0.05847	0.96619	0.26	0.01179	0.88787	1	0	0	0	0	0.34265	1.10126
AC-P04-TP-NT-SM-63B4O-SM-63B4P	2	109526951	119914467	378	10387516	0.01529	0.00375022501350081	1.01083	2	2	0	0	2	1.87534012348399	0	1.01083	1.01069	1.01097	1	1	1	1	0	0	0.06	0	0.16751	0.06	0	0.16676	0	0	0	0	0	1	1
AC-P04-TP-NT-SM-63B4O-SM-63B4P	2	120003314	120012341	3	9027	0.25158	0	1.48292	4	4.45883	0	0	4.45883	4.81829567610693	NA	NA	NA	NA	NA	NA	NA	NA	NA	NA	NA	NA	NA	NA	NA	NA	NA	NA	NA	NA	NA	NA	NA
AC-P04-TP-NT-SM-63B4O-SM-63B4P	2	120097468	189342443	2625	69244975	0.00565	0.0250115006900414	0.98485	2	2	0	0	2	1.71338374809552	0	0.98485	0.98485	0.98485	1	1	1	1	1	1	0.14	0.06801	0.20857	0.14	0.06801	0.20857	0	0	0	0	0	1	1
AC-P04-TP-NT-SM-63B4O-SM-63B4P	2	189405976	189876426	40	470450	0.06531	0.000170010200612037	1.40558	4	4.23997	0	0	4.23997	4.33616688193662	0	1.40558	1.40558	1.40558	2	2	2.00148	2.00148	1	1	0.17	0.00452	0.65371	0.17	0.00452	0.65371	0	0	0	0	0	2.00148	2.00148
AC-P04-TP-NT-SM-63B4O-SM-63B4P	2	189899761	190313169	32	413408	0.06255	0.000150009000540032	1.20361	3	3.0492	0	0	3.0492	3.07710879351439	0	1.20361	0.6986	1.70862	0	3	0.47829	2.5467	0	0	1	0.02744	0.97917	0.11	0.01246	0.96567	1	0	0	0	0	0.47829	2.5467
AC-P04-TP-NT-SM-63B4O-SM-63B4P	2	190316575	206592692	796	16276117	0.0103	0.00588035282116927	0.98803	2	2	0	0	2	1.73320750766963	0	0.98803	0.98803	0.98803	1	1	1	1	1	1	0.13	0.04385	0.21339	0.13	0.04385	0.21339	0	0	0	0	0	1	1
AC-P04-TP-NT-SM-63B4O-SM-63B4P	2	206608101	206656983	9	48882	0.13675	2.00012000720043e-05	1.39594	4	4.21304	0	0	4.21304	4.27607221454844	0	1.39594	1.39594	1.39594	2	2	2.00551	2.00551	0	0	0.14	0.00943	0.94123	0.14	0.00943	0.94123	0	0	0	0	0	2.00551	2.00551
AC-P04-TP-NT-SM-63B4O-SM-63B4P	2	206869674	220313344	888	13443670	0.00989	0.00485029101746105	1.0018	2	2	0	0	2	1.81904812695751	0	1.0018	1.00163	1.00197	1	1	1	1	0	0	0.09	0.00649	0.17729	0.09	0.00593	0.17631	0	0	0	0	0	1	1
AC-P04-TP-NT-SM-63B4O-SM-63B4P	2	220326691	220336649	7	9958	0.17043	0	1.53466	5	4.87506	0	0	4.87506	5.14083697181899	NA	NA	NA	NA	NA	NA	NA	NA	NA	NA	NA	NA	NA	NA	NA	NA	NA	NA	NA	NA	NA	NA	NA
AC-P04-TP-NT-SM-63B4O-SM-63B4P	2	220337714	242814645	1130	22476931	0.00885	0.00812048722923375	1.01113	2	2	0	0	2	1.87721028948155	0	1.01113	1.01105	1.01121	1	1	1	1	0	0	0.06	0	0.12986	0.06	0	0.12947	0	0	0	0	0	1	1
AC-P04-TP-NT-SM-63B4O-SM-63B4P	3	369943	19492771	865	19122828	0.00871	0.00691041462487749	0.87031	1	1	0	0	1	0.999354370228098	0	0.87031	0.71797	1.02266	0	1	0	1	0	0	0.98	0.77654	1	0.03	0	0.21395	1	0	0	0	0	0	1
AC-P04-TP-NT-SM-63B4O-SM-63B4P	3	21462822	32761664	217	11298842	0.01789	0.00408024481468888	0.89567	1	1	0	0	1	1.15744573588828	0	0.89567	0.89567	0.89567	1	1	1	1	1	1	0.42	0.27319	0.55916	0.42	0.27319	0.55916	0	0	0	0	0	1	1
AC-P04-TP-NT-SM-63B4O-SM-63B4P	3	32769260	48587608	1197	15818348	0.00716	0.00571034262055723	0.84212	1	1	0	0	1	0.823621105324286	0	0.84212	0.71694	0.9673	0	1	0	1	0	1	0.98	0.80443	1	0.2	0.04482	0.3472	1	0	0	0	0	0	1
AC-P04-TP-NT-SM-63B4O-SM-63B4P	3	48603723	93624925	1974	45021202	0.00565	0.0162609756585395	0.85263	1	1	0	0	1	0.889139254105381	0	0.85263	0.68403	1.02123	0	1	0	1	0	0	1	0.87438	1	0.03	0	0.18588	1	0	0	0	0	0	1
AC-P04-TP-NT-SM-63B4O-SM-63B4P	3	93699296	111812302	484	18113006	0.0151	0.00654039242354541	1.12977	3	2.99992	0	0	2.99992	2.61679860264892	0	1.12977	1.05135	1.2082	1	2	1.00205	1.61387	0	0	0.06	0.00062	0.65552	0.55	0.07952	0.94736	0	0	0	0	0	1.00205	1.61387
AC-P04-TP-NT-SM-63B4O-SM-63B4P	3	111844086	111921171	12	77085	0.09196	3.00018001080065e-05	1.08323	2	2.44202	0	0	2.44202	2.32667351756118	0	1.08323	0.7339	1.43255	0	2	0.11883	2.10626	0	0	0.93	0.09754	0.98442	0.25	0.01185	0.93066	1	0	0	0	0	0.11883	2.10626
AC-P04-TP-NT-SM-63B4O-SM-63B4P	3	111927122	118649040	211	6721918	0.02206	0.00243014580874852	1.08949	2	2.00384	0	0	2.00384	2.36569764804355	0	1.08949	1.07943	1.09955	1	1	1	1	0	1	0.15	0.0085	0.33603	0.21	0.03669	0.39703	0	0	0	0	0	1	1
AC-P04-TP-NT-SM-63B4O-SM-63B4P	3	118867098	118922788	8	55690	0.16273	2.00012000720043e-05	1.56652	5	5.05498	0	0	5.05498	5.33944860075959	0	1.56652	1.28409	1.84895	2	3	1.66427	3.16542	0	0	0.79	0.03222	0.97772	0.55	0.02202	0.97134	0	0	0	0	0	1.66427	3.16542
AC-P04-TP-NT-SM-63B4O-SM-63B4P	3	118935138	121563346	207	2628208	0.02271	0.000950057003420205	1.11133	3	2.60155	0	0	2.60155	2.50184573266572	0	1.11133	1.10133	1.12133	1	1	1	1	1	1	0.22	0.02577	0.43902	0.28	0.06402	0.50041	0	0	0	0	0	1	1
AC-P04-TP-NT-SM-63B4O-SM-63B4P	3	121575930	122447299	88	871369	0.04275	0.000310018601116067	1.3645	4	4.00273	0	0	4.00273	4.08007881800443	0	1.3645	1.08184	1.64716	1	3	1.00343	2.99777	0	0	0.16	0.00417	0.67416	0.92	0.37807	0.98959	0	0	0	0	0	1.00343	2.99777
AC-P04-TP-NT-SM-63B4O-SM-63B4P	3	122459904	131624197	647	9164293	0.01289	0.00331019861191671	1.11491	3	2.93527	0	0	2.93527	2.52416304690324	0	1.11491	1.09351	1.13631	1	1	1	1.00011	1	1	0.2	0.01048	0.46771	0.33	0.06798	0.59705	0	0	0	0	0	1	1.00011
AC-P04-TP-NT-SM-63B4O-SM-63B4P	3	132047158	132068804	6	21646	0.19536	1.00006000360022e-05	1.62882	5	5.22632	0	0	5.22632	5.72781973958568	NA	NA	NA	NA	NA	NA	NA	NA	NA	NA	NA	NA	NA	NA	NA	NA	NA	NA	NA	NA	NA	NA	NA
AC-P04-TP-NT-SM-63B4O-SM-63B4P	3	132075625	138117360	316	6041735	0.01856	0.00218013080784847	1.12197	3	2.98637	0	0	2.98637	2.56817428671243	0	1.12197	1.12197	1.12197	1	1	1	1	1	1	0.28	0.10233	0.45699	0.28	0.10233	0.45699	0	0	0	0	0	1	1
AC-P04-TP-NT-SM-63B4O-SM-63B4P	3	138121061	149192751	417	11071690	0.01638	0.00400024001440086	1.13758	3	2.99999	0	0	2.99999	2.665485257452	0	1.13758	0.99886	1.2763	1	2	0.99868	1.98248	0	0	0.1	0.0012	0.62552	0.77	0.25644	0.98014	0	0	0	0	0	0.99868	1.98248
AC-P04-TP-NT-SM-63B4O-SM-63B4P	3	149216603	172165805	645	22949202	0.01298	0.00829049742984579	1.12118	3	2.99833	0	0	2.99833	2.56324951625219	0	1.12118	1.12118	1.12118	1	1	1	1	1	1	0.28	0.1756	0.37756	0.28	0.1756	0.37756	0	0	0	0	0	1	1
AC-P04-TP-NT-SM-63B4O-SM-63B4P	3	172227058	197765487	1202	25538429	0.00981	0.00922055323319399	1.15699	3	3	0	0	3	2.78648499749396	0	1.15699	1.10097	1.213	1	2	1.00018	1.8571	1	0	0.22	0.01013	0.58167	0.57	0.20583	0.89889	0	0	0	0	0	1.00018	1.8571
AC-P04-TP-NT-SM-63B4O-SM-63B4P	4	59385	5746999	456	5687614	0.01393	0.00205012300738044	1.01156	2	2	0	0	2	1.87989086074471	0	1.01156	1.01156	1.01156	1	1	1	1	0	0	0.06	0	0.16431	0.06	0	0.16431	0	0	0	0	0	1	1
AC-P04-TP-NT-SM-63B4O-SM-63B4P	4	5754670	5803748	5	49078	0.17494	2.00012000720043e-05	1.33089	4	3.86785	0	0	3.86785	3.87055788741141	0	1.33089	0.79258	1.86919	0	3	0.62654	2.88599	0	0	0.74	0.02117	0.97573	0.61	0.01911	0.9741	1	0	0	0	0	0.62654	2.88599
AC-P04-TP-NT-SM-63B4O-SM-63B4P	4	5809990	8242553	122	2432563	0.02728	0.00088005280316819	1.02431	2	2	0	0	2	1.9593729156409	0	1.02431	1.02431	1.02431	1	1	1	1	0	0	0.02	0	0.19194	0.02	0	0.19194	0	0	0	0	0	1	1
AC-P04-TP-NT-SM-63B4O-SM-63B4P	4	8288398	8608544	31	320146	0.0558	0.000120007200432026	1.05625	2	2.08051	0	0	2.08051	2.15848325551418	0	1.05625	0	2.1125	0	4	0.00086	3.93262	1	0	NA	NA	NA	0.37	0.01653	0.96319	1	0	0	0	0	0.00086	3.93262
AC-P04-TP-NT-SM-63B4O-SM-63B4P	4	8609072	42037320	614	33428248	0.01184	0.0120707242434546	0.99701	2	2	0	0	2	1.78918780986318	0	0.99701	0.99701	0.99701	1	1	1	1	0	1	0.11	0.01528	0.19098	0.11	0.01528	0.19098	0	0	0	0	0	1	1
AC-P04-TP-NT-SM-63B4O-SM-63B4P	4	42051444	42639185	33	587741	0.04302	0.000210012600756045	0.83955	1	0.99997	0	0	0.99997	0.807600016611878	0	0.83955	0.83955	0.83955	0	0	0.54147	0.54147	0	0	0.6	0.0231	0.97288	0.6	0.0231	0.97288	1	1	0	0	0	0.54147	0.54147
AC-P04-TP-NT-SM-63B4O-SM-63B4P	4	42965029	54324888	301	11359859	0.01624	0.00410024601476089	0.95741	2	1.97508	0	0	1.97508	1.5423258981856	0	0.95741	0.95741	0.95741	1	1	1	1	1	1	0.23	0.09816	0.34952	0.23	0.09816	0.34952	0	0	0	0	0	1	1
AC-P04-TP-NT-SM-63B4O-SM-63B4P	4	54327141	55141073	27	813932	0.06598	0.000290017401044063	1.16607	3	2.93359	0	0	2.93359	2.84308868835337	0	1.16607	1.16607	1.16607	1	1	1.32177	1.32177	0	0	0.42	0.01681	0.97003	0.42	0.01681	0.97003	0	0	0	0	0	1.32177	1.32177
AC-P04-TP-NT-SM-63B4O-SM-63B4P	4	55144605	68459025	242	13314420	0.01961	0.00481028861731704	1.03722	2	2	0	0	2	2.03985239240246	0	1.03722	1.03661	1.03783	1	1	1	1	0	0	0.02	0	0.18501	0.02	0	0.1878	0	0	0	0	0	1	1
AC-P04-TP-NT-SM-63B4O-SM-63B4P	4	68703968	68784820	6	80852	0.17769	3.00018001080065e-05	1.48123	5	4.59722	0	0	4.59722	4.80776040765402	0	1.48123	1.48123	1.48123	2	2	2.19599	2.19599	0	0	0.4	0.0243	0.93183	0.4	0.0243	0.93183	0	0	0	0	0	2.19599	2.19599
AC-P04-TP-NT-SM-63B4O-SM-63B4P	4	68789864	68797744	3	7880	0.40187	0	2.37081	7	5.81211	0	1	10.3533013013444	10.3533013013444	NA	NA	NA	NA	NA	NA	NA	NA	NA	NA	NA	NA	NA	NA	NA	NA	NA	NA	NA	NA	NA	NA	NA
AC-P04-TP-NT-SM-63B4O-SM-63B4P	4	68812228	74459238	283	5647010	0.01786	0.00204012240734444	1.02146	2	2	0	0	2	1.94160633866411	0	1.02146	1.02146	1.02146	1	1	1	1	0	0	0.03	0	0.18088	0.03	0	0.18088	0	0	0	0	0	1	1
AC-P04-TP-NT-SM-63B4O-SM-63B4P	4	74606407	74719795	8	113388	0.16157	4.00024001440086e-05	1.55542	5	5.00274	0	0	5.00274	5.27025245884997	NA	NA	NA	NA	NA	NA	NA	NA	NA	NA	NA	NA	NA	NA	NA	NA	NA	NA	NA	NA	NA	NA	NA
AC-P04-TP-NT-SM-63B4O-SM-63B4P	4	74735447	87724935	571	12989488	0.01265	0.00469028141688501	1.02757	2	2	0	0	2	1.9796953861477	0	1.02757	1.02757	1.02757	1	1	1	1	0	0	0.01	0	0.10809	0.01	0	0.10809	0	0	0	0	0	1	1
AC-P04-TP-NT-SM-63B4O-SM-63B4P	4	87731029	87812640	9	81611	0.15275	3.00018001080065e-05	1.55967	5	5.04964	0	0	5.04964	5.2967464771487	0	1.55967	1.55967	1.55967	2	2	2.34402	2.34402	0	0	0.65	0.02339	0.97436	0.65	0.02339	0.97436	0	0	0	0	0	2.34402	2.34402
AC-P04-TP-NT-SM-63B4O-SM-63B4P	4	87968296	100273823	345	12305527	0.01638	0.00444026641598496	1.03437	2	2	0	0	2	2.02208581542566	0	1.03437	1.03437	1.03437	1	1	1	1	0	0	0.01	0	0.13563	0.01	0	0.13563	0	0	0	0	0	1	1
AC-P04-TP-NT-SM-63B4O-SM-63B4P	4	100336510	100349717	7	13207	0.17304	0	1.55824	5	4.98286	0	0	4.98286	5.28783201922701	NA	NA	NA	NA	NA	NA	NA	NA	NA	NA	NA	NA	NA	NA	NA	NA	NA	NA	NA	NA	NA	NA	NA
AC-P04-TP-NT-SM-63B4O-SM-63B4P	4	100443761	140640976	1014	40197215	0.00913	0.0145208712522751	0.98869	2	2	0	0	2	1.73732187286425	0	0.98869	0.98869	0.98869	1	1	1	1	1	1	0.13	0.04844	0.20472	0.13	0.04844	0.20472	0	0	0	0	0	1	1
AC-P04-TP-NT-SM-63B4O-SM-63B4P	4	140810361	141074247	5	263886	0.19115	0.000100006000360022	1.4545	4	4.44641	0	0	4.44641	4.64112861727165	0	1.4545	1.4545	1.4545	2	2	2.13623	2.13623	0	0	0.32	0.01555	0.92647	0.32	0.01555	0.92647	0	0	0	0	0	2.13623	2.13623
AC-P04-TP-NT-SM-63B4O-SM-63B4P	4	141300764	191012705	1236	49711941	0.00848	0.0179510770646239	1.01385	2	2	0	0	2	1.89416646119274	0	1.01385	1.01385	1.01385	1	1	1	1	0	0	0.05	0	0.13838	0.05	0	0.13838	0	0	0	0	0	1	1
AC-P04-TP-NT-SM-63B4O-SM-63B4P	5	143556	32053931	643	31910375	0.01182	0.0115206912414745	1.01858	2	2	0	0	2	1.92365274508756	0	1.01858	1.00523	1.03193	1	1	1	1	0	0	0.08	0	0.28708	0	0	0.22726	0	0	0	0	0	1	1
AC-P04-TP-NT-SM-63B4O-SM-63B4P	5	32058096	32061173	3	3077	0.28806	0	1.69846	5	5.07196	0	0	5.07196	6.16194760648534	NA	NA	NA	NA	NA	NA	NA	NA	NA	NA	NA	NA	NA	NA	NA	NA	NA	NA	NA	NA	NA	NA	NA
AC-P04-TP-NT-SM-63B4O-SM-63B4P	5	32072344	73045735	1456	40973391	0.00789	0.0148008880532832	1.02308	2	2	0	0	2	1.95170523505092	0	1.02308	1.02308	1.02308	1	1	1	1	0	0	0.02	0	0.09504	0.02	0	0.09504	0	0	0	0	0	1	1
AC-P04-TP-NT-SM-63B4O-SM-63B4P	5	73072430	73181801	10	109371	0.12686	4.00024001440086e-05	1.36499	4	4.05118	0	0	4.05118	4.0831334224671	0	1.36499	1.36499	1.36499	2	2	1.9133	1.9133	0	0	0.04	0.00771	0.93731	0.04	0.00771	0.93731	0	0	0	0	0	1.9133	1.9133
AC-P04-TP-NT-SM-63B4O-SM-63B4P	5	73205479	137767180	2024	64561701	0.00655	0.023311398683921	1.00118	2	2	0	0	2	1.81518311722923	0	1.00118	1.00118	1.00118	1	1	1	1	0	0	0.09	0.01698	0.15983	0.09	0.01698	0.15983	0	0	0	0	0	1	1
AC-P04-TP-NT-SM-63B4O-SM-63B4P	5	137777111	137803107	6	25996	0.17075	1.00006000360022e-05	1.42321	4	4.32289	0	0	4.32289	4.44607030372642	NA	NA	NA	NA	NA	NA	NA	NA	NA	NA	NA	NA	NA	NA	NA	NA	NA	NA	NA	NA	NA	NA	NA
AC-P04-TP-NT-SM-63B4O-SM-63B4P	5	137848547	147261109	559	9412562	0.01243	0.00340020401224073	0.99917	2	2	0	0	2	1.80265300504559	0	0.99917	0.99707	1.00127	1	1	1	1	0	0	0.11	0.00611	0.21515	0.09	0.00169	0.20239	0	0	0	0	0	1	1
AC-P04-TP-NT-SM-63B4O-SM-63B4P	5	147443634	147486663	10	43029	0.12814	2.00012000720043e-05	1.37879	4	4.12578	0	0	4.12578	4.16916105835475	0	1.37879	1.37879	1.37879	2	2	2.00456	2.00456	0	0	0.08	0.00244	0.74571	0.08	0.00244	0.74571	0	0	0	0	0	2.00456	2.00456
AC-P04-TP-NT-SM-63B4O-SM-63B4P	5	147491394	148016564	49	525170	0.04135	0.000190011400684041	0.98401	2	1.97419	0	0	1.97419	1.70814728330236	0	0.98401	0.46961	1.49841	0	2	0.17876	2.12135	0	0	1	0.06145	0.98662	0.46	0.0174	0.97096	1	0	0	0	0	0.17876	2.12135
AC-P04-TP-NT-SM-63B4O-SM-63B4P	5	148384369	148389893	4	5524	0.20778	0	1.41403	4	4.24054	0	0	4.24054	4.38884322420116	NA	NA	NA	NA	NA	NA	NA	NA	NA	NA	NA	NA	NA	NA	NA	NA	NA	NA	NA	NA	NA	NA	NA
AC-P04-TP-NT-SM-63B4O-SM-63B4P	5	148406224	167812317	703	19406093	0.01119	0.00701042062523751	1.00856	2	2	0	0	2	1.86118920076914	0	1.00856	1.00844	1.00867	1	1	1	1	0	0	0.07	0	0.15473	0.07	0	0.15404	0	0	0	0	0	1	1
AC-P04-TP-NT-SM-63B4O-SM-63B4P	5	167833267	167882442	10	49175	0.12192	2.00012000720043e-05	1.31171	4	3.76051	0	0	3.76051	3.75099194130091	0	1.31171	1.31171	1.31171	2	2	1.65235	1.65235	0	0	0.88	0.02545	0.9777	0.88	0.02545	0.9777	0	0	0	0	0	1.65235	1.65235
AC-P04-TP-NT-SM-63B4O-SM-63B4P	5	167891850	169015499	50	1123649	0.03894	0.000410024601476089	0.93587	1	1.31164	0	0	1.31164	1.40804797956098	0	0.93587	0.93587	0.93587	1	1	0.9313	0.9313	0	0	0.3	0.01512	0.84201	0.3	0.01512	0.84201	0	0	0	0	0	0.9313	0.9313
AC-P04-TP-NT-SM-63B4O-SM-63B4P	5	169020454	169021629	4	1175	0.23932	0	1.6292	5	5.04554	0	0	5.04554	5.73018861651592	0	1.6292	1.6292	1.6292	3	3	2.50741	2.50741	0	0	0.87	0.02987	0.97842	0.87	0.02987	0.97842	0	0	0	0	0	2.50741	2.50741
AC-P04-TP-NT-SM-63B4O-SM-63B4P	5	169025531	170162786	67	1137255	0.03744	0.000410024601476089	1.04187	2	2.00083	0	0	2.00083	2.0688399653646	0	1.04187	1.04187	1.04187	1	1	1	1	0	0	0.03	0	0.2554	0.03	0	0.2554	0	0	0	0	0	1	1
AC-P04-TP-NT-SM-63B4O-SM-63B4P	5	170216191	170323086	11	106895	0.14155	4.00024001440086e-05	1.59798	5	5.28313	0	0	5.28313	5.53556667503678	NA	NA	NA	NA	NA	NA	NA	NA	NA	NA	NA	NA	NA	NA	NA	NA	NA	NA	NA	NA	NA	NA	NA
AC-P04-TP-NT-SM-63B4O-SM-63B4P	5	170338055	175995748	171	5657693	0.02351	0.00204012240734444	1.04503	2	2	0	0	2	2.08853904720554	0	1.04503	1.04503	1.04503	1	1	1	1	0	0	0.04	0	0.19694	0.04	0	0.19694	0	0	0	0	0	1	1
AC-P04-TP-NT-SM-63B4O-SM-63B4P	5	176002353	176301415	40	299062	0.04245	0.000110006600396024	0.91245	1	1.07261	0	0	1.07261	1.26205035401833	0	0.91245	0.58841	1.23649	0	2	0.07038	1.56428	0	0	1	0.12079	0.98902	0.64	0.03007	0.97366	1	0	0	0	0	0.07038	1.56428
AC-P04-TP-NT-SM-63B4O-SM-63B4P	5	176304619	180794756	453	4490137	0.01458	0.00162009720583235	1.05534	2	2	0	0	2	2.15281041865493	0	1.05534	1.05475	1.05593	1	1	1	1	0	0	0.07	0	0.18539	0.08	0	0.18862	0	0	0	0	0	1	1
AC-P04-TP-NT-SM-63B4O-SM-63B4P	6	345890	27420060	843	27074170	0.01024	0.00978058683521011	1.01038	2	2	0	0	2	1.87253487448766	0	1.01038	1.01038	1.01038	1	1	1	1	0	0	0.06	0	0.13803	0.06	0	0.13803	0	0	0	0	0	1	1
AC-P04-TP-NT-SM-63B4O-SM-63B4P	6	27425124	27879560	17	454436	0.08571	0.000160009600576035	1.20199	3	3.10558	0	0	3.10558	3.06700989712758	0	1.20199	1.20199	1.20199	2	2	1.50635	1.50635	0	0	0.53	0.04171	0.9588	0.53	0.04171	0.9588	0	0	0	0	0	1.50635	1.50635
AC-P04-TP-NT-SM-63B4O-SM-63B4P	6	28053463	30036981	113	1983518	0.02747	0.000720043202592156	0.99271	2	1.99981	0	0	1.99981	1.76238209723152	0	0.99271	0.99271	0.99271	1	1	1	1	1	1	0.12	0.00948	0.23848	0.12	0.00948	0.23848	0	0	0	0	0	1	1
AC-P04-TP-NT-SM-63B4O-SM-63B4P	6	30040979	30080373	8	39394	0.1456	1.00006000360022e-05	1.4013	4	4.23476	0	0	4.23476	4.30948584703814	0	1.4013	1.13613	1.66647	1	3	1.26088	2.8232	0	0	0.33	0.01535	0.95217	0.98	0.07876	0.98439	0	0	0	0	0	1.26088	2.8232
AC-P04-TP-NT-SM-63B4O-SM-63B4P	6	30114917	37452611	1451	7337694	0.00774	0.00265015900954057	1.00234	2	2	0	0	2	1.82241442575312	0	1.00234	1.00234	1.00234	1	1	1	1	0	0	0.09	0.01256	0.15891	0.09	0.01256	0.15891	0	0	0	0	0	1	1
AC-P04-TP-NT-SM-63B4O-SM-63B4P	6	37606034	38224238	14	618204	0.09122	0.000220013200792048	1.16085	3	2.8932	0	0	2.8932	2.81054779999587	0	1.16085	1.16085	1.16085	1	1	1.32933	1.32933	0	0	0.41	0.0172	0.96675	0.41	0.0172	0.96675	0	0	0	0	0	1.32933	1.32933
AC-P04-TP-NT-SM-63B4O-SM-63B4P	6	38312814	43152345	469	4839531	0.01325	0.00175010500630038	0.97527	2	2	0	0	2	1.65366311390685	0	0.97527	0.97527	0.97527	1	1	1	1	1	1	0.17	0.0781	0.2583	0.17	0.0781	0.2583	0	0	0	0	0	1	1
AC-P04-TP-NT-SM-63B4O-SM-63B4P	6	43153942	43156356	5	2414	0.18327	0	1.39439	4	4.17116	0	0	4.17116	4.26640969022773	NA	NA	NA	NA	NA	NA	NA	NA	NA	NA	NA	NA	NA	NA	NA	NA	NA	NA	NA	NA	NA	NA	NA
AC-P04-TP-NT-SM-63B4O-SM-63B4P	6	43163904	56515776	770	13351872	0.0105	0.00482028921735304	0.99044	2	2	0	0	2	1.74823117451667	0	0.99044	0.9902	0.99069	1	1	1	1	1	1	0.13	0.0251	0.22198	0.13	0.02393	0.22023	0	0	0	0	0	1	1
AC-P04-TP-NT-SM-63B4O-SM-63B4P	6	56765318	71665836	165	14900518	0.02155	0.00538032281936916	0.94059	1	1.10166	0	0	1.10166	1.43747192458922	0	0.94059	0.94059	0.94059	1	1	0.99602	0.99602	0	1	0.28	0.01881	0.6784	0.28	0.01881	0.6784	0	0	0	0	0	0.99602	0.99602
AC-P04-TP-NT-SM-63B4O-SM-63B4P	6	72006058	170892713	3356	98886655	0.00507	0.0357121427285637	0.99903	2	2	0	0	2	1.8017802609134	0	0.99903	0.99903	0.99903	1	1	1	1	0	1	0.1	0.02856	0.15991	0.1	0.02856	0.15991	0	0	0	0	0	1	1
AC-P04-TP-NT-SM-63B4O-SM-63B4P	7	540563	44047337	1463	43506774	0.00757	0.0157109426565594	0.98408	2	2	0	0	2	1.70858365536845	0	0.98408	0.98408	0.98408	1	1	1	1	1	1	0.15	0.0663	0.21522	0.15	0.0663	0.21522	0	0	0	0	0	1	1
AC-P04-TP-NT-SM-63B4O-SM-63B4P	7	44091484	44281340	53	189856	0.04887	7.00042002520151e-05	1.21022	3	3.01911	0	0	3.01911	3.11831478432724	0	1.21022	1.21022	1.21022	2	2	1.50232	1.50232	0	0	0.56	0.02901	0.96888	0.56	0.02901	0.96888	0	0	0	0	0	1.50232	1.50232
AC-P04-TP-NT-SM-63B4O-SM-63B4P	7	44282890	93633518	1415	49350628	0.00791	0.0178210692641558	1.01177	2	2	0	0	2	1.881199976943	0	1.01177	1.01177	1.01177	1	1	1	1	0	0	0.06	0	0.12889	0.06	0	0.12889	0	0	0	0	0	1	1
AC-P04-TP-NT-SM-63B4O-SM-63B4P	7	94024521	94059631	36	35110	0.07394	1.00006000360022e-05	1.50975	5	4.95018	0	0	4.95018	4.98555085515514	NA	NA	NA	NA	NA	NA	NA	NA	NA	NA	NA	NA	NA	NA	NA	NA	NA	NA	NA	NA	NA	NA	NA
AC-P04-TP-NT-SM-63B4O-SM-63B4P	7	94147574	107408281	1043	13260707	0.0089	0.00479028741724503	0.97743	2	2	0	0	2	1.66712830908927	0	0.97743	0.97743	0.97743	1	1	1	1	1	1	0.17	0.07643	0.24652	0.17	0.07643	0.24652	0	0	0	0	0	1	1
AC-P04-TP-NT-SM-63B4O-SM-63B4P	7	107415269	107434888	12	19619	0.05379	1.00006000360022e-05	0.63222	0	0.01493	1	0	0.01493	-0.484871704300052	0	0.63222	0.63222	0.63222	0	0	0.00131	0.00131	0	0	1	0.40654	1	1	0.40654	1	1	1	0	0	0	0.00131	0.00131
AC-P04-TP-NT-SM-63B4O-SM-63B4P	7	107542222	138258319	1089	30716097	0.00892	0.0110906654399264	1.00046	2	2	0	0	2	1.81069471883509	0	1.00046	1.00046	1.00046	1	1	1	1	1	1	0.09	0.01638	0.16606	0.09	0.01638	0.16606	0	0	0	0	0	1	1
AC-P04-TP-NT-SM-63B4O-SM-63B4P	7	138262248	138417729	19	155481	0.07834	6.0003600216013e-05	1.16143	3	2.89412	0	0	2.89412	2.81416345425781	0	1.16143	1.16143	1.16143	1	1	1.3385	1.3385	0	0	0.41	0.01776	0.96471	0.41	0.01776	0.96471	0	0	0	0	0	1.3385	1.3385
AC-P04-TP-NT-SM-63B4O-SM-63B4P	7	138429946	158935187	1068	20505241	0.0088	0.0074004440266416	0.9777	2	2	0	0	2	1.66881145848707	0	0.9777	0.9777	0.9777	1	1	1	1	1	1	0.17	0.08475	0.23638	0.17	0.08475	0.23638	0	0	0	0	0	1	1
AC-P04-TP-NT-SM-63B4O-SM-63B4P	8	190901	33230208	1185	33039307	0.00863	0.0119307158429506	1.00968	2	2	0	0	2	1.86817115382669	0	1.00968	1.00968	1.00968	1	1	1	1	0	0	0.07	0.00014	0.1369	0.07	0.00014	0.1369	0	0	0	0	0	1	1
AC-P04-TP-NT-SM-63B4O-SM-63B4P	8	33310880	49643984	533	16333104	0.01266	0.00590035402124127	0.99385	2	2	0	0	2	1.76948872802224	0	0.99385	0.96428	1.02342	1	1	0.99995	1	1	0	0.21	0.00917	0.54983	0.02	0	0.3976	0	0	0	0	0	0.99995	1
AC-P04-TP-NT-SM-63B4O-SM-63B4P	8	49831456	49833784	3	2328	0.24526	0	1.44559	4	4.32633	0	0	4.32633	4.5855846871442	NA	NA	NA	NA	NA	NA	NA	NA	NA	NA	NA	NA	NA	NA	NA	NA	NA	NA	NA	NA	NA	NA	NA
AC-P04-TP-NT-SM-63B4O-SM-63B4P	8	49986656	54791989	73	4805333	0.03392	0.00174010440626438	0.98523	2	1.994	0	0	1.994	1.71575262502576	0	0.98523	0.98523	0.98523	1	1	1	1	0	0	0.14	0.00331	0.3741	0.14	0.00331	0.3741	0	0	0	0	0	1	1
AC-P04-TP-NT-SM-63B4O-SM-63B4P	8	54859266	54870923	3	11657	0.24668	0	1.45397	4	4.35671	0	0	4.35671	4.63782465734263	NA	NA	NA	NA	NA	NA	NA	NA	NA	NA	NA	NA	NA	NA	NA	NA	NA	NA	NA	NA	NA	NA	NA
AC-P04-TP-NT-SM-63B4O-SM-63B4P	8	54906271	143784648	2343	88878377	0.00598	0.0320919255155309	0.98445	2	2	0	0	2	1.71089019343211	0	0.98445	0.98445	0.98445	1	1	1	1	1	1	0.14	0.07083	0.20848	0.14	0.07083	0.20848	0	0	0	0	0	1	1
AC-P04-TP-NT-SM-63B4O-SM-63B4P	8	143823280	144378439	39	555159	0.05145	0.000200012000720043	1.09249	2	2.32093	0	0	2.32093	2.38439930801912	0	1.09249	1.09249	1.09249	1	1	1.14924	1.14924	0	0	0.19	0.01091	0.94668	0.19	0.01091	0.94668	0	0	0	0	0	1.14924	1.14924
AC-P04-TP-NT-SM-63B4O-SM-63B4P	8	144391661	146279473	353	1887812	0.01528	0.000680040802448147	0.97556	2	2	0	0	2	1.65547094103782	0	0.97556	0.97556	0.97556	1	1	1	1	1	1	0.17	0.06549	0.26901	0.17	0.06549	0.26901	0	0	0	0	0	1	1
AC-P04-TP-NT-SM-63B4O-SM-63B4P	9	286572	12694188	349	12407616	0.01622	0.00448026881612897	1.03029	2	2	0	0	2	1.99665155785888	0	1.03029	1.03029	1.03029	1	1	1	1	0	0	0	0	0.14802	0	0	0.14802	0	0	0	0	0	1	1
AC-P04-TP-NT-SM-63B4O-SM-63B4P	9	12698552	13143513	16	444961	0.10458	0.000160009600576035	1.42346	4	4.39112	0	0	4.39112	4.44762877539105	0	1.42346	1.42346	1.42346	2	2	1.93162	1.93162	0	0	0.22	0.01353	0.96612	0.22	0.01353	0.96612	0	0	0	0	0	1.93162	1.93162
AC-P04-TP-NT-SM-63B4O-SM-63B4P	9	13150598	33395134	485	20244536	0.01345	0.00731043862631758	1.00731	2	2	0	0	2	1.85339684244598	0	1.00731	1.00731	1.00731	1	1	1	1	0	0	0.07	0	0.16485	0.07	0	0.16485	0	0	0	0	0	1	1
AC-P04-TP-NT-SM-63B4O-SM-63B4P	9	33442908	33464925	6	22017	0.19251	1.00006000360022e-05	1.60504	5	5.13358	0	0	5.13358	5.57957791484596	NA	NA	NA	NA	NA	NA	NA	NA	NA	NA	NA	NA	NA	NA	NA	NA	NA	NA	NA	NA	NA	NA	NA
AC-P04-TP-NT-SM-63B4O-SM-63B4P	9	33466145	40701738	600	7235593	0.01174	0.00261015660939656	0.97753	2	2	0	0	2	1.66775169775512	0	0.97753	0.97725	0.97782	1	1	1	1	1	1	0.17	0.06414	0.25969	0.17	0.06248	0.25815	0	0	0	0	0	1	1
AC-P04-TP-NT-SM-63B4O-SM-63B4P	9	40704519	42368515	7	1663996	0.06846	0.00060003600216013	0.61445	0	0.16613	1	0	0.16613	-0.595647870222036	NA	NA	NA	NA	NA	NA	NA	NA	NA	NA	NA	NA	NA	NA	NA	NA	NA	NA	NA	NA	NA	NA	NA
AC-P04-TP-NT-SM-63B4O-SM-63B4P	9	42372288	116984524	1983	74612236	0.00651	0.0269416164969898	0.98604	2	2	0	0	2	1.72080207321916	0	0.98604	0.98588	0.9862	1	1	1	1	1	1	0.14	0.06154	0.20864	0.14	0.06073	0.20781	0	0	0	0	0	1	1
AC-P04-TP-NT-SM-63B4O-SM-63B4P	9	116997905	117389232	61	391327	0.03696	0.00014000840050403	0.98125	2	1.98241	0	0	1.98241	1.69094175612483	0	0.98125	0.71784	1.24466	0	2	0.04606	1.70946	0	0	0.98	0.16643	0.98727	0.67	0.06182	0.9735	1	0	0	0	0	0.04606	1.70946
AC-P04-TP-NT-SM-63B4O-SM-63B4P	9	117396102	141016185	2109	23620083	0.00637	0.00853051183070984	0.99392	2	2	0	0	2	1.76992510008834	0	0.99392	0.99392	0.99392	1	1	1	1	1	1	0.12	0.03852	0.18198	0.12	0.03852	0.18198	0	0	0	0	0	1	1
AC-P04-TP-NT-SM-63B4O-SM-63B4P	10	94609	23482733	934	23388124	0.0094	0.00845050703042182	0.97687	2	2	0	0	2	1.66363733256049	0	0.97687	0.97642	0.97732	1	1	1	1	1	1	0.17	0.07271	0.25661	0.17	0.07028	0.2538	0	0	0	0	0	1	1
AC-P04-TP-NT-SM-63B4O-SM-63B4P	10	24498157	24727361	5	229204	0.17722	8.00048002880173e-05	1.34831	4	3.9522	0	0	3.9522	3.97915219300291	0	1.34831	0.63989	2.05673	0	3	0.58613	3.00022	0	0	1	0.02408	0.97884	0.2	0.01413	0.97051	1	0	0	0	0	0.58613	3.00022
AC-P04-TP-NT-SM-63B4O-SM-63B4P	10	24783480	28348625	217	3565145	0.02035	0.00129007740464428	1.01888	2	2	0	0	2	1.92552291108512	0	1.01888	1.01887	1.01888	1	1	1	1	0	0	0.04	0	0.26291	0.04	0	0.2629	0	0	0	0	0	1	1
AC-P04-TP-NT-SM-63B4O-SM-63B4P	10	28408611	28491140	7	82529	0.15909	3.00018001080065e-05	1.43231	4	4.38208	0	0	4.38208	4.50279867231899	NA	NA	NA	NA	NA	NA	NA	NA	NA	NA	NA	NA	NA	NA	NA	NA	NA	NA	NA	NA	NA	NA	NA
AC-P04-TP-NT-SM-63B4O-SM-63B4P	10	28824588	37451739	244	8627151	0.01895	0.00312018721123267	1.00632	2	2	0	0	2	1.84722529465405	0	1.00632	1.00618	1.00645	1	1	1	1	0	0	0.08	0	0.20252	0.08	0	0.20169	0	0	0	0	0	1	1
AC-P04-TP-NT-SM-63B4O-SM-63B4P	10	37458471	37462802	4	4331	0.09176	0	0.62255	1	0.75761	0	0	0.75761	-0.545153388287986	NA	NA	NA	NA	NA	NA	NA	NA	NA	NA	NA	NA	NA	NA	NA	NA	NA	NA	NA	NA	NA	NA	NA
AC-P04-TP-NT-SM-63B4O-SM-63B4P	10	37486222	47948783	131	10462561	0.0249	0.00378022681360882	0.9686	2	1.9908	0	0	1.9908	1.61208308989449	0	0.9686	0.9686	0.9686	1	1	1	1	1	1	0.19	0.03169	0.36077	0.19	0.03169	0.36077	0	0	0	0	0	1	1
AC-P04-TP-NT-SM-63B4O-SM-63B4P	10	48259518	48267199	9	7681	0.14063	0	1.43565	4	4.42153	0	0	4.42153	4.52361985375846	NA	NA	NA	NA	NA	NA	NA	NA	NA	NA	NA	NA	NA	NA	NA	NA	NA	NA	NA	NA	NA	NA	NA
AC-P04-TP-NT-SM-63B4O-SM-63B4P	10	48371043	48774300	13	403257	0.08001	0.000150009000540032	0.98061	2	1.85546	0	0	1.85546	1.68695206866337	0	0.98061	0.98061	0.98061	1	1	0.99791	0.99791	0	0	0.16	0.00382	0.64803	0.16	0.00382	0.64803	0	0	0	0	0	0.99791	0.99791
AC-P04-TP-NT-SM-63B4O-SM-63B4P	10	48798691	48827522	3	28831	0.29201	1.00006000360022e-05	1.72178	5	5.12313	0	0	5.12313	6.30732184336214	NA	NA	NA	NA	NA	NA	NA	NA	NA	NA	NA	NA	NA	NA	NA	NA	NA	NA	NA	NA	NA	NA	NA
AC-P04-TP-NT-SM-63B4O-SM-63B4P	10	48850975	54053610	188	5202635	0.02126	0.00188011280676841	0.99101	2	2	0	0	2	1.75178448991203	0	0.99101	0.9907	0.99133	1	1	1	1	1	1	0.13	0.00471	0.28206	0.12	0.00422	0.28003	0	0	0	0	0	1	1
AC-P04-TP-NT-SM-63B4O-SM-63B4P	10	54074763	54531301	7	456538	0.15924	0.000160009600576035	1.4337	4	4.389	0	0	4.389	4.51146377477434	0	1.4337	1.4337	1.4337	2	2	2.06853	2.06853	0	0	0.26	0.0114	0.88827	0.26	0.0114	0.88827	0	0	0	0	0	2.06853	2.06853
AC-P04-TP-NT-SM-63B4O-SM-63B4P	10	55568879	135490828	4000	79921949	0.00464	0.0288617317039022	0.99666	2	2	0	0	2	1.7870059495327	0	0.99666	0.99666	0.99666	1	1	1	1	1	1	0.11	0.03627	0.16694	0.11	0.03627	0.16694	0	0	0	0	0	1	1
AC-P04-TP-NT-SM-63B4O-SM-63B4P	11	194433	2997303	410	2802870	0.01451	0.00101006060363622	0.99867	2	2	0	0	2	1.79953606171633	0	0.99867	0.99867	0.99867	1	1	1	1	1	0	0.1	0.00135	0.2323	0.1	0.00135	0.2323	0	0	0	0	0	1	1
AC-P04-TP-NT-SM-63B4O-SM-63B4P	11	3023237	3028148	4	4911	0.21775	0	1.48205	5	4.52205	0	0	4.52205	4.81287219471401	0	1.48205	1.48205	1.48205	2	2	2.09295	2.09295	0	0	0.41	0.01654	0.96966	0.41	0.01654	0.96966	0	0	0	0	0	2.09295	2.09295
AC-P04-TP-NT-SM-63B4O-SM-63B4P	11	3037044	5373206	153	2336162	0.02279	0.000840050403024181	0.958	2	1.9298	0	0	1.9298	1.54600389131413	0	0.958	0.93442	0.98158	1	1	0.99993	1	0	0	0.3	0.04447	0.58235	0.15	0.00345	0.44345	0	0	0	0	0	0.99993	1
AC-P04-TP-NT-SM-63B4O-SM-63B4P	11	5411118	18327004	873	12915886	0.00978	0.00466027961677701	0.98231	2	2	0	0	2	1.69754967598287	0	0.98231	0.98231	0.98231	1	1	1	1	1	1	0.15	0.0737	0.2185	0.15	0.0737	0.2185	0	0	0	0	0	1	1
AC-P04-TP-NT-SM-63B4O-SM-63B4P	11	18330559	18333515	4	2956	0.22043	0	1.50034	5	4.59389	0	0	4.59389	4.92688998169843	NA	NA	NA	NA	NA	NA	NA	NA	NA	NA	NA	NA	NA	NA	NA	NA	NA	NA	NA	NA	NA	NA	NA
AC-P04-TP-NT-SM-63B4O-SM-63B4P	11	18357396	30358227	324	12000831	0.01664	0.00433025981558893	1.01828	2	2	0	0	2	1.92178257909	0	1.01828	1.01215	1.0244	1	1	1	1	0	0	0.06	0	0.233	0.02	0	0.20261	0	0	0	0	0	1	1
AC-P04-TP-NT-SM-63B4O-SM-63B4P	11	30435831	30557631	4	121800	0.21084	4.00024001440086e-05	1.43495	4	4.32938	0	0	4.32938	4.51925613309749	NA	NA	NA	NA	NA	NA	NA	NA	NA	NA	NA	NA	NA	NA	NA	NA	NA	NA	NA	NA	NA	NA	NA
AC-P04-TP-NT-SM-63B4O-SM-63B4P	11	30900194	32124926	46	1224732	0.04193	0.000440026401584095	0.96651	2	1.88528	0	0	1.88528	1.59905426677818	0	0.96651	0	1.93302	0	3	0.11131	2.90051	0	0	1	0.0842	0.98942	0.81	0.0208	0.97622	1	0	0	0	0	0.11131	2.90051
AC-P04-TP-NT-SM-63B4O-SM-63B4P	11	32413563	61896298	1397	29482735	0.00775	0.0106506390383423	0.98436	2	2	0	0	2	1.71032914363284	0	0.98436	0.98436	0.98436	1	1	1	1	1	1	0.14	0.06866	0.21091	0.14	0.06866	0.21091	0	0	0	0	0	1	1
AC-P04-TP-NT-SM-63B4O-SM-63B4P	11	61905329	62363779	53	458450	0.04152	0.000170010200612037	1.02774	2	2.00034	0	0	2.00034	1.98075514687964	0	1.02774	1.02774	1.02774	1	1	0.99854	0.99854	0	0	0.01	0.00025	0.70104	0.01	0.00025	0.70104	0	0	0	0	0	0.99854	0.99854
AC-P04-TP-NT-SM-63B4O-SM-63B4P	11	62364202	74079578	1776	11715376	0.00698	0.00423025381522891	0.99942	2	2	0	0	2	1.80421147671022	0	0.99942	0.99853	1.00031	1	1	1	1	1	0	0.1	0.01312	0.18478	0.1	0.01004	0.17898	0	0	0	0	0	1	1
AC-P04-TP-NT-SM-63B4O-SM-63B4P	11	74082808	74109150	3	26342	0.2397	1.00006000360022e-05	1.41275	4	4.20379	0	0	4.20379	4.38086384927825	NA	NA	NA	NA	NA	NA	NA	NA	NA	NA	NA	NA	NA	NA	NA	NA	NA	NA	NA	NA	NA	NA	NA
AC-P04-TP-NT-SM-63B4O-SM-63B4P	11	74305133	88924477	449	14619344	0.01363	0.00528031681900914	0.98151	2	2	0	0	2	1.69256256665605	0	0.98151	0.98151	0.98151	1	1	1	1	1	1	0.15	0.04234	0.25694	0.15	0.04234	0.25694	0	0	0	0	0	1	1
AC-P04-TP-NT-SM-63B4O-SM-63B4P	11	89018031	92623967	73	3605936	0.03629	0.00130007800468028	1.05426	2	2.00225	0	0	2.00225	2.14607782106372	0	1.05426	1.05426	1.05426	1	1	1.00604	1.00604	0	0	0.07	0.00176	0.71943	0.07	0.00176	0.71943	0	0	0	0	0	1.00604	1.00604
AC-P04-TP-NT-SM-63B4O-SM-63B4P	11	92881856	102822821	289	9940965	0.0177	0.00359021541292478	1.02288	2	2	0	0	2	1.95045845771921	0	1.02288	1.0228	1.02296	1	1	1	1	0	0	0.03	0	0.14817	0.02	0	0.14781	0	0	0	0	0	1	1
AC-P04-TP-NT-SM-63B4O-SM-63B4P	11	102825260	102826374	3	1114	0.35116	0	2.07126	6	5.62478	0	1	8.48594055278336	8.48594055278336	NA	NA	NA	NA	NA	NA	NA	NA	NA	NA	NA	NA	NA	NA	NA	NA	NA	NA	NA	NA	NA	NA	NA
AC-P04-TP-NT-SM-63B4O-SM-63B4P	11	102935054	111368034	290	8432980	0.01698	0.00305018301098066	0.98302	2	2	0	0	2	1.70197573551042	0	0.98302	0.98302	0.98302	1	1	1	1	1	1	0.15	0.01133	0.311	0.15	0.01133	0.311	0	0	0	0	0	1	1
AC-P04-TP-NT-SM-63B4O-SM-63B4P	11	111369414	111431001	12	61587	0.11945	2.00012000720043e-05	1.40803	4	4.29221	0	0	4.29221	4.35143990425001	NA	NA	NA	NA	NA	NA	NA	NA	NA	NA	NA	NA	NA	NA	NA	NA	NA	NA	NA	NA	NA	NA	NA
AC-P04-TP-NT-SM-63B4O-SM-63B4P	11	111491094	117303143	361	5812049	0.01528	0.00210012600756045	0.98685	2	2	0	0	2	1.72585152141257	0	0.98685	0.98385	0.98985	1	1	1	1	1	1	0.15	0.0104	0.30886	0.13	0.0047	0.29096	0	0	0	0	0	1	1
AC-P04-TP-NT-SM-63B4O-SM-63B4P	11	117306437	117869892	41	563455	0.04134	0.000200012000720043	0.89943	1	1.02047	0	0	1.02047	1.18088514972434	0	0.89943	0.89943	0.89943	1	1	0.67492	0.67492	0	0	0.41	0.01729	0.96705	0.41	0.01729	0.96705	0	0	0	0	0	0.67492	0.67492
AC-P04-TP-NT-SM-63B4O-SM-63B4P	11	117973891	118011986	6	38095	0.16439	1.00006000360022e-05	1.37009	4	4.0629	0	0	4.0629	4.11492624442558	0	1.37009	1.37009	1.37009	2	2	1.88518	1.88518	0	0	0.06	0.00939	0.95095	0.06	0.00939	0.95095	0	0	0	0	0	1.88518	1.88518
AC-P04-TP-NT-SM-63B4O-SM-63B4P	11	118015857	119547870	353	1532013	0.01558	0.000550033001980119	0.99512	2	2	0	0	2	1.77740576407857	0	0.99512	0.99512	0.99512	1	1	1	1	0	1	0.11	0.00529	0.23584	0.11	0.00529	0.23584	0	0	0	0	0	1	1
AC-P04-TP-NT-SM-63B4O-SM-63B4P	11	119549299	120008337	7	459038	0.17139	0.000170010200612037	1.5433	5	4.91487	0	0	4.91487	5.19469775254865	NA	NA	NA	NA	NA	NA	NA	NA	NA	NA	NA	NA	NA	NA	NA	NA	NA	NA	NA	NA	NA	NA	NA
AC-P04-TP-NT-SM-63B4O-SM-63B4P	11	120097614	134257497	694	14159883	0.01122	0.0051103066183971	1.00439	2	2	0	0	2	1.83519389340309	0	1.00439	1.00439	1.00439	1	1	1	1	0	0	0.08	0.00517	0.15943	0.08	0.00517	0.15943	0	0	0	0	0	1	1
AC-P04-TP-NT-SM-63B4O-SM-63B4P	12	266776	29446320	1803	29179544	0.00694	0.0105406324379463	1.00119	2	2	0	0	2	1.81524545609581	0	1.00119	1.00085	1.00152	1	1	1	1	0	0	0.09	0.01494	0.16546	0.09	0.01341	0.1633	0	0	0	0	0	1	1
AC-P04-TP-NT-SM-63B4O-SM-63B4P	12	29460679	30833493	58	1372814	0.03419	0.000500030001800108	0.8847	1	1.00047	0	0	1.00047	1.08905999924427	0	0.8847	0.4523	1.3171	0	2	0.09796	1.72158	0	0	1	0.09413	0.98892	0.89	0.03205	0.97906	1	0	0	0	0	0.09796	1.72158
AC-P04-TP-NT-SM-63B4O-SM-63B4P	12	30837312	47173772	441	16336460	0.01356	0.00590035402124127	0.96791	2	1.99997	0	0	1.99997	1.60778170810011	0	0.96791	0.96791	0.96791	1	1	1	1	1	1	0.2	0.10086	0.28144	0.2	0.10086	0.28144	0	0	0	0	0	1	1
AC-P04-TP-NT-SM-63B4O-SM-63B4P	12	47178923	47182355	3	3432	0.26172	0	1.5428	5	4.6554	0	0	4.6554	5.19158080921938	NA	NA	NA	NA	NA	NA	NA	NA	NA	NA	NA	NA	NA	NA	NA	NA	NA	NA	NA	NA	NA	NA	NA
AC-P04-TP-NT-SM-63B4O-SM-63B4P	12	47472000	52865956	772	5393956	0.0107	0.00195011700702042	1.01101	2	2	0	0	2	1.87646222308253	0	1.01101	1.01101	1.01101	1	1	1	1	0	0	0.06	0	0.14243	0.06	0	0.14243	0	0	0	0	0	1	1
AC-P04-TP-NT-SM-63B4O-SM-63B4P	12	52881621	52938421	18	56800	0.1105	2.00012000720043e-05	1.59568	5	5.36141	0	0	5.36141	5.52122873572217	0	1.59568	1.29684	1.89452	2	3	1.64765	3.13955	0	0	0.83	0.02702	0.97756	0.69	0.02317	0.97524	0	0	0	0	0	1.64765	3.13955
AC-P04-TP-NT-SM-63B4O-SM-63B4P	12	52941703	57556200	1007	4614497	0.00928	0.00167010020601236	1.00075	2	2	0	0	2	1.81250254596606	0	1.00075	1.00054	1.00097	1	1	1	1	1	1	0.09	0.01174	0.17343	0.09	0.01097	0.17193	0	0	0	0	0	1	1
AC-P04-TP-NT-SM-63B4O-SM-63B4P	12	57559929	57577227	19	17298	0.0965	1.00006000360022e-05	1.43131	4	4.4433	0	0	4.4433	4.49656478566046	0	1.43131	1.43131	1.43131	2	2	2.0379	2.0379	0	0	0.25	0.0133	0.96126	0.25	0.0133	0.96126	0	0	0	0	0	2.0379	2.0379
AC-P04-TP-NT-SM-63B4O-SM-63B4P	12	57577932	71286607	714	13708675	0.01128	0.00495029701782107	1.02487	2	2	0	0	2	1.96286389216968	0	1.02487	1.02487	1.02487	1	1	1	1	0	0	0.02	0	0.09718	0.02	0	0.09718	0	0	0	0	0	1	1
AC-P04-TP-NT-SM-63B4O-SM-63B4P	12	71526538	71551428	5	24890	0.08324	1.00006000360022e-05	0.63146	1	0.65879	0	0	0.65879	-0.489609458160531	0	0.63146	0.63146	0.63146	0	0	0.00017	0.00017	0	0	1	0.49368	1	1	0.49368	1	1	1	0	0	0	0.00017	0.00017
AC-P04-TP-NT-SM-63B4O-SM-63B4P	12	71898429	71966665	9	68236	0.10183	2.00012000720043e-05	1.03866	2	2.2215	0	0	2.2215	2.04882918919073	NA	NA	NA	NA	NA	NA	NA	NA	NA	NA	NA	NA	NA	NA	NA	NA	NA	NA	NA	NA	NA	NA	NA
AC-P04-TP-NT-SM-63B4O-SM-63B4P	12	71972646	71976277	3	3631	0.2721	0	1.60413	5	4.83567	0	0	4.83567	5.57390507798671	NA	NA	NA	NA	NA	NA	NA	NA	NA	NA	NA	NA	NA	NA	NA	NA	NA	NA	NA	NA	NA	NA	NA
AC-P04-TP-NT-SM-63B4O-SM-63B4P	12	72004276	110765589	1570	38761313	0.0074	0.014000840050403	0.99697	2	2	0	0	2	1.78893845439684	0	0.99697	0.99697	0.99697	1	1	1	1	1	1	0.11	0.0138	0.19439	0.11	0.0138	0.19439	0	0	0	0	0	1	1
AC-P04-TP-NT-SM-63B4O-SM-63B4P	12	110771036	110784140	11	13104	0.12697	0	1.433	4	4.42292	0	0	4.42292	4.50710005411337	NA	NA	NA	NA	NA	NA	NA	NA	NA	NA	NA	NA	NA	NA	NA	NA	NA	NA	NA	NA	NA	NA	NA
AC-P04-TP-NT-SM-63B4O-SM-63B4P	12	110813945	120146053	579	9332108	0.01238	0.00337020221213273	1.01274	2	2	0	0	2	1.88724684700177	0	1.01274	1.01132	1.01417	1	1	1	1	0	0	0.06	0	0.23183	0.05	0	0.22455	0	0	0	0	0	1	1
AC-P04-TP-NT-SM-63B4O-SM-63B4P	12	120148384	120152070	7	3686	0.1875	0	1.68871	6	5.51828	0	0	5.51828	6.10116721156473	0	1.68871	1.68871	1.68871	2	2	2.31504	2.31504	0	0	0.05	0.01284	0.96839	0.05	0.01284	0.96839	0	0	0	0	0	2.31504	2.31504
AC-P04-TP-NT-SM-63B4O-SM-63B4P	12	120156584	124140344	564	3983760	0.01243	0.00144008640518431	1.00384	2	2	0	0	2	1.8317652557409	0	1.00384	0.98883	1.01885	1	1	1	1	0	0	0.13	0.00158	0.377	0.04	0	0.299	0	0	0	0	0	1	1
AC-P04-TP-NT-SM-63B4O-SM-63B4P	12	124144409	124144747	3	338	0.2423	0	1.42809	4	4.2617	0	0	4.2617	4.47649167062002	NA	NA	NA	NA	NA	NA	NA	NA	NA	NA	NA	NA	NA	NA	NA	NA	NA	NA	NA	NA	NA	NA	NA
AC-P04-TP-NT-SM-63B4O-SM-63B4P	12	124156107	133779095	449	9622988	0.01372	0.00347020821249275	0.98854	2	2	0	0	2	1.73638678986548	0	0.98854	0.98854	0.98854	1	1	1	1	1	1	0.13	0.00647	0.28925	0.13	0.00647	0.28925	0	0	0	0	0	1	1
AC-P04-TP-NT-SM-63B4O-SM-63B4P	13	19751406	25373627	218	5622221	0.01975	0.00203012180730844	0.99139	2	2	0	0	2	1.75415336684227	0	0.99139	0.99139	0.99139	1	1	1	1	0	1	0.12	0.00145	0.32852	0.12	0.00145	0.32852	0	0	0	0	0	1	1
AC-P04-TP-NT-SM-63B4O-SM-63B4P	13	25376613	25444792	15	68179	0.1106	2.00012000720043e-05	1.45772	5	4.5808	0	0	4.5808	4.6612017323121	0	1.45772	1.45772	1.45772	2	2	2.09794	2.09794	0	0	0.33	0.01755	0.89621	0.33	0.01755	0.89621	0	0	0	0	0	2.09794	2.09794
AC-P04-TP-NT-SM-63B4O-SM-63B4P	13	25451229	115090536	2299	89639307	0.00625	0.032371942316539	1.01842	2	2	0	0	2	1.92265532322219	0	1.01842	1.01842	1.01842	1	1	1	1	0	0	0.04	0	0.10565	0.04	0	0.10565	0	0	0	0	0	1	1
AC-P04-TP-NT-SM-63B4O-SM-63B4P	14	19558773	24727809	895	5169036	0.0097	0.0018701122067324	0.98659	2	2	0	0	2	1.72423071088135	0	0.98659	0.96965	1.00354	1	1	1	1	1	0	0.19	0.01788	0.39426	0.09	0	0.29689	0	0	0	0	0	1	1
AC-P04-TP-NT-SM-63B4O-SM-63B4P	14	24728963	24729779	3	816	0.27031	0	1.59357	5	4.80615	0	0	4.80615	5.50807523487268	0	1.59357	1.59357	1.59357	2	2	2.40161	2.40161	0	0	0.75	0.02542	0.97639	0.75	0.02542	0.97639	0	0	0	0	0	2.40161	2.40161
AC-P04-TP-NT-SM-63B4O-SM-63B4P	14	24731398	75643169	2114	50911771	0.00637	0.018381102866172	0.99546	2	2	0	0	2	1.77952528554247	0	0.99546	0.99546	0.99546	1	1	1	1	1	1	0.11	0.03782	0.173	0.11	0.03782	0.173	0	0	0	0	0	1	1
AC-P04-TP-NT-SM-63B4O-SM-63B4P	14	75746705	75747806	3	1101	0.24508	0	1.4445	4	4.32233	0	0	4.32233	4.57878975068641	NA	NA	NA	NA	NA	NA	NA	NA	NA	NA	NA	NA	NA	NA	NA	NA	NA	NA	NA	NA	NA	NA	NA
AC-P04-TP-NT-SM-63B4O-SM-63B4P	14	75989056	106054579	1415	30065523	0.00774	0.0108606516390983	0.98958	2	2	0	0	2	1.74287003199034	0	0.98958	0.98958	0.98958	1	1	1	1	1	1	0.13	0.05162	0.19586	0.13	0.05162	0.19586	0	0	0	0	0	1	1
AC-P04-TP-NT-SM-63B4O-SM-63B4P	14	106066979	106518830	41	451851	0.05736	0.000160009600576035	1.24945	3	3.27392	0	0	3.27392	3.36287015794116	0	1.24945	1.08982	1.40908	1	2	1.09225	2.05172	0	0	0.18	0.00847	0.9002	0.18	0.00828	0.89885	0	0	0	0	0	1.09225	2.05172
AC-P04-TP-NT-SM-63B4O-SM-63B4P	14	106552437	107283203	66	730766	0.03895	0.000260015600936056	1.07605	2	2.04166	0	0	2.04166	2.28191421135297	0	1.07605	1.0672	1.0849	1	1	1	1	0	1	0.11	0	0.34637	0.17	0.00821	0.3967	0	0	0	0	0	1	1
AC-P04-TP-NT-SM-63B4O-SM-63B4P	15	20170331	74474552	3409	54304221	0.005	0.0196111766706002	0.99158	2	2	0	0	2	1.75533780530739	0	0.99158	0.99158	0.99158	1	1	1	1	1	1	0.12	0.04685	0.18789	0.12	0.04685	0.18789	0	0	0	0	0	1	1
AC-P04-TP-NT-SM-63B4O-SM-63B4P	15	74483211	74487725	5	4514	0.19433	0	1.47881	5	4.55376	0	0	4.55376	4.79267440194039	NA	NA	NA	NA	NA	NA	NA	NA	NA	NA	NA	NA	NA	NA	NA	NA	NA	NA	NA	NA	NA	NA	NA
AC-P04-TP-NT-SM-63B4O-SM-63B4P	15	74554847	80473442	441	5918595	0.01403	0.00214012840770446	1.00148	2	2	0	0	2	1.81705328322678	0	1.00148	1.00148	1.00148	1	1	1	1	0	0	0.09	0.00143	0.20255	0.09	0.00143	0.20255	0	0	0	0	0	1	1
AC-P04-TP-NT-SM-63B4O-SM-63B4P	15	80800547	80889567	13	89020	0.10561	3.00018001080065e-05	1.29539	4	3.66685	0	0	3.66685	3.64925491103379	0	1.29539	1.29539	1.29539	2	2	1.66498	1.66498	0	0	0.82	0.02931	0.97787	0.82	0.02931	0.97787	0	0	0	0	0	1.66498	1.66498
AC-P04-TP-NT-SM-63B4O-SM-63B4P	15	81046601	102500730	933	21454129	0.0095	0.00775046502790167	0.98659	2	2	0	0	2	1.72423071088135	0	0.98659	0.98659	0.98659	1	1	1	1	1	1	0.14	0.04768	0.21841	0.14	0.04768	0.21841	0	0	0	0	0	1	1
AC-P04-TP-NT-SM-63B4O-SM-63B4P	16	105503	1723963	352	1618460	0.01769	0.000580034802088125	1.12881	3	2.99928	0	0	2.99928	2.61081407145674	0	1.12881	0.91765	1.33997	1	2	0.99839	2	1	0	0.35	0.06924	0.6486	0.96	0.62675	1	0	0	0	0	0	0.99839	2
AC-P04-TP-NT-SM-63B4O-SM-63B4P	16	1741914	1748905	3	6991	0.28195	0	1.66234	5	4.98718	0	0	4.98718	5.93677962037943	NA	NA	NA	NA	NA	NA	NA	NA	NA	NA	NA	NA	NA	NA	NA	NA	NA	NA	NA	NA	NA	NA	NA
AC-P04-TP-NT-SM-63B4O-SM-63B4P	16	1774617	23080151	1516	21305534	0.00863	0.00769046142768566	1.14315	3	3	0	0	3	2.70020800613998	0	1.14315	0.95227	1.33404	1	2	1	2	1	0	0.24	0.09445	0.38576	0.95	0.78689	1	0	0	0	0	0	1	2
AC-P04-TP-NT-SM-63B4O-SM-63B4P	16	23085121	23226599	22	141478	0.09672	5.00030001800108e-05	1.54401	5	5.09431	0	0	5.09431	5.1991238120762	0	1.54401	1.54401	1.54401	3	3	2.6641	2.6641	0	0	0.6	0.10124	0.95841	0.6	0.10124	0.95841	0	0	0	0	0	2.6641	2.6641
AC-P04-TP-NT-SM-63B4O-SM-63B4P	16	23364258	28513375	317	5149117	0.01846	0.0018601116066964	1.11738	3	2.93359	0	0	2.93359	2.5395607469498	0	1.11738	1.11738	1.11738	1	1	1	1	1	1	0.27	0.09181	0.43915	0.27	0.09181	0.43915	0	0	0	0	0	1	1
AC-P04-TP-NT-SM-63B4O-SM-63B4P	16	28515284	31234206	550	2718922	0.01456	0.000980058803528212	1.16168	3	3	0	0	3	2.81572192592245	0	1.16168	0.94096	1.38241	1	2	0.99918	2	1	0	0.28	0.02283	0.62801	0.1	0	0.46454	0	0	0	0	0	0.99918	2
AC-P04-TP-NT-SM-63B4O-SM-63B4P	16	31277409	31286944	5	9535	0.23698	0	1.80411	6	5.65579	0	0	5.65579	6.82055773195848	0	1.80411	1.80411	1.80411	3	3	2.70398	2.70398	0	0	0.41	0.01614	0.97149	0.41	0.01614	0.97149	0	0	0	0	0	2.70398	2.70398
AC-P04-TP-NT-SM-63B4O-SM-63B4P	16	31332866	53674986	441	22342120	0.01629	0.00807048422905374	1.1633	3	3	0	0	3	2.82582082230926	0	1.1633	1.1633	1.1633	1	1	1	1	1	1	0.41	0.27046	0.54566	0.41	0.27046	0.54566	0	0	0	0	0	1	1
AC-P04-TP-NT-SM-63B4O-SM-63B4P	16	53679725	70866860	1391	17187135	0.00913	0.00621037262235734	1.15854	3	3	0	0	3	2.79614752181468	0	1.15854	0.96423	1.35284	1	2	1	2	1	0	0.21	0.02617	0.40708	0	0	0.22882	0	0	0	0	0	1	2
AC-P04-TP-NT-SM-63B4O-SM-63B4P	16	70869657	88061172	787	17191515	0.01167	0.00621037262235734	1.11319	3	2.85825	0	0	2.85825	2.51344076185058	0	1.11319	1.02043	1.20595	1	2	0.99999	1.69691	0	0	0.03	0	0.48196	0.55	0.14577	0.90911	0	0	0	0	0	0.99999	1.69691
AC-P04-TP-NT-SM-63B4O-SM-63B4P	16	88071597	88599269	4	527672	0.18291	0.000190011400684041	1.24436	3	3.46177	0	0	3.46177	3.33113967484927	0	1.24436	0.6635	1.82523	0	3	0.50634	2.70888	0	0	1	0.02656	0.9794	0.48	0.01684	0.97258	1	0	0	0	0	0.50634	2.70888
AC-P04-TP-NT-SM-63B4O-SM-63B4P	16	88600471	90141820	214	1541349	0.02272	0.000560033602016121	1.13034	3	2.99532	0	0	2.99532	2.62035191804428	0	1.13034	1.10073	1.15995	1	1	1.00018	1.04199	0	1	0.22	0.01	0.58178	0.4	0.0715	0.75668	0	0	0	0	0	1.00018	1.04199
AC-P04-TP-NT-SM-63B4O-SM-63B4P	17	96988	2222171	225	2125183	0.01914	0.000770046202772166	0.97611	2	1.99992	0	0	1.99992	1.65889957870001	0	0.97611	0.97574	0.97649	1	1	1	1	1	1	0.17	0.04358	0.29289	0.17	0.04171	0.29031	0	0	0	0	0	1	1
AC-P04-TP-NT-SM-63B4O-SM-63B4P	17	2224872	2606697	73	381825	0.0368	0.00014000840050403	1.0691	2	2.01351	0	0	2.01351	2.23858869907623	0	1.0691	0.77171	1.3665	0	2	0.27584	1.94693	0	0	0.81	0.04951	0.97953	0.05	0.00657	0.92143	1	0	0	0	0	0.27584	1.94693
AC-P04-TP-NT-SM-63B4O-SM-63B4P	17	2866739	39633381	4045	36766642	0.0046	0.0132807968478109	0.99402	2	2	0	0	2	1.77054848875419	0	0.99402	0.99402	0.99402	1	1	1	1	1	1	0.11	0.04471	0.17481	0.11	0.04471	0.17481	0	0	0	0	0	1	1
AC-P04-TP-NT-SM-63B4O-SM-63B4P	17	39634675	40825756	339	1191081	0.01649	0.000430025801548093	1.03247	2	2	0	0	2	2.01024143077447	0	1.03247	0.99721	1.06773	1	1	0.99997	1.00004	1	0	0.1	0.00011	0.51364	0.12	0.00065	0.52186	0	0	0	0	0	0.99997	1.00004
AC-P04-TP-NT-SM-63B4O-SM-63B4P	17	40835889	57816252	1547	16980363	0.0074	0.00613036782206932	0.98893	2	2	0	0	2	1.7388180056623	0	0.98893	0.98893	0.98893	1	1	1	1	1	1	0.13	0.05244	0.19864	0.13	0.05244	0.19864	0	0	0	0	0	1	1
AC-P04-TP-NT-SM-63B4O-SM-63B4P	17	57851180	62543818	491	4692638	0.01336	0.00169010140608436	1.00656	2	2	0	0	2	1.84872142745209	0	1.00656	0.95613	1.05698	1	1	0.99574	1.00019	1	0	0.23	0.01012	0.68164	0.08	0	0.55671	0	0	0	0	0	0.99574	1.00019
AC-P04-TP-NT-SM-63B4O-SM-63B4P	17	62551042	73520417	689	10969375	0.01067	0.00396023761425686	0.95152	2	1.7934	0	0	1.7934	1.50560830576689	0	0.95152	0.95152	0.95152	1	1	1	1	1	1	0.25	0.15747	0.32702	0.25	0.15747	0.32702	0	0	0	0	0	1	1
AC-P04-TP-NT-SM-63B4O-SM-63B4P	17	73552175	73700864	39	148689	0.04029	5.00030001800108e-05	0.85493	1	1.00023	0	0	1.00023	0.903477193419987	0	0.85493	0.85493	0.85493	0	0	0.47471	0.47471	0	0	0.55	0.0341	0.96547	0.55	0.0341	0.96547	1	1	0	0	0	0.47471	0.47471
AC-P04-TP-NT-SM-63B4O-SM-63B4P	17	73702510	81052160	932	7349650	0.00955	0.00265015900954057	0.99098	2	2	0	0	2	1.75159747331228	0	0.99098	0.99098	0.99098	1	1	1	1	1	1	0.12	0.01119	0.24617	0.12	0.01119	0.24617	0	0	0	0	0	1	1
AC-P04-TP-NT-SM-63B4O-SM-63B4P	18	166802	19780702	558	19613900	0.01241	0.00708042482548953	0.99614	2	2	0	0	2	1.78376432847026	0	0.99614	0.99614	0.99614	1	1	1	1	1	1	0.11	0.0102	0.20937	0.11	0.0102	0.20937	0	0	0	0	0	1	1
AC-P04-TP-NT-SM-63B4O-SM-63B4P	18	20516868	21096335	40	579467	0.04952	0.000210012600756045	1.06492	2	2.07107	0	0	2.07107	2.21253105284359	0	1.06492	1.06492	1.06492	1	1	1.07382	1.07382	0	0	0.11	0.0079	0.92793	0.11	0.0079	0.92793	0	0	0	0	0	1.07382	1.07382
AC-P04-TP-NT-SM-63B4O-SM-63B4P	18	21099085	61234041	1160	40134956	0.00894	0.0144908694521671	1.03472	2	2	0	0	2	2.02426767575615	0	1.03472	1.03472	1.03472	1	1	1	1	0	0	0.01	0	0.09976	0.01	0	0.09976	0	0	0	0	0	1	1
AC-P04-TP-NT-SM-63B4O-SM-63B4P	18	61259645	61328367	19	68722	0.13591	2.00012000720043e-05	2.01726	7	6.83879	0	1	8.14931067322302	8.14931067322302	0	2.01726	2.01726	2.01726	4	4	3.99988	3.99988	0	0	0.07	0.00056	0.63202	0.07	0.00056	0.63202	0	0	0	0	0	3.99988	3.99988
AC-P04-TP-NT-SM-63B4O-SM-63B4P	18	61378598	77960703	279	16582105	0.01799	0.00599035942156529	1.02179	2	2	0	0	2	1.94366352126142	0	1.02179	1.01958	1.024	1	1	1	1	0	0	0.04	0	0.18703	0.02	0	0.1763	0	0	0	0	0	1	1
AC-P04-TP-NT-SM-63B4O-SM-63B4P	19	111137	45565432	5169	45454295	0.00409	0.0164109846590795	0.99949	2	2	0	0	2	1.80464784877632	0	0.99949	0.99949	0.99949	1	1	1	1	1	1	0.1	0.02812	0.15785	0.1	0.02812	0.15785	0	0	0	0	0	1	1
AC-P04-TP-NT-SM-63B4O-SM-63B4P	19	45572352	45976039	68	403687	0.03811	0.000150009000540032	1.06862	2	2.01716	0	0	2.01716	2.23559643348013	0	1.06862	1.06862	1.06862	1	1	1.06302	1.06302	0	0	0.12	0.0066	0.89701	0.12	0.0066	0.89701	0	0	0	0	0	1.06302	1.06302
AC-P04-TP-NT-SM-63B4O-SM-63B4P	19	45991751	50979515	840	4987764	0.01022	0.00180010800648039	1.00681	2	2	0	0	2	1.85027989911672	0	1.00681	1.00681	1.00681	1	1	1	1	0	0	0.07	0.0018	0.15245	0.07	0.0018	0.15245	0	0	0	0	0	1	1
AC-P04-TP-NT-SM-63B4O-SM-63B4P	19	50983928	51015469	6	31541	0.1145	1.00006000360022e-05	0.95327	2	1.83484	0	0	1.83484	1.51651760741931	0	0.95327	0	1.90654	0	3	0.12876	2.80291	0	0	1	0.07641	0.98893	0.73	0.01942	0.97538	1	0	0	0	0	0.12876	2.80291
AC-P04-TP-NT-SM-63B4O-SM-63B4P	19	51016225	51466681	61	450456	0.03756	0.000160009600576035	0.9971	2	1.99635	0	0	1.99635	1.78974885966245	0	0.9971	0.9971	0.9971	1	1	1	1	0	0	0.11	0	0.31773	0.11	0	0.31773	0	0	0	0	0	1	1
AC-P04-TP-NT-SM-63B4O-SM-63B4P	19	51471340	51559937	19	88597	0.09157	3.00018001080065e-05	1.35802	4	4.02278	0	0	4.02278	4.03968323245719	0	1.35802	1.35802	1.35802	2	2	1.99383	1.99383	0	0	0.02	0.00138	0.75956	0.02	0.00138	0.75956	0	0	0	0	0	1.99383	1.99383
AC-P04-TP-NT-SM-63B4O-SM-63B4P	19	51563215	54778609	371	3215394	0.0146	0.00116006960417625	0.95593	2	1.96745	0	0	1.96745	1.53309974593098	0	0.95593	0.95593	0.95593	1	1	1	1	1	1	0.23	0.13617	0.3203	0.23	0.13617	0.3203	0	0	0	0	0	1	1
AC-P04-TP-NT-SM-63B4O-SM-63B4P	19	54780136	54932506	34	152370	0.04085	6.0003600216013e-05	0.80913	1	0.99751	0	0	0.99751	0.617965184459556	0	0.80913	0.80913	0.80913	0	0	0.3323	0.3323	0	0	0.69	0.04485	0.97545	0.69	0.04485	0.97545	1	1	0	0	0	0.3323	0.3323
AC-P04-TP-NT-SM-63B4O-SM-63B4P	19	54940520	59082558	559	4142038	0.01252	0.00150009000540032	1.00593	2	2	0	0	2	1.84479407885722	0	1.00593	1.00583	1.00602	1	1	1	1	0	0	0.08	0.00278	0.15643	0.08	0.00254	0.15587	0	0	0	0	0	1	1
AC-P04-TP-NT-SM-63B4O-SM-63B4P	20	76851	55111360	2903	55034509	0.00578	0.0198711922715363	1.05895	2	2	0	0	2	2.1753147494922	0	1.05895	1.05895	1.05895	1	1	1	1	0	0	0.09	0.01573	0.15149	0.09	0.01573	0.15149	0	0	0	0	0	1	1
AC-P04-TP-NT-SM-63B4O-SM-63B4P	20	55206886	55748310	7	541424	0.18035	0.000200012000720043	1.62422	5	5.26827	0	0	5.26827	5.69914386095647	NA	NA	NA	NA	NA	NA	NA	NA	NA	NA	NA	NA	NA	NA	NA	NA	NA	NA	NA	NA	NA	NA	NA
AC-P04-TP-NT-SM-63B4O-SM-63B4P	20	55777604	56094347	26	316743	0.0604	0.000110006600396024	1.04709	2	2.07484	0	0	2.07484	2.1013808537221	0	1.04709	0.72042	1.37375	0	2	0.3454	1.87564	0	0	0.97	0.03666	0.9805	0.07	0.01009	0.95505	1	0	0	0	0	0.3454	1.87564
AC-P04-TP-NT-SM-63B4O-SM-63B4P	20	56098989	62904763	537	6805774	0.01336	0.00246014760885653	1.05234	2	2	0	0	2	2.13410875867935	0	1.05234	1.03966	1.06502	1	1	1	1	0	0	0.03	0	0.2535	0.11	0	0.31856	0	0	0	0	0	1	1
AC-P04-TP-NT-SM-63B4O-SM-63B4P	21	10862908	43810090	927	32947182	0.00978	0.0119007140428426	1.01218	2	2	0	0	2	1.883755870473	0	1.01218	1.01218	1.01218	1	1	1	1	0	0	0.06	0	0.13067	0.06	0	0.13067	0	0	0	0	0	1	1
AC-P04-TP-NT-SM-63B4O-SM-63B4P	21	43816150	43836635	5	20485	0.19276	1.00006000360022e-05	1.46679	4	4.50098	0	0	4.50098	4.71774308430492	NA	NA	NA	NA	NA	NA	NA	NA	NA	NA	NA	NA	NA	NA	NA	NA	NA	NA	NA	NA	NA	NA	NA
AC-P04-TP-NT-SM-63B4O-SM-63B4P	21	43846867	48084222	440	4237355	0.01361	0.00153009180550833	0.97069	2	1.99999	0	0	1.99999	1.62511191301081	0	0.97069	0.95998	0.9814	1	1	1	1	1	1	0.22	0.04551	0.39587	0.15	0.01049	0.33024	0	0	0	0	0	1	1
AC-P04-TP-NT-SM-63B4O-SM-63B4P	22	16282534	38329082	1491	22046548	0.00751	0.00796047762865772	0.98543	2	2	0	0	2	1.71699940235746	0	0.98543	0.98543	0.98543	1	1	1	1	1	1	0.14	0.06272	0.20982	0.14	0.06272	0.20982	0	0	0	0	0	1	1
AC-P04-TP-NT-SM-63B4O-SM-63B4P	22	38336776	38343378	5	6602	0.20308	0	1.54553	5	4.834	0	0	4.834	5.20859931979716	NA	NA	NA	NA	NA	NA	NA	NA	NA	NA	NA	NA	NA	NA	NA	NA	NA	NA	NA	NA	NA	NA	NA
AC-P04-TP-NT-SM-63B4O-SM-63B4P	22	38349104	50717074	943	12367970	0.00973	0.00447026821609297	1.0162	2	2	0	0	2	1.90881609484027	0	1.0162	1.0162	1.0162	1	1	1	1	0	0	0.05	0	0.14268	0.05	0	0.14268	0	0	0	0	0	1	1
AC-P04-TP-NT-SM-63B4O-SM-63B4P	22	50718131	50724658	19	6527	0.08204	0	1.21641	3	3.17498	0	0	3.17498	3.1569025427435	0	1.21641	0.72804	1.70477	0	3	0.41988	2.66218	0	0	0.94	0.03047	0.97925	0.1	0.01139	0.96097	1	0	0	0	0	0.41988	2.66218
AC-P04-TP-NT-SM-63B4O-SM-63B4P	22	50728479	51237387	144	508908	0.02593	0.000180010800648039	1.05805	2	2.00002	0	0	2.00002	2.16970425149953	0	1.05805	1.05805	1.05805	1	1	1	1	0	0	0.08	0	0.23333	0.08	0	0.23333	0	0	0	0	0	1	1
