sample	Chromosome	Start.bp	End.bp	n_probes	length	seg_sigma	W	total_copy_ratio	modal_total_cn	expected_total_cn	total_HZ	total_amp	corrected_total_cn	rescaled_total_cn	bi.allelic	copy.ratio	hscr.a1	hscr.a2	modal.a1	modal.a2	expected.a1	expected.a2	subclonal.a1	subclonal.a2	cancer.cell.frac.a1	ccf.ci95.low.a1	ccf.ci95.high.a1	cancer.cell.frac.a2	ccf.ci95.low.a2	ccf.ci95.high.a2	LOH	HZ	SC_HZ	amp.a1	amp.a2	rescaled.cn.a1	rescaled.cn.a2
AC-P10-TR-NT-SM-63B55-SM-63B54	1	69549	13425257	1167	13355708	0.00973	0.00485048504850485	1.0109	4	4.00762	0	0	4.00762	4.03762	0	1.0109	1.0109	1.0109	2	2	2	2	0	0	0.02	0	0.2911	0.02	0	0.2911	0	0	0	0	0	2	2
AC-P10-TR-NT-SM-63B55-SM-63B54	1	13449848	15802995	53	2353147	0.0394	0.00086008600860086	0.87194	2	1.76727	0	0	1.76727	1.008292	0	0.87194	0.55912	1.18477	0	3	0.52114	3.1599	0	0	1	0.03328	0.9835	0.91	0.01741	0.97563	1	0	0	0	0	0.52114	3.1599
AC-P10-TR-NT-SM-63B55-SM-63B54	1	15808823	16785360	169	976537	0.02625	0.00035003500350035	1.03792	5	4.74943	0	0	4.74943	4.626656	0	1.03792	1.03792	1.03792	2	2	2.03243	2.03243	0	0	0.31	0.02042	0.77731	0.31	0.02042	0.77731	0	0	0	0	0	2.03243	2.03243
AC-P10-TR-NT-SM-63B55-SM-63B54	1	16892217	16895649	8	3432	0.0704	0	0.60432	1	0.82626	0	0	0.82626	-4.825824	NA	NA	NA	NA	NA	NA	NA	NA	NA	NA	NA	NA	NA	NA	NA	NA	NA	NA	NA	NA	NA	NA	NA
AC-P10-TR-NT-SM-63B55-SM-63B54	1	16901084	27159017	1003	10257933	0.01053	0.00373037303730373	1.01372	4	4.02364	0	0	4.02364	4.099096	0	1.01372	1.01372	1.01372	2	2	2	2	0	0	0.05	0	0.31928	0.05	0	0.31928	0	0	0	0	0	2	2
AC-P10-TR-NT-SM-63B55-SM-63B54	1	27176860	27226707	17	49847	0.07672	2.000200020002e-05	0.96183	4	4.12411	0	0	4.12411	2.967894	0	0.96183	0.96183	0.96183	2	2	1.6034	1.6034	0	0	0.52	0.01708	0.97326	0.52	0.01708	0.97326	0	0	0	0	0	1.6034	1.6034
AC-P10-TR-NT-SM-63B55-SM-63B54	1	27240165	27269458	5	29293	0.20324	1.000100010001e-05	1.38308	7	5.96492	0	1	12.151144	12.151144	0	1.38308	1.38308	1.38308	3	3	3.39442	3.39442	0	0	0.08	0.01493	0.97403	0.08	0.01493	0.97403	0	0	0	0	0	3.39442	3.39442
AC-P10-TR-NT-SM-63B55-SM-63B54	1	27272117	43393377	1442	16121260	0.0086	0.00586058605860586	0.99303	4	3.90677	0	0	3.90677	3.648054	0	0.99303	0.99303	0.99303	2	2	2	2	0	0	0.18	0.00842	0.42211	0.18	0.00842	0.42211	0	0	0	0	0	2	2
AC-P10-TR-NT-SM-63B55-SM-63B54	1	43395357	43613688	5	218331	0.10224	8.000800080008e-05	0.69424	2	2.14762	0	0	2.14762	-2.865568	0	0.69424	0.69424	0.69424	0	0	0.14181	0.14181	0	0	1	0.07711	0.9886	1	0.07711	0.9886	1	1	0	0	0	0.14181	0.14181
AC-P10-TR-NT-SM-63B55-SM-63B54	1	43630138	47283843	626	3653705	0.01295	0.00133013301330133	0.98515	4	3.5741	0	0	3.5741	3.47627	0	0.98515	0.98515	0.98515	2	2	1.99948	1.99948	0	0	0.26	0.01835	0.61183	0.26	0.01835	0.61183	0	0	0	0	0	1.99948	1.99948
AC-P10-TR-NT-SM-63B55-SM-63B54	1	47395884	47407007	12	11123	0.15325	0	1.61622	7	6.57866	0	1	17.233596	17.233596	NA	NA	NA	NA	NA	NA	NA	NA	NA	NA	NA	NA	NA	NA	NA	NA	NA	NA	NA	NA	NA	NA	NA
AC-P10-TR-NT-SM-63B55-SM-63B54	1	47495732	57258102	524	9762370	0.01486	0.00355035503550355	1.03437	5	4.66306	0	0	4.66306	4.549266	0	1.03437	1.03437	1.03437	2	2	2.00009	2.00009	0	0	0.27	0.02757	0.57913	0.27	0.02757	0.57913	0	0	0	0	0	2.00009	2.00009
AC-P10-TR-NT-SM-63B55-SM-63B54	1	57340693	57431575	20	90882	0.13036	3.000300030003e-05	1.77513	7	6.83077	0	1	20.697834	20.697834	NA	NA	NA	NA	NA	NA	NA	NA	NA	NA	NA	NA	NA	NA	NA	NA	NA	NA	NA	NA	NA	NA	NA
AC-P10-TR-NT-SM-63B55-SM-63B54	1	57476881	85117622	858	27640741	0.01142	0.01004100410041	1.0169	4	4.06254	0	0	4.06254	4.16842	0	1.0169	1.0169	1.0169	2	2	2	2	0	0	0.08	0	0.35107	0.08	0	0.35107	0	0	0	0	0	2	2
AC-P10-TR-NT-SM-63B55-SM-63B54	1	85122098	86123591	67	1001493	0.03858	0.00036003600360036	0.96015	3	3.32551	0	0	3.32551	2.93127	0	0.96015	0.96015	0.96015	1	1	1.49433	1.49433	0	0	0.53	0.02227	0.97034	0.53	0.02227	0.97034	0	0	0	0	0	1.49433	1.49433
AC-P10-TR-NT-SM-63B55-SM-63B54	1	86144423	94568634	458	8424211	0.01502	0.00306030603060306	0.97723	3	3.31096	0	0	3.31096	3.303614	0	0.97723	0.97723	0.97723	2	2	1.99928	1.99928	0	0	0.35	0.07429	0.62909	0.35	0.07429	0.62909	0	0	0	0	0	1.99928	1.99928
AC-P10-TR-NT-SM-63B55-SM-63B54	1	94577064	94930379	24	353315	0.08687	0.00013001300130013	1.29494	7	6.64869	0	1	10.229692	10.229692	0	1.29494	1.29494	1.29494	3	3	2.99063	2.99063	0	0	0.11	0.01504	0.97424	0.11	0.01504	0.97424	0	0	0	0	0	2.99063	2.99063
AC-P10-TR-NT-SM-63B55-SM-63B54	1	94946090	119619101	1066	24673011	0.00983	0.00897089708970897	0.97633	3	3.13864	0	0	3.13864	3.283994	0	0.97633	0.97633	0.97633	2	2	1.99983	1.99983	0	0	0.36	0.10587	0.60514	0.36	0.10587	0.60514	0	0	0	0	0	1.99983	1.99983
AC-P10-TR-NT-SM-63B55-SM-63B54	1	119927537	120506313	33	578776	0.07344	0.00021002100210021	1.28365	7	6.75567	0	1	9.98357	9.98357	0	1.28365	1.28365	1.28365	5	5	4.79213	4.79213	0	0	0.99	0.04878	0.98226	0.99	0.04878	0.98226	0	0	0	0	0	4.79213	4.79213
AC-P10-TR-NT-SM-63B55-SM-63B54	1	120509055	145517330	101	25008275	0.0356	0.00909090909090909	1.0881	6	5.81913	0	0	5.81913	5.72058	0	1.0881	0.55875	1.61744	0	7	0.00809	6.90871	1	0	NA	NA	NA	NA	NA	NA	1	0	0	0	1	0.00809	8.630096
AC-P10-TR-NT-SM-63B55-SM-63B54	1	145522716	155151028	1164	9628312	0.01006	0.0035003500350035	1.04339	5	4.94918	0	0	4.94918	4.745902	0	1.04339	1.04339	1.04339	2	2	2.00509	2.00509	0	0	0.37	0.07913	0.67584	0.37	0.07913	0.67584	0	0	0	0	0	2.00509	2.00509
AC-P10-TR-NT-SM-63B55-SM-63B54	1	155154476	155160699	7	6223	0.08094	0	0.65016	1	1.29471	0	0	1.29471	-3.826512	NA	NA	NA	NA	NA	NA	NA	NA	NA	NA	NA	NA	NA	NA	NA	NA	NA	NA	NA	NA	NA	NA	NA
AC-P10-TR-NT-SM-63B55-SM-63B54	1	155165660	173456937	1549	18291277	0.0084	0.00665066506650665	1.00573	4	3.99792	0	0	3.99792	3.924914	0	1.00573	1.00573	1.00573	2	2	2	2	0	0	0.04	0	0.29466	0.04	0	0.29466	0	0	0	0	0	2	2
AC-P10-TR-NT-SM-63B55-SM-63B54	1	173476087	173503721	7	27634	0.17477	1.000100010001e-05	1.40731	7	6.16098	0	1	12.679358	12.679358	0	1.40731	1.40731	1.40731	3	3	3.47717	3.47717	0	0	0.34	0.01525	0.97435	0.34	0.01525	0.97435	0	0	0	0	0	3.47717	3.47717
AC-P10-TR-NT-SM-63B55-SM-63B54	1	173516875	173873114	52	356239	0.04617	0.00013001300130013	1.01242	4	4.45081	0	0	4.45081	4.070756	0	1.01242	1.01242	1.01242	2	2	2.00859	2.00859	0	0	0.04	0.00206	0.78238	0.04	0.00206	0.78238	0	0	0	0	0	2.00859	2.00859
AC-P10-TR-NT-SM-63B55-SM-63B54	1	173878884	173883873	4	4989	0.25066	0	1.52606	7	5.94191	0	1	15.268108	15.268108	0	1.52606	1.52606	1.52606	5	5	4.42997	4.42997	0	0	NA	NA	NA	NA	NA	NA	0	0	0	1	1	7.634054	7.634054
AC-P10-TR-NT-SM-63B55-SM-63B54	1	173910460	175092667	53	1182207	0.04641	0.00043004300430043	1.0274	5	4.73742	0	0	4.73742	4.39732	0	1.0274	1.0274	1.0274	2	2	2.11418	2.11418	0	0	0.2	0.00909	0.90427	0.2	0.00909	0.90427	0	0	0	0	0	2.11418	2.11418
AC-P10-TR-NT-SM-63B55-SM-63B54	1	175097233	175106040	4	8807	0.2598	0	1.58182	7	5.96319	0	1	16.483676	16.483676	NA	NA	NA	NA	NA	NA	NA	NA	NA	NA	NA	NA	NA	NA	NA	NA	NA	NA	NA	NA	NA	NA	NA
AC-P10-TR-NT-SM-63B55-SM-63B54	1	175116136	186158826	659	11042690	0.01269	0.00401040104010401	0.99023	4	3.76705	0	0	3.76705	3.587014	0	0.99023	0.99004	0.99043	2	2	2	2	0	0	0.21	0.01292	0.48445	0.2	0.01199	0.48027	0	0	0	0	0	2	2
AC-P10-TR-NT-SM-63B55-SM-63B54	1	186269283	186273314	3	4031	0.27664	0	1.45842	7	5.78177	0	1	13.793556	13.793556	NA	NA	NA	NA	NA	NA	NA	NA	NA	NA	NA	NA	NA	NA	NA	NA	NA	NA	NA	NA	NA	NA	NA
AC-P10-TR-NT-SM-63B55-SM-63B54	1	186278963	196205157	131	9926194	0.02733	0.00361036103610361	0.95113	3	2.96744	0	0	2.96744	2.734634	0	0.95113	0.95113	0.95113	1	1	1.5645	1.5645	0	0	0.63	0.01772	0.97452	0.63	0.01772	0.97452	0	0	0	0	0	1.5645	1.5645
AC-P10-TR-NT-SM-63B55-SM-63B54	1	196250053	197032086	80	782033	0.05541	0.00028002800280028	1.50867	7	6.9966	0	1	14.889006	14.889006	0	1.50867	1.50867	1.50867	6	6	6.05645	6.05645	0	0	NA	NA	NA	NA	NA	NA	0	0	0	1	1	7.444503	7.444503
AC-P10-TR-NT-SM-63B55-SM-63B54	1	197056017	204103736	569	7047719	0.01341	0.00256025602560256	0.97275	3	3.14866	0	0	3.14866	3.20595	0	0.97275	0.97252	0.97298	2	2	1.98124	1.98449	0	0	0.4	0.09376	0.70988	0.39	0.09011	0.70508	0	0	0	0	0	1.98124	1.98449
AC-P10-TR-NT-SM-63B55-SM-63B54	1	204109204	204116645	3	7441	0.47821	0	2.52334	7	5.87276	0	1	37.008812	37.008812	NA	NA	NA	NA	NA	NA	NA	NA	NA	NA	NA	NA	NA	NA	NA	NA	NA	NA	NA	NA	NA	NA	NA
AC-P10-TR-NT-SM-63B55-SM-63B54	1	204124996	207252331	336	3127335	0.01842	0.00114011401140114	1.0269	4	4.44771	0	0	4.44771	4.38642	0	1.0269	1.0269	1.0269	2	2	2.00013	2.00013	0	0	0.19	0.00674	0.56534	0.19	0.00674	0.56534	0	0	0	0	0	2.00013	2.00013
AC-P10-TR-NT-SM-63B55-SM-63B54	1	207263739	207317250	15	53511	0.1243	2.000200020002e-05	1.46528	7	6.61426	0	1	13.943104	13.943104	0	1.46528	1.46528	1.46528	4	4	4.28336	4.28336	0	0	0.97	0.01666	0.97541	0.97	0.01666	0.97541	0	0	0	0	0	4.28336	4.28336
AC-P10-TR-NT-SM-63B55-SM-63B54	1	207495819	209824275	151	2328456	0.02596	0.00085008500850085	0.97013	3	3.33394	0	0	3.33394	3.148834	0	0.97013	0.97013	0.97013	2	2	1.78876	1.78876	0	0	0.43	0.04629	0.871	0.43	0.04629	0.871	0	0	0	0	0	1.78876	1.78876
AC-P10-TR-NT-SM-63B55-SM-63B54	1	209879220	209907757	5	28537	0.21418	1.000100010001e-05	1.45769	7	6.01927	0	1	13.777642	13.777642	NA	NA	NA	NA	NA	NA	NA	NA	NA	NA	NA	NA	NA	NA	NA	NA	NA	NA	NA	NA	NA	NA	NA
AC-P10-TR-NT-SM-63B55-SM-63B54	1	209935933	213445921	193	3509988	0.02313	0.00128012801280128	0.97712	3	3.44672	0	0	3.44672	3.301216	0	0.97712	0.97675	0.97749	2	2	1.94302	1.95052	0	0	0.35	0.02953	0.79887	0.35	0.02763	0.79226	0	0	0	0	0	1.94302	1.95052
AC-P10-TR-NT-SM-63B55-SM-63B54	1	214178561	214492263	7	313702	0.19942	0.00011001100110011	1.60628	7	6.2783	0	1	17.016904	17.016904	NA	NA	NA	NA	NA	NA	NA	NA	NA	NA	NA	NA	NA	NA	NA	NA	NA	NA	NA	NA	NA	NA	NA
AC-P10-TR-NT-SM-63B55-SM-63B54	1	214501015	220870013	262	6368998	0.02054	0.00231023102310231	1.01115	4	4.12093	0	0	4.12093	4.04307	0	1.01115	1.01115	1.01115	2	2	2	2	0	0	0.02	0	0.42483	0.02	0	0.42483	0	0	0	0	0	2	2
AC-P10-TR-NT-SM-63B55-SM-63B54	1	220935080	222705380	21	1770300	0.09941	0.00064006400640064	1.38651	7	6.70325	0	1	12.225918	12.225918	0	1.38651	1.38651	1.38651	6	6	5.50761	5.50761	0	0	0.11	0.01247	0.96573	0.11	0.01247	0.96573	0	0	0	0	0	5.50761	5.50761
AC-P10-TR-NT-SM-63B55-SM-63B54	1	222713517	234367324	653	11653807	0.01266	0.00423042304230423	0.98387	4	3.51683	0	0	3.51683	3.448366	0	0.98387	0.98387	0.98387	2	2	1.99999	1.99999	0	0	0.28	0.03813	0.54019	0.28	0.03813	0.54019	0	0	0	0	0	1.99999	1.99999
AC-P10-TR-NT-SM-63B55-SM-63B54	1	234452410	234455888	3	3478	0.29493	0	1.55506	7	5.8192	0	1	15.900308	15.900308	NA	NA	NA	NA	NA	NA	NA	NA	NA	NA	NA	NA	NA	NA	NA	NA	NA	NA	NA	NA	NA	NA	NA
AC-P10-TR-NT-SM-63B55-SM-63B54	1	234509525	241676957	348	7167432	0.01779	0.0026002600260026	1.00891	4	4.05091	0	0	4.05091	3.994238	0	1.00891	1.00891	1.00891	2	2	2	2	0	0	0	0	0.3955	0	0	0.3955	0	0	0	0	0	2	2
AC-P10-TR-NT-SM-63B55-SM-63B54	1	241695771	241731873	8	36102	0.17256	1.000100010001e-05	1.4856	7	6.29394	0	1	14.38608	14.38608	0	1.4856	1.4856	1.4856	4	4	3.81136	3.81136	0	0	NA	NA	NA	NA	NA	NA	0	0	0	1	1	7.19304	7.19304
AC-P10-TR-NT-SM-63B55-SM-63B54	1	241750009	246704418	149	4954409	0.02623	0.0018001800180018	0.97355	3	3.40929	0	0	3.40929	3.22339	0	0.97355	0.96002	0.98708	1	2	1.45604	1.87078	0	0	0.54	0.03868	0.96101	0.24	0.01074	0.90079	0	0	0	0	0	1.45604	1.87078
AC-P10-TR-NT-SM-63B55-SM-63B54	1	246719948	246929400	15	209452	0.09703	8.000800080008e-05	1.14317	7	5.96692	0	0	5.96692	6.921106	0	1.14317	0.74851	1.53784	1	4	1.70313	3.80723	0	0	1	0.01704	0.97605	NA	NA	NA	0	0	0	0	1	1.70313	7.762456
AC-P10-TR-NT-SM-63B55-SM-63B54	1	247006036	249211681	118	2205645	0.02873	0.0008000800080008	0.94881	3	2.94052	0	0	2.94052	2.684058	0	0.94881	0.94881	0.94881	1	1	1.06735	1.06735	0	0	0.66	0.18328	0.9648	0.66	0.18328	0.9648	0	0	0	0	0	1.06735	1.06735
AC-P10-TR-NT-SM-63B55-SM-63B54	2	45912	20240711	520	20194799	0.01404	0.00734073407340734	0.97362	3	3.18521	0	0	3.18521	3.224916	0	0.97362	0.97362	0.97362	2	2	1.99616	1.99616	0	0	0.39	0.1088	0.6634	0.39	0.1088	0.6634	0	0	0	0	0	1.99616	1.99616
AC-P10-TR-NT-SM-63B55-SM-63B54	2	20402915	20405144	3	2229	0.39118	0	2.06354	7	5.88422	0	1	26.985172	26.985172	0	2.06354	2.06354	2.06354	5	5	4.40793	4.40793	0	0	NA	NA	NA	NA	NA	NA	0	0	0	1	1	13.492586	13.492586
AC-P10-TR-NT-SM-63B55-SM-63B54	2	20453678	21001146	31	547468	0.0663	0.0002000200020002	1.12293	7	6.09152	0	0	6.09152	6.479874	0	1.12293	1.12293	1.12293	3	3	3.11005	3.11005	0	0	0.24	0.01347	0.96418	0.24	0.01347	0.96418	0	0	0	0	0	3.11005	3.11005
AC-P10-TR-NT-SM-63B55-SM-63B54	2	21227232	21265290	26	38058	0.10873	1.000100010001e-05	1.68801	7	6.89336	0	1	18.798618	18.798618	0	1.68801	1.68801	1.68801	7	7	6.98852	6.98852	0	0	NA	NA	NA	NA	NA	NA	0	0	0	1	1	9.399309	9.399309
AC-P10-TR-NT-SM-63B55-SM-63B54	2	23980629	27708298	567	3727669	0.01361	0.00135013501350135	0.98517	4	3.57773	0	0	3.57773	3.476706	0	0.98517	0.98517	0.98517	2	2	1.99967	1.99967	0	0	0.26	0.01929	0.60088	0.26	0.01929	0.60088	0	0	0	0	0	1.99967	1.99967
AC-P10-TR-NT-SM-63B55-SM-63B54	2	27715594	27746220	22	30626	0.11194	1.000100010001e-05	1.59834	7	6.82825	0	1	16.843812	16.843812	0	1.59834	1.59834	1.59834	4	4	4.10878	4.10878	0	0	NA	NA	NA	NA	NA	NA	0	0	0	1	1	8.421906	8.421906
AC-P10-TR-NT-SM-63B55-SM-63B54	2	27805994	44050004	733	16244010	0.0117	0.0059005900590059	0.96335	3	3.01294	0	0	3.01294	3.00103	0	0.96335	0.96335	0.96335	2	2	1.52529	1.52529	0	0	0.5	0.22347	0.76544	0.5	0.22347	0.76544	0	0	0	0	0	1.52529	1.52529
AC-P10-TR-NT-SM-63B55-SM-63B54	2	44051464	44079558	8	28094	0.20203	1.000100010001e-05	1.73988	7	6.39389	0	1	19.929384	19.929384	0	1.73988	1.73988	1.73988	7	7	6.77117	6.77117	0	0	NA	NA	NA	NA	NA	NA	0	0	0	1	1	9.964692	9.964692
AC-P10-TR-NT-SM-63B55-SM-63B54	2	44099195	54753629	318	10654434	0.01843	0.00387038703870387	0.99933	4	3.90762	0	0	3.90762	3.785394	0	0.99933	0.99933	0.99933	2	2	2	2	0	0	0.11	0	0.47312	0.11	0	0.47312	0	0	0	0	0	2	2
AC-P10-TR-NT-SM-63B55-SM-63B54	2	54826304	54870192	17	43888	0.1069	2.000200020002e-05	1.34135	7	6.55896	0	1	11.24143	11.24143	0	1.34135	1.0423	1.64041	2	6	2.30156	5.47053	0	0	0.36	0.01531	0.97385	NA	NA	NA	0	0	0	0	1	2.30156	8.880469
AC-P10-TR-NT-SM-63B55-SM-63B54	2	54872477	62107474	279	7234997	0.01909	0.00263026302630263	0.96975	3	3.21658	0	0	3.21658	3.14055	0	0.96975	0.96975	0.96975	2	2	1.86649	1.86649	0	0	0.43	0.0752	0.80753	0.43	0.0752	0.80753	0	0	0	0	0	1.86649	1.86649
AC-P10-TR-NT-SM-63B55-SM-63B54	2	62227976	63215119	22	987143	0.086	0.00036003600360036	1.22735	7	6.46307	0	1	8.75623	8.75623	0	1.22735	0.9215	1.53321	1	5	1.66358	5.20559	0	0	0.96	0.0175	0.97574	NA	NA	NA	0	0	0	0	1	1.66358	7.711989
AC-P10-TR-NT-SM-63B55-SM-63B54	2	63220733	98129734	1336	34909001	0.00898	0.0126912691269127	0.99805	4	3.97048	0	0	3.97048	3.75749	0	0.99805	0.99805	0.99805	2	2	2	2	0	0	0.12	0.00039	0.41078	0.12	0.00039	0.41078	0	0	0	0	0	2	2
AC-P10-TR-NT-SM-63B55-SM-63B54	2	98169666	98409147	34	239481	0.05068	9.000900090009e-05	0.89823	2	2.496	0	0	2.496	1.581414	0	0.89823	0.46479	1.33167	0	4	0.45487	3.98698	0	0	1	0.03683	0.98451	0.52	0.01581	0.97429	1	0	0	0	0	0.45487	3.98698
AC-P10-TR-NT-SM-63B55-SM-63B54	2	98409936	121554970	933	23145034	0.01071	0.00841084108410841	0.99462	4	3.90722	0	0	3.90722	3.682716	0	0.99462	0.99462	0.99462	2	2	2	2	0	0	0.16	0.00486	0.41598	0.16	0.00486	0.41598	0	0	0	0	0	2	2
AC-P10-TR-NT-SM-63B55-SM-63B54	2	121708919	122125285	23	416366	0.05996	0.00015001500150015	0.8741	2	2.42069	0	0	2.42069	1.05538	0	0.8741	0.53248	1.21572	0	3	0.80088	3.12174	0	0	1	0.02605	0.98123	0.25	0.01505	0.97382	1	0	0	0	0	0.80088	3.12174
AC-P10-TR-NT-SM-63B55-SM-63B54	2	122154787	135470829	339	13316042	0.01751	0.00484048404840484	0.98009	3	3.44596	0	0	3.44596	3.365962	0	0.98009	0.96899	0.99118	2	2	1.65035	1.94215	0	0	0.44	0.02994	0.93601	0.2	0.00778	0.84485	0	0	0	0	0	1.65035	1.94215
AC-P10-TR-NT-SM-63B55-SM-63B54	2	135616878	135630124	5	13246	0.23662	0	1.61077	7	6.09053	0	1	17.114786	17.114786	NA	NA	NA	NA	NA	NA	NA	NA	NA	NA	NA	NA	NA	NA	NA	NA	NA	NA	NA	NA	NA	NA	NA
AC-P10-TR-NT-SM-63B55-SM-63B54	2	135677420	166929999	978	31252579	0.01022	0.0113611361136114	0.97169	3	3.0579	0	0	3.0579	3.182842	0	0.97169	0.97169	0.97169	2	2	1.99618	1.99618	0	0	0.41	0.15216	0.65659	0.41	0.15216	0.65659	0	0	0	0	0	1.99618	1.99618
AC-P10-TR-NT-SM-63B55-SM-63B54	2	167060599	167168137	14	107538	0.11326	4.000400040004e-05	1.28951	7	6.38229	0	1	10.111318	10.111318	0	1.28951	1.28951	1.28951	4	4	3.59938	3.59938	0	0	0.06	0.01452	0.9731	0.06	0.01452	0.9731	0	0	0	0	0	3.59938	3.59938
AC-P10-TR-NT-SM-63B55-SM-63B54	2	167279855	169780231	64	2500376	0.03885	0.00091009100910091	0.9449	3	3.03644	0	0	3.03644	2.59882	0	0.9449	0.9449	0.9449	1	1	1.24608	1.24608	0	0	0.7	0.05885	0.97589	0.7	0.05885	0.97589	0	0	0	0	0	1.24608	1.24608
AC-P10-TR-NT-SM-63B55-SM-63B54	2	169783768	169939967	19	156199	0.11378	6.000600060006e-05	1.50963	7	6.74334	0	1	14.909934	14.909934	0	1.50963	1.50963	1.50963	7	7	6.56476	6.56476	0	0	NA	NA	NA	NA	NA	NA	0	0	0	1	1	7.454967	7.454967
AC-P10-TR-NT-SM-63B55-SM-63B54	2	169952165	173787018	330	3834853	0.01795	0.00139013901390139	0.99148	4	3.75644	0	0	3.75644	3.614264	0	0.99148	0.99148	0.99148	2	2	1.99913	1.99913	0	0	0.19	0.00632	0.61598	0.19	0.00632	0.61598	0	0	0	0	0	1.99913	1.99913
AC-P10-TR-NT-SM-63B55-SM-63B54	2	173830350	173848265	3	17915	0.37607	1.000100010001e-05	1.98373	7	5.88219	0	1	25.245314	25.245314	NA	NA	NA	NA	NA	NA	NA	NA	NA	NA	NA	NA	NA	NA	NA	NA	NA	NA	NA	NA	NA	NA	NA
AC-P10-TR-NT-SM-63B55-SM-63B54	2	173852961	201440108	1281	27587147	0.00911	0.01002100210021	0.99119	4	3.84897	0	0	3.84897	3.607942	0	0.99119	0.99119	0.99119	2	2	2	2	0	0	0.2	0.01288	0.44188	0.2	0.01288	0.44188	0	0	0	0	0	2	2
AC-P10-TR-NT-SM-63B55-SM-63B54	2	201457897	201535376	33	77479	0.08614	3.000300030003e-05	1.50623	7	6.91114	0	1	14.835814	14.835814	0	1.50623	1.50623	1.50623	7	7	6.45942	6.45942	0	0	NA	NA	NA	NA	NA	NA	0	0	0	1	1	7.417907	7.417907
AC-P10-TR-NT-SM-63B55-SM-63B54	2	201681896	209207325	485	7525429	0.01477	0.00273027302730273	0.98884	4	3.70492	0	0	3.70492	3.556712	0	0.98884	0.98884	0.98884	2	2	1.99999	1.99999	0	0	0.22	0.01358	0.52364	0.22	0.01358	0.52364	0	0	0	0	0	1.99999	1.99999
AC-P10-TR-NT-SM-63B55-SM-63B54	2	209212664	209219971	8	7307	0.18171	0	1.56461	7	6.33693	0	1	16.108498	16.108498	NA	NA	NA	NA	NA	NA	NA	NA	NA	NA	NA	NA	NA	NA	NA	NA	NA	NA	NA	NA	NA	NA	NA
AC-P10-TR-NT-SM-63B55-SM-63B54	2	209302316	211336741	67	2034425	0.04062	0.00074007400740074	1.0112	4	4.35301	0	0	4.35301	4.04416	0	1.0112	1.0112	1.0112	2	2	2.00646	2.00646	0	0	0.02	0.00218	0.79988	0.02	0.00218	0.79988	0	0	0	0	0	2.00646	2.00646
AC-P10-TR-NT-SM-63B55-SM-63B54	2	211438076	211542659	36	104583	0.08725	4.000400040004e-05	1.59371	7	6.94457	0	1	16.742878	16.742878	0	1.59371	1.59371	1.59371	5	5	5.08063	5.08063	0	0	NA	NA	NA	NA	NA	NA	0	0	0	1	1	8.371439	8.371439
AC-P10-TR-NT-SM-63B55-SM-63B54	2	212251726	219616477	406	7364751	0.01725	0.00268026802680268	1.05714	5	5.064	0	0	5.064	5.045652	0	1.05714	1.05683	1.05745	3	3	2.62068	2.66885	0	0	0.52	0.16694	0.85706	0.53	0.17313	0.86273	0	0	0	0	0	2.62068	2.66885
AC-P10-TR-NT-SM-63B55-SM-63B54	2	219617872	219647032	4	29160	0.25325	1.000100010001e-05	1.54184	7	5.94841	0	1	15.612112	15.612112	NA	NA	NA	NA	NA	NA	NA	NA	NA	NA	NA	NA	NA	NA	NA	NA	NA	NA	NA	NA	NA	NA	NA
AC-P10-TR-NT-SM-63B55-SM-63B54	2	219677044	241569834	1157	21892790	0.00963	0.00796079607960796	0.99554	4	3.93725	0	0	3.93725	3.702772	0	0.99554	0.99554	0.99554	2	2	2	2	0	0	0.15	0.00357	0.40232	0.15	0.00357	0.40232	0	0	0	0	0	2	2
AC-P10-TR-NT-SM-63B55-SM-63B54	2	241621950	241637673	4	15723	0.10289	1.000100010001e-05	0.62461	1	1.78383	0	0	1.78383	-4.383502	0	0.62461	0.62461	0.62461	0	0	0.10257	0.10257	0	0	1	0.095	0.98999	1	0.095	0.98999	1	1	0	0	0	0.10257	0.10257
AC-P10-TR-NT-SM-63B55-SM-63B54	2	241658518	241726700	14	68182	0.09657	2.000200020002e-05	1.09908	6	5.69194	0	0	5.69194	5.959944	NA	NA	NA	NA	NA	NA	NA	NA	NA	NA	NA	NA	NA	NA	NA	NA	NA	NA	NA	NA	NA	NA	NA
AC-P10-TR-NT-SM-63B55-SM-63B54	2	241808682	241829498	7	20816	0.23548	1.000100010001e-05	1.89724	7	6.34152	0	1	23.359832	23.359832	0	1.89724	1.89724	1.89724	7	7	6.64876	6.64876	0	0	NA	NA	NA	NA	NA	NA	0	0	0	1	1	11.679916	11.679916
AC-P10-TR-NT-SM-63B55-SM-63B54	2	241835157	242814645	137	979488	0.02969	0.00036003600360036	1.05701	5	5.16615	0	0	5.16615	5.042818	0	1.05701	1.05491	1.05911	2	3	2.46969	2.57554	0	0	0.5	0.04198	0.94743	0.54	0.0524	0.95612	0	0	0	0	0	2.46969	2.57554
AC-P10-TR-NT-SM-63B55-SM-63B54	3	369943	8667960	164	8298017	0.02586	0.00302030203020302	1.00699	4	4.09649	0	0	4.09649	3.952382	0	1.00699	0.99732	1.01665	2	2	1.96423	2.01938	0	0	0.13	0.00495	0.82255	0.08	0.00325	0.79713	0	0	0	0	0	1.96423	2.01938
AC-P10-TR-NT-SM-63B55-SM-63B54	3	8671380	8794786	6	123406	0.0995	4.000400040004e-05	0.74033	2	2.37553	0	0	2.37553	-1.860806	0	0.74033	0.74033	0.74033	0	0	0.75987	0.75987	0	0	1	0.02454	0.97995	1	0.02454	0.97995	1	1	0	0	0	0.75987	0.75987
AC-P10-TR-NT-SM-63B55-SM-63B54	3	8923091	50231249	2683	41308158	0.00633	0.015011501150115	0.9978	4	3.98621	0	0	3.98621	3.75204	0	0.9978	0.9978	0.9978	2	2	2	2	0	0	0.12	0.00095	0.36094	0.12	0.00095	0.36094	0	0	0	0	0	2	2
AC-P10-TR-NT-SM-63B55-SM-63B54	3	50232292	50256307	8	24015	0.18326	1.000100010001e-05	1.57797	7	6.34288	0	1	16.399746	16.399746	NA	NA	NA	NA	NA	NA	NA	NA	NA	NA	NA	NA	NA	NA	NA	NA	NA	NA	NA	NA	NA	NA	NA
AC-P10-TR-NT-SM-63B55-SM-63B54	3	50289899	52802486	501	2512587	0.0148	0.00091009100910091	1.00762	4	4.01246	0	0	4.01246	3.966116	0	1.00762	1.00762	1.00762	2	2	1.99938	1.99938	0	0	0.02	0	0.62202	0.02	0	0.62202	0	0	0	0	0	1.99938	1.99938
AC-P10-TR-NT-SM-63B55-SM-63B54	3	52812022	52867392	51	55370	0.07895	2.000200020002e-05	1.71669	7	6.98782	0	1	19.423842	19.423842	0	1.71669	1.71669	1.71669	7	7	6.99999	6.99999	0	0	NA	NA	NA	NA	NA	NA	0	0	0	1	1	9.711921	9.711921
AC-P10-TR-NT-SM-63B55-SM-63B54	3	52876901	108682357	1199	55805456	0.00959	0.0202820282028203	1.00959	4	4.00414	0	0	4.00414	4.009062	0	1.00959	1.00959	1.00959	2	2	2	2	0	0	0	0	0.30573	0	0	0.30573	0	0	0	0	0	2	2
AC-P10-TR-NT-SM-63B55-SM-63B54	3	108690212	108719454	3	29242	0.25384	1.000100010001e-05	1.338	7	5.71059	0	1	11.1684	11.1684	0	1.338	1.338	1.338	3	3	3.26626	3.26626	0	0	0.58	0.01555	0.97466	0.58	0.01555	0.97466	0	0	0	0	0	3.26626	3.26626
AC-P10-TR-NT-SM-63B55-SM-63B54	3	108724039	124281812	746	15557773	0.01172	0.00565056505650565	0.97353	3	3.12139	0	0	3.12139	3.222954	0	0.97353	0.97353	0.97353	2	2	1.99845	1.99845	0	0	0.39	0.12791	0.64238	0.39	0.12791	0.64238	0	0	0	0	0	1.99845	1.99845
AC-P10-TR-NT-SM-63B55-SM-63B54	3	124356102	133375610	643	9019508	0.01335	0.00328032803280328	1.02981	4	4.49148	0	0	4.49148	4.449858	0	1.02981	1.01215	1.04747	2	2	2.01257	2.34127	0	0	0.03	0.00305	0.83188	0.42	0.02332	0.94563	0	0	0	0	0	2.01257	2.34127
AC-P10-TR-NT-SM-63B55-SM-63B54	3	133478095	133495987	8	17892	0.17438	1.000100010001e-05	1.50131	7	6.30368	0	1	14.728558	14.728558	0	1.50131	1.50131	1.50131	5	5	4.84729	4.84729	0	0	NA	NA	NA	NA	NA	NA	0	0	0	1	1	7.364279	7.364279
AC-P10-TR-NT-SM-63B55-SM-63B54	3	133525499	140277590	284	6752091	0.01967	0.00245024502450245	1.0079	4	4.05274	0	0	4.05274	3.97222	0	1.0079	0.99716	1.01863	2	2	1.95214	2.0341	0	0	0.13	0.00551	0.84722	0.1	0.0045	0.83455	0	0	0	0	0	1.95214	2.0341
AC-P10-TR-NT-SM-63B55-SM-63B54	3	140281725	140282894	3	1169	0.2689	0	1.41752	7	5.76122	0	1	12.901936	12.901936	0	1.41752	1.41752	1.41752	4	4	4.09787	4.09787	0	0	0.45	0.0155	0.97428	0.45	0.0155	0.97428	0	0	0	0	0	4.09787	4.09787
AC-P10-TR-NT-SM-63B55-SM-63B54	3	140401652	148880027	285	8478375	0.01969	0.00308030803080308	1.0109	4	4.10573	0	0	4.10573	4.03762	0	1.0109	1.01082	1.01098	2	2	2	2	0	0	0.02	0	0.39598	0.02	0	0.3972	0	0	0	0	0	2	2
AC-P10-TR-NT-SM-63B55-SM-63B54	3	148884923	148939506	20	54583	0.11349	2.000200020002e-05	1.545	7	6.77807	0	1	15.681	15.681	NA	NA	NA	NA	NA	NA	NA	NA	NA	NA	NA	NA	NA	NA	NA	NA	NA	NA	NA	NA	NA	NA	NA
AC-P10-TR-NT-SM-63B55-SM-63B54	3	149042737	170625512	590	21582775	0.01328	0.00784078407840784	0.98048	3	3.38366	0	0	3.38366	3.374464	0	0.98048	0.98048	0.98048	2	2	1.99685	1.99685	0	0	0.31	0.0315	0.66642	0.31	0.0315	0.66642	0	0	0	0	0	1.99685	1.99685
AC-P10-TR-NT-SM-63B55-SM-63B54	3	170716083	170744451	7	28368	0.20449	1.000100010001e-05	1.64716	7	6.29255	0	1	17.908088	17.908088	0	1.64716	1.64716	1.64716	7	7	6.35199	6.35199	0	0	NA	NA	NA	NA	NA	NA	0	0	0	1	1	8.954044	8.954044
AC-P10-TR-NT-SM-63B55-SM-63B54	3	170784444	197765487	1271	26981043	0.00937	0.0098009800980098	1.0159	4	4.02583	0	0	4.02583	4.14662	0	1.0159	1.0159	1.0159	2	2	2	2	0	0	0.07	0	0.33924	0.07	0	0.33924	0	0	0	0	0	2	2
AC-P10-TR-NT-SM-63B55-SM-63B54	4	59385	1090589	101	1031204	0.03176	0.00037003700370037	0.97038	3	3.41933	0	0	3.41933	3.154284	0	0.97038	0.97038	0.97038	2	2	1.77973	1.77973	0	0	0.42	0.0421	0.88005	0.42	0.0421	0.88005	0	0	0	0	0	1.77973	1.77973
AC-P10-TR-NT-SM-63B55-SM-63B54	4	1164276	1165749	4	1473	0.23483	0	1.42945	7	5.89195	0	1	13.16201	13.16201	0	1.42945	1.42945	1.42945	5	5	5.08562	5.08562	0	0	0.58	0.01655	0.97433	0.58	0.01655	0.97433	0	0	0	0	0	5.08562	5.08562
AC-P10-TR-NT-SM-63B55-SM-63B54	4	1207329	5755585	350	4548256	0.01768	0.00165016501650165	1.00588	4	4.00626	0	0	4.00626	3.928184	0	1.00588	1.00588	1.00588	2	2	1.99977	1.99977	0	0	0.04	0	0.55892	0.04	0	0.55891	0	0	0	0	0	1.99977	1.99977
AC-P10-TR-NT-SM-63B55-SM-63B54	4	5785384	5843094	11	57710	0.0856	2.000200020002e-05	0.86287	3	3.07041	0	0	3.07041	0.810566000000002	0	0.86287	0.40551	1.32022	0	4	0.29672	4.05108	1	0	NA	NA	NA	0.39	0.01544	0.97373	1	0	0	0	0	0.29672	4.05108
AC-P10-TR-NT-SM-63B55-SM-63B54	4	5844853	72618300	1554	66773447	0.00837	0.0242624262426243	1.00388	4	3.99543	0	0	3.99543	3.884584	0	1.00388	1.00388	1.00388	2	2	2	2	0	0	0.06	0	0.31268	0.06	0	0.31268	0	0	0	0	0	2	2
AC-P10-TR-NT-SM-63B55-SM-63B54	4	72622529	72649706	7	27177	0.20694	1.000100010001e-05	1.6669	7	6.29862	0	1	18.33842	18.33842	0	1.6669	1.6669	1.6669	4	4	4.28029	4.28029	0	0	NA	NA	NA	NA	NA	NA	0	0	0	1	1	9.16921	9.16921
AC-P10-TR-NT-SM-63B55-SM-63B54	4	72994468	74124188	59	1129720	0.0421	0.00041004100410041	0.98331	4	3.83236	0	0	3.83236	3.436158	0	0.98331	0.98331	0.98331	2	2	1.90499	1.90499	0	0	0.28	0.01332	0.86612	0.28	0.01332	0.86612	0	0	0	0	0	1.90499	1.90499
AC-P10-TR-NT-SM-63B55-SM-63B54	4	74272411	74285289	10	12878	0.2331	0	2.24531	7	6.55547	0	1	30.947758	30.947758	NA	NA	NA	NA	NA	NA	NA	NA	NA	NA	NA	NA	NA	NA	NA	NA	NA	NA	NA	NA	NA	NA	NA
AC-P10-TR-NT-SM-63B55-SM-63B54	4	74306424	74364896	18	58472	0.11716	2.000200020002e-05	1.51307	7	6.72301	0	1	14.984926	14.984926	0	1.51307	1.51307	1.51307	6	6	5.90632	5.90632	0	0	NA	NA	NA	NA	NA	NA	0	0	0	1	1	7.492463	7.492463
AC-P10-TR-NT-SM-63B55-SM-63B54	4	74367569	88231452	626	13863883	0.01278	0.00504050405040504	0.97199	3	3.11728	0	0	3.11728	3.189382	0	0.97199	0.97199	0.97199	2	2	1.97037	1.97037	0	0	0.41	0.09125	0.7267	0.41	0.09125	0.7267	0	0	0	0	0	1.97037	1.97037
AC-P10-TR-NT-SM-63B55-SM-63B54	4	88236697	88243888	4	7191	0.27839	0	1.69522	7	5.99429	0	1	18.955796	18.955796	NA	NA	NA	NA	NA	NA	NA	NA	NA	NA	NA	NA	NA	NA	NA	NA	NA	NA	NA	NA	NA	NA	NA
AC-P10-TR-NT-SM-63B55-SM-63B54	4	88261699	155471455	1793	67209756	0.00771	0.0244224422442244	0.99222	4	3.90089	0	0	3.90089	3.630396	0	0.99222	0.99222	0.99222	2	2	2	2	0	0	0.18	0.01076	0.42556	0.18	0.01076	0.42556	0	0	0	0	0	2	2
AC-P10-TR-NT-SM-63B55-SM-63B54	4	155490808	155533722	16	42914	0.18837	2.000200020002e-05	2.29512	7	6.77506	0	1	32.033616	32.033616	0	2.29512	2.29512	2.29512	7	7	6.9528	6.9528	0	0	NA	NA	NA	NA	NA	NA	0	0	0	1	1	16.016808	16.016808
AC-P10-TR-NT-SM-63B55-SM-63B54	4	155670211	156651282	23	981071	0.06758	0.00036003600360036	0.98553	4	4.31362	0	0	4.31362	3.484554	0	0.98553	0.98553	0.98553	2	2	1.77976	1.77976	0	0	0.26	0.01242	0.94235	0.26	0.01242	0.94235	0	0	0	0	0	1.77976	1.77976
AC-P10-TR-NT-SM-63B55-SM-63B54	4	156698734	156860606	26	161872	0.1037	6.000600060006e-05	1.60974	7	6.87978	0	1	17.092332	17.092332	0	1.60974	1.60974	1.60974	7	7	6.79278	6.79278	0	0	NA	NA	NA	NA	NA	NA	0	0	0	1	1	8.546166	8.546166
AC-P10-TR-NT-SM-63B55-SM-63B54	4	156864361	185650130	524	28785769	0.01432	0.0104610461046105	0.99704	4	3.89877	0	0	3.89877	3.735472	0	0.99704	0.99704	0.99704	2	2	2	2	0	0	0.13	0.00134	0.47684	0.13	0.00134	0.47684	0	0	0	0	0	2	2
AC-P10-TR-NT-SM-63B55-SM-63B54	4	185678824	186097072	21	418248	0.08489	0.00015001500150015	1.18354	7	6.29205	0	1	7.801172	7.801172	0	1.18354	1.18354	1.18354	3	3	2.89709	2.89709	0	0	0.9	0.01629	0.97518	0.9	0.01629	0.97518	0	0	0	0	0	2.89709	2.89709
AC-P10-TR-NT-SM-63B55-SM-63B54	4	186168521	187131708	86	963187	0.03826	0.00035003500350035	1.07917	6	5.65777	0	0	5.65777	5.525906	0	1.07917	1.07917	1.07917	3	3	2.9379	2.9379	0	0	0.76	0.16166	0.98007	0.76	0.16166	0.98007	0	0	0	0	0	2.9379	2.9379
AC-P10-TR-NT-SM-63B55-SM-63B54	4	187155158	187209687	24	54529	0.1048	2.000200020002e-05	1.56292	7	6.84553	0	1	16.071656	16.071656	0	1.56292	1.56292	1.56292	7	7	6.75215	6.75215	0	0	NA	NA	NA	NA	NA	NA	0	0	0	1	1	8.035828	8.035828
AC-P10-TR-NT-SM-63B55-SM-63B54	4	187510059	191012705	57	3502646	0.04329	0.00127012701270127	0.99384	4	4.05368	0	0	4.05368	3.665712	0	0.99384	0.99384	0.99384	2	2	1.91661	1.91661	0	0	0.17	0.00746	0.88326	0.17	0.00746	0.88326	0	0	0	0	0	1.91661	1.91661
AC-P10-TR-NT-SM-63B55-SM-63B54	5	143556	36177340	879	36033784	0.01127	0.0130913091309131	1.01594	4	4.04953	0	0	4.04953	4.147492	0	1.01594	1.01594	1.01594	2	2	2	2	0	0	0.07	0	0.37069	0.07	0	0.37069	0	0	0	0	0	2	2
AC-P10-TR-NT-SM-63B55-SM-63B54	5	36182026	36301472	23	119446	0.08218	4.000400040004e-05	1.19905	7	6.3926	0	1	8.13929	8.13929	0	1.19905	0.9661	1.43199	2	5	1.80604	4.95716	0	0	0.47	0.01585	0.97387	0.61	0.01651	0.97451	0	0	0	0	0	1.80604	4.95716
AC-P10-TR-NT-SM-63B55-SM-63B54	5	36629620	52404412	483	15774792	0.01543	0.00573057305730573	1.03154	5	4.56782	0	0	4.56782	4.487572	0	1.03154	1.03154	1.03154	2	2	2.00005	2.00005	0	0	0.24	0.0173	0.55967	0.24	0.0173	0.55967	0	0	0	0	0	2.00005	2.00005
AC-P10-TR-NT-SM-63B55-SM-63B54	5	52779442	52899320	7	119878	0.18835	4.000400040004e-05	1.51695	7	6.23739	0	1	15.06951	15.06951	NA	NA	NA	NA	NA	NA	NA	NA	NA	NA	NA	NA	NA	NA	NA	NA	NA	NA	NA	NA	NA	NA	NA
AC-P10-TR-NT-SM-63B55-SM-63B54	5	52954417	54786864	81	1832447	0.03734	0.00067006700670067	1.02199	5	4.52608	0	0	4.52608	4.279382	0	1.02199	1.02199	1.02199	2	2	2.09277	2.09277	0	0	0.14	0.0076	0.90959	0.14	0.0076	0.90959	0	0	0	0	0	2.09277	2.09277
AC-P10-TR-NT-SM-63B55-SM-63B54	5	54923763	54931428	3	7665	0.38863	0	2.05007	7	5.884	0	1	26.691526	26.691526	NA	NA	NA	NA	NA	NA	NA	NA	NA	NA	NA	NA	NA	NA	NA	NA	NA	NA	NA	NA	NA	NA	NA
AC-P10-TR-NT-SM-63B55-SM-63B54	5	54960605	78322325	824	23361720	0.01132	0.00849084908490849	0.98801	4	3.69893	0	0	3.69893	3.538618	0	0.98801	0.98801	0.98801	2	2	1.99009	1.99009	0	0	0.23	0.00953	0.71879	0.23	0.00953	0.71879	0	0	0	0	0	1.99009	1.99009
AC-P10-TR-NT-SM-63B55-SM-63B54	5	78325791	78416268	19	90477	0.13323	3.000300030003e-05	1.76822	7	6.81267	0	1	20.547196	20.547196	0	1.76822	1.76822	1.76822	7	7	6.97106	6.97106	0	0	NA	NA	NA	NA	NA	NA	0	0	0	1	1	10.273598	10.273598
AC-P10-TR-NT-SM-63B55-SM-63B54	5	78421959	111497247	756	33075288	0.01215	0.012021202120212	1.01553	4	4.05875	0	0	4.05875	4.138554	0	1.01553	1.01553	1.01553	2	2	2	2	0	0	0.07	0	0.35992	0.07	0	0.35992	0	0	0	0	0	2	2
AC-P10-TR-NT-SM-63B55-SM-63B54	5	111504476	114956254	114	3451778	0.03047	0.00125012501250125	0.98926	4	3.78532	0	0	3.78532	3.565868	0	0.98926	0.88582	1.0927	1	3	0.83943	2.80906	0	0	0.34	0.01544	0.96756	0.91	0.03005	0.97889	0	0	0	0	0	0.83943	2.80906
AC-P10-TR-NT-SM-63B55-SM-63B54	5	115146934	115168329	4	21395	0.23758	1.000100010001e-05	1.44628	7	5.90208	0	1	13.528904	13.528904	NA	NA	NA	NA	NA	NA	NA	NA	NA	NA	NA	NA	NA	NA	NA	NA	NA	NA	NA	NA	NA	NA	NA
AC-P10-TR-NT-SM-63B55-SM-63B54	5	115177238	135283102	716	20105864	0.01214	0.00731073107310731	0.98763	4	3.67768	0	0	3.67768	3.530334	0	0.98763	0.98763	0.98763	2	2	2	2	0	0	0.23	0.02103	0.50242	0.23	0.02103	0.50242	0	0	0	0	0	2	2
AC-P10-TR-NT-SM-63B55-SM-63B54	5	135288607	135416236	12	127629	0.14279	5.000500050005e-05	1.50562	7	6.52804	0	1	14.822516	14.822516	0	1.50562	1.16347	1.84777	3	6	2.80852	5.38187	0	0	0.68	0.01586	0.97479	NA	NA	NA	0	0	0	0	1	2.80852	11.140693
AC-P10-TR-NT-SM-63B55-SM-63B54	5	135496670	139931667	353	4434997	0.01694	0.00161016101610161	0.96765	3	3.13254	0	0	3.13254	3.09477	0	0.96765	0.96765	0.96765	2	2	1.80519	1.80519	0	0	0.45	0.10051	0.8109	0.45	0.1005	0.8109	0	0	0	0	0	1.80519	1.80519
AC-P10-TR-NT-SM-63B55-SM-63B54	5	139938287	140024626	24	86339	0.08521	3.000300030003e-05	1.27021	7	6.60446	0	1	9.690578	9.690578	0	1.27021	1.27021	1.27021	4	4	4.42308	4.42308	0	0	0.85	0.0231	0.97696	0.85	0.0231	0.97696	0	0	0	0	0	4.42308	4.42308
AC-P10-TR-NT-SM-63B55-SM-63B54	5	140026893	176778550	1580	36751657	0.00812	0.0133513351335134	0.98098	3	3.27472	0	0	3.27472	3.385364	0	0.98098	0.98098	0.98098	2	2	2	2	0	0	0.31	0.07243	0.54268	0.31	0.07243	0.54268	0	0	0	0	0	2	2
AC-P10-TR-NT-SM-63B55-SM-63B54	5	176793754	176813062	12	19308	0.12128	1.000100010001e-05	1.27844	7	6.28226	0	1	9.869992	9.869992	0	1.27844	1.27844	1.27844	3	3	3.4387	3.4387	0	0	0.94	0.01665	0.97536	0.94	0.01665	0.97536	0	0	0	0	0	3.4387	3.4387
AC-P10-TR-NT-SM-63B55-SM-63B54	5	176813495	180794756	346	3981261	0.01731	0.00145014501450145	0.97892	3	3.40894	0	0	3.40894	3.340456	0	0.97892	0.97892	0.97892	2	2	1.99369	1.99369	0	0	0.33	0.03605	0.68929	0.33	0.03605	0.68929	0	0	0	0	0	1.99369	1.99369
AC-P10-TR-NT-SM-63B55-SM-63B54	6	345890	25820026	711	25474136	0.01264	0.00926092609260926	1.02534	4	4.29895	0	0	4.29895	4.352412	0	1.02534	1.02534	1.02534	2	2	2	2	0	0	0.18	0.00676	0.454	0.18	0.00676	0.454	0	0	0	0	0	2	2
AC-P10-TR-NT-SM-63B55-SM-63B54	6	25830768	25969600	21	138832	0.10378	5.000500050005e-05	1.44752	7	6.74901	0	1	13.555936	13.555936	0	1.44752	0.82531	2.06972	1	5	2.00089	4.65318	0	0	1	0.01581	0.97503	NA	NA	NA	0	0	0	0	1	2.00089	13.559948
AC-P10-TR-NT-SM-63B55-SM-63B54	6	25973292	31997741	907	6024449	0.01124	0.00219021902190219	1.02979	4	4.469	0	0	4.469	4.449422	0	1.02979	1.02979	1.02979	2	2	2	2	0	0	0.22	0.01504	0.51741	0.22	0.01504	0.51741	0	0	0	0	0	2	2
AC-P10-TR-NT-SM-63B55-SM-63B54	6	31999374	32011597	22	12223	0.09803	0	1.39939	7	6.7331	0	1	12.506702	12.506702	0	1.39939	1.39939	1.39939	5	5	4.8478	4.8478	0	0	0.25	0.01483	0.97261	0.25	0.01483	0.97261	0	0	0	0	0	4.8478	4.8478
AC-P10-TR-NT-SM-63B55-SM-63B54	6	32014092	43251257	1301	11237165	0.00893	0.00408040804080408	0.97987	3	3.24235	0	0	3.24235	3.361166	0	0.97987	0.97987	0.97987	2	2	1.99997	1.99997	0	0	0.32	0.06902	0.57454	0.32	0.06902	0.57454	0	0	0	0	0	1.99997	1.99997
AC-P10-TR-NT-SM-63B55-SM-63B54	6	43266832	43274003	11	7171	0.14861	0	1.50028	7	6.47897	0	1	14.706104	14.706104	NA	NA	NA	NA	NA	NA	NA	NA	NA	NA	NA	NA	NA	NA	NA	NA	NA	NA	NA	NA	NA	NA	NA
AC-P10-TR-NT-SM-63B55-SM-63B54	6	43276099	44150913	151	874814	0.02653	0.00032003200320032	0.99145	4	3.78773	0	0	3.78773	3.61361	0	0.99145	0.99088	0.99203	2	2	1.98689	1.98901	0	0	0.2	0.00698	0.7373	0.19	0.00613	0.72762	0	0	0	0	0	1.98689	1.98901
AC-P10-TR-NT-SM-63B55-SM-63B54	6	44197426	44201209	9	3783	0.16122	0	1.47213	7	6.35086	0	1	14.092434	14.092434	0	1.47213	1.47213	1.47213	4	4	3.63555	3.63555	0	0	NA	NA	NA	NA	NA	NA	0	0	0	1	1	7.046217	7.046217
AC-P10-TR-NT-SM-63B55-SM-63B54	6	44217216	117700271	2138	73483055	0.00707	0.0267026702670267	0.99341	4	3.93581	0	0	3.93581	3.656338	0	0.99341	0.99341	0.99341	2	2	2	2	0	0	0.17	0.00894	0.39984	0.17	0.00894	0.39984	0	0	0	0	0	2	2
AC-P10-TR-NT-SM-63B55-SM-63B54	6	117706934	117718178	9	11244	0.16563	0	1.51252	7	6.37633	0	1	14.972936	14.972936	NA	NA	NA	NA	NA	NA	NA	NA	NA	NA	NA	NA	NA	NA	NA	NA	NA	NA	NA	NA	NA	NA	NA
AC-P10-TR-NT-SM-63B55-SM-63B54	6	117725516	134638563	546	16913047	0.01449	0.00615061506150615	1.02938	4	4.48539	0	0	4.48539	4.440484	0	1.02938	1.02938	1.02938	2	2	2.00005	2.00005	0	0	0.22	0.01151	0.55295	0.22	0.01151	0.55295	0	0	0	0	0	2.00005	2.00005
AC-P10-TR-NT-SM-63B55-SM-63B54	6	135250272	135271122	6	20850	0.2147	1.000100010001e-05	1.60105	7	6.1886	0	1	16.90289	16.90289	0	1.60105	1.60105	1.60105	4	4	4.2196	4.2196	0	0	NA	NA	NA	NA	NA	NA	0	0	0	1	1	8.451445	8.451445
AC-P10-TR-NT-SM-63B55-SM-63B54	6	135299870	154743712	732	19443842	0.01202	0.00707070707070707	0.98903	4	3.73321	0	0	3.73321	3.560854	0	0.98903	0.98903	0.98903	2	2	2	2	0	0	0.22	0.01473	0.50272	0.22	0.01473	0.50272	0	0	0	0	0	2	2
AC-P10-TR-NT-SM-63B55-SM-63B54	6	154762469	154831222	4	68753	0.25044	2.000200020002e-05	1.52471	7	5.94133	0	1	15.238678	15.238678	0	1.52471	1.52471	1.52471	4	4	3.75489	3.75489	0	0	NA	NA	NA	NA	NA	NA	0	0	0	1	1	7.619339	7.619339
AC-P10-TR-NT-SM-63B55-SM-63B54	6	155109075	161071449	367	5962374	0.01708	0.00217021702170217	0.99481	4	3.83255	0	0	3.83255	3.686858	0	0.99481	0.99481	0.99481	2	2	2	2	0	0	0.16	0.00336	0.49111	0.16	0.00336	0.49111	0	0	0	0	0	2	2
AC-P10-TR-NT-SM-63B55-SM-63B54	6	161123360	161128784	3	5424	0.46179	0	2.43657	7	5.8769	0	1	35.117226	35.117226	NA	NA	NA	NA	NA	NA	NA	NA	NA	NA	NA	NA	NA	NA	NA	NA	NA	NA	NA	NA	NA	NA	NA
AC-P10-TR-NT-SM-63B55-SM-63B54	6	161134087	161173219	14	39132	0.14072	1.000100010001e-05	1.60295	7	6.64931	0	1	16.94431	16.94431	0	1.60295	1.60295	1.60295	7	7	6.73753	6.73753	0	0	NA	NA	NA	NA	NA	NA	0	0	0	1	1	8.472155	8.472155
AC-P10-TR-NT-SM-63B55-SM-63B54	6	161455385	167719470	128	6264085	0.02923	0.00228022802280228	1.00574	4	4.10651	0	0	4.10651	3.925132	0	1.00574	1.00574	1.00574	2	2	1.99927	1.99927	0	0	0.04	0	0.60584	0.04	0	0.60584	0	0	0	0	0	1.99927	1.99927
AC-P10-TR-NT-SM-63B55-SM-63B54	6	167728807	167754379	3	25572	0.27986	1.000100010001e-05	1.47546	7	5.78942	0	1	14.165028	14.165028	0	1.47546	1.47546	1.47546	5	5	5.15114	5.15114	0	0	NA	NA	NA	NA	NA	NA	0	0	0	1	1	7.082514	7.082514
AC-P10-TR-NT-SM-63B55-SM-63B54	6	167787888	170892713	108	3104825	0.03129	0.00113011301130113	0.98862	4	3.78217	0	0	3.78217	3.551916	0	0.98862	0.9883	0.98893	2	2	1.99162	1.99256	0	0	0.23	0.00926	0.71002	0.22	0.00862	0.70434	0	0	0	0	0	1.99162	1.99256
AC-P10-TR-NT-SM-63B55-SM-63B54	7	540563	45724622	1643	45184059	0.00795	0.0164216421642164	0.97979	3	3.20952	0	0	3.20952	3.359422	0	0.97979	0.97979	0.97979	2	2	1.99866	1.99866	0	0	0.32	0.04139	0.64183	0.32	0.04138	0.64181	0	0	0	0	0	1.99866	1.99866
AC-P10-TR-NT-SM-63B55-SM-63B54	7	45726208	45932624	10	206416	0.16712	8.000800080008e-05	1.60885	7	6.4799	0	1	17.07293	17.07293	NA	NA	NA	NA	NA	NA	NA	NA	NA	NA	NA	NA	NA	NA	NA	NA	NA	NA	NA	NA	NA	NA	NA
AC-P10-TR-NT-SM-63B55-SM-63B54	7	45956206	76028075	688	30071869	0.01272	0.0109310931093109	1.01475	4	4.05913	0	0	4.05913	4.12155	0	1.01475	1.01475	1.01475	2	2	2	2	0	0	0.06	0	0.40069	0.06	0	0.40069	0	0	0	0	0	2	2
AC-P10-TR-NT-SM-63B55-SM-63B54	7	76029755	76797063	24	767308	0.07398	0.00028002800280028	1.10237	6	5.84625	0	0	5.84625	6.031666	0	1.10237	1.10237	1.10237	3	3	2.62237	2.62237	0	0	0.02	0.0143	0.97272	0.02	0.0143	0.97272	0	0	0	0	0	2.62237	2.62237
AC-P10-TR-NT-SM-63B55-SM-63B54	7	76825948	99526852	947	22700904	0.01096	0.00825082508250825	1.02585	4	4.27713	0	0	4.27713	4.36353	0	1.02585	1.02575	1.02596	2	2	2	2	0	0	0.18	0.00849	0.43925	0.18	0.00897	0.44147	0	0	0	0	0	2	2
AC-P10-TR-NT-SM-63B55-SM-63B54	7	99565915	99631373	8	65458	0.19458	2.000200020002e-05	1.67561	7	6.37765	0	1	18.528298	18.528298	NA	NA	NA	NA	NA	NA	NA	NA	NA	NA	NA	NA	NA	NA	NA	NA	NA	NA	NA	NA	NA	NA	NA
AC-P10-TR-NT-SM-63B55-SM-63B54	7	99779763	121773675	1089	21993912	0.01025	0.00799079907990799	1.02914	4	4.42096	0	0	4.42096	4.435252	0	1.02914	1.02905	1.02922	2	2	2	2	0	0	0.22	0.01754	0.47035	0.22	0.01812	0.47221	0	0	0	0	0	2	2
AC-P10-TR-NT-SM-63B55-SM-63B54	7	121942918	121944096	3	1178	0.27973	0	1.47478	7	5.78913	0	1	14.150204	14.150204	0	1.47478	1.47478	1.47478	4	4	3.80596	3.80596	0	0	NA	NA	NA	NA	NA	NA	0	0	0	1	1	7.075102	7.075102
AC-P10-TR-NT-SM-63B55-SM-63B54	7	121985681	143090860	1106	21105179	0.00983	0.00767076707670767	0.99386	4	3.90605	0	0	3.90605	3.666148	0	0.99386	0.99386	0.99386	2	2	2	2	0	0	0.17	0.00552	0.44002	0.17	0.00552	0.44002	0	0	0	0	0	2	2
AC-P10-TR-NT-SM-63B55-SM-63B54	7	143092003	143098557	10	6554	0.1511	0	1.45441	7	6.39634	0	1	13.706138	13.706138	0	1.45441	1.45441	1.45441	4	4	3.76228	3.76228	0	0	0.85	0.01598	0.97502	0.85	0.01598	0.97502	0	0	0	0	0	3.76228	3.76228
AC-P10-TR-NT-SM-63B55-SM-63B54	7	143141023	154684541	488	11543518	0.01523	0.00419041904190419	1.02323	4	4.28984	0	0	4.28984	4.306414	0	1.02323	1.02323	1.02323	2	2	2	2	0	0	0.15	0.0031	0.47592	0.15	0.0031	0.47592	0	0	0	0	0	2	2
AC-P10-TR-NT-SM-63B55-SM-63B54	7	154738259	156755785	49	2017526	0.05427	0.00073007300730073	1.15576	7	6.48888	0	1	7.195568	7.195568	0	1.15576	0.58932	1.7222	0	4	1.45593	4.23539	0	0	1	0.01901	0.97761	NA	NA	NA	1	0	0	0	1	1.45593	9.77198
AC-P10-TR-NT-SM-63B55-SM-63B54	7	156759029	158935187	106	2176158	0.02979	0.00079007900790079	0.93243	3	2.62809	0	0	2.62809	2.326974	0	0.93243	0.91558	0.94928	1	1	1.01073	1.33567	0	0	0.02	0.00472	0.89208	0.65	0.04109	0.97353	0	0	0	0	0	1.01073	1.33567
AC-P10-TR-NT-SM-63B55-SM-63B54	8	190901	17169082	372	16978181	0.01729	0.00617061706170617	1.01418	4	4.12898	0	0	4.12898	4.109124	0	1.01418	1.01418	1.01418	2	2	2	2	0	0	0.05	0	0.43365	0.05	0	0.43365	0	0	0	0	0	2	2
AC-P10-TR-NT-SM-63B55-SM-63B54	8	17188724	17422556	19	233832	0.11436	8.000800080008e-05	1.51743	7	6.74695	0	1	15.079974	15.079974	0	1.51743	1.51743	1.51743	7	7	6.72441	6.72441	0	0	NA	NA	NA	NA	NA	NA	0	0	0	1	1	7.539987	7.539987
AC-P10-TR-NT-SM-63B55-SM-63B54	8	17478635	27399024	561	9920389	0.01411	0.0036003600360036	1.01631	4	4.10525	0	0	4.10525	4.155558	0	1.01631	1.00896	1.02365	2	2	1.99996	2.00398	0	0	0	0	0.55869	0.16	0.00412	0.67535	0	0	0	0	0	1.99996	2.00398
AC-P10-TR-NT-SM-63B55-SM-63B54	8	27401731	27927114	48	525383	0.05499	0.00019001900190019	1.15903	7	6.50229	0	1	7.266854	7.266854	0	1.15903	1.15903	1.15903	3	3	3.2755	3.2755	0	0	0.63	0.0179	0.97451	0.63	0.0179	0.97451	0	0	0	0	0	3.2755	3.2755
AC-P10-TR-NT-SM-63B55-SM-63B54	8	27957413	41469745	453	13512332	0.01509	0.00491049104910491	0.97631	3	3.2852	0	0	3.2852	3.283558	0	0.97631	0.97631	0.97631	2	2	1.9767	1.9767	0	0	0.36	0.04154	0.73984	0.36	0.04154	0.73984	0	0	0	0	0	1.9767	1.9767
AC-P10-TR-NT-SM-63B55-SM-63B54	8	41476266	42166480	76	690214	0.03406	0.00025002500250025	0.90275	2	2.13936	0	0	2.13936	1.67995	0	0.90275	0.90275	0.90275	1	1	1.20544	1.20544	0	0	0.16	0.01379	0.96996	0.16	0.01379	0.96996	0	0	0	0	0	1.20544	1.20544
AC-P10-TR-NT-SM-63B55-SM-63B54	8	42173792	63659589	418	21485797	0.01624	0.00781078107810781	1.0094	4	4.04252	0	0	4.04252	4.00492	0	1.0094	1.0094	1.0094	2	2	2	2	0	0	0	0	0.3834	0	0	0.3834	0	0	0	0	0	2	2
AC-P10-TR-NT-SM-63B55-SM-63B54	8	63936510	63985570	8	49060	0.19068	2.000200020002e-05	1.64193	7	6.36722	0	1	17.794074	17.794074	NA	NA	NA	NA	NA	NA	NA	NA	NA	NA	NA	NA	NA	NA	NA	NA	NA	NA	NA	NA	NA	NA	NA
AC-P10-TR-NT-SM-63B55-SM-63B54	8	65493920	99115100	871	33621180	0.01118	0.0122212221222122	1.00297	4	3.98381	0	0	3.98381	3.864746	0	1.00297	1.00297	1.00297	2	2	1.99989	1.99989	0	0	0.07	0	0.53449	0.07	0	0.53448	0	0	0	0	0	1.99989	1.99989
AC-P10-TR-NT-SM-63B55-SM-63B54	8	99118199	99120926	3	2727	0.30576	0	1.61229	7	5.83559	0	1	17.147922	17.147922	NA	NA	NA	NA	NA	NA	NA	NA	NA	NA	NA	NA	NA	NA	NA	NA	NA	NA	NA	NA	NA	NA	NA
AC-P10-TR-NT-SM-63B55-SM-63B54	8	99135636	145732337	1624	46596701	0.00808	0.0169316931693169	0.9903	4	3.83357	0	0	3.83357	3.58854	0	0.9903	0.9903	0.9903	2	2	2	2	0	0	0.21	0.0154	0.45201	0.21	0.0154	0.45201	0	0	0	0	0	2	2
AC-P10-TR-NT-SM-63B55-SM-63B54	8	145736042	146279473	56	543431	0.0417	0.0002000200020002	0.94864	3	3.16302	0	0	3.16302	2.680352	0	0.94864	0.94864	0.94864	1	1	1.37838	1.37838	0	0	0.66	0.02694	0.97451	0.66	0.02694	0.97451	0	0	0	0	0	1.37838	1.37838
AC-P10-TR-NT-SM-63B55-SM-63B54	9	286572	112005929	3106	111719357	0.00592	0.0406040604060406	1.00344	4	3.9983	0	0	3.9983	3.874992	0	1.00344	1.00344	1.00344	2	2	2	2	0	0	0.06	0	0.30144	0.06	0	0.30144	0	0	0	0	0	2	2
AC-P10-TR-NT-SM-63B55-SM-63B54	9	112015775	112018459	4	2684	0.29864	0	1.81872	7	6.01489	0	1	21.648096	21.648096	NA	NA	NA	NA	NA	NA	NA	NA	NA	NA	NA	NA	NA	NA	NA	NA	NA	NA	NA	NA	NA	NA	NA
AC-P10-TR-NT-SM-63B55-SM-63B54	9	112020516	117072901	345	5052385	0.019	0.00184018401840184	1.07329	5	5.43542	0	0	5.43542	5.397722	0	1.07329	1.07284	1.07373	3	3	2.99388	2.99527	0	0	0.69	0.30622	0.96398	0.7	0.3153	0.96645	0	0	0	0	0	2.99388	2.99527
AC-P10-TR-NT-SM-63B55-SM-63B54	9	117086013	117087380	4	1367	0.32869	0	2.00204	7	6.02919	0	1	25.644472	25.644472	NA	NA	NA	NA	NA	NA	NA	NA	NA	NA	NA	NA	NA	NA	NA	NA	NA	NA	NA	NA	NA	NA	NA
AC-P10-TR-NT-SM-63B55-SM-63B54	9	117092784	123715081	192	6622297	0.02433	0.00241024102410241	1.02511	4	4.46145	0	0	4.46145	4.347398	0	1.02511	1.02487	1.02536	2	2	2.00021	2.00024	0	0	0.17	0.00446	0.57243	0.18	0.00491	0.57706	0	0	0	0	0	2.00021	2.00024
AC-P10-TR-NT-SM-63B55-SM-63B54	9	123719604	123812491	29	92887	0.08786	3.000300030003e-05	1.44004	7	6.85401	0	1	13.392872	13.392872	0	1.44004	1.44004	1.44004	6	6	5.83731	5.83731	0	0	0.7	0.0198	0.97513	0.7	0.0198	0.97513	0	0	0	0	0	5.83731	5.83731
AC-P10-TR-NT-SM-63B55-SM-63B54	9	123852617	131475403	711	7622786	0.01246	0.00277027702770277	1.01023	4	4.01876	0	0	4.01876	4.023014	0	1.01023	1.01023	1.01023	2	2	2	2	0	0	0.01	0	0.32392	0.01	0	0.32392	0	0	0	0	0	2	2
AC-P10-TR-NT-SM-63B55-SM-63B54	9	131475849	131480865	9	5016	0.11897	0	1.08561	6	5.52285	0	0	5.52285	5.666298	0	1.08561	0.70875	1.46248	1	4	1.42386	3.89827	0	0	1	0.01851	0.97711	0.94	0.01621	0.97518	0	0	0	0	0	1.42386	3.89827
AC-P10-TR-NT-SM-63B55-SM-63B54	9	131482242	131484326	6	2084	0.08781	0	0.65302	1	1.49754	0	0	1.49754	-3.764164	NA	NA	NA	NA	NA	NA	NA	NA	NA	NA	NA	NA	NA	NA	NA	NA	NA	NA	NA	NA	NA	NA	NA
AC-P10-TR-NT-SM-63B55-SM-63B54	9	131503108	132984972	192	1481864	0.0245	0.00054005400540054	1.03237	5	4.62137	0	0	4.62137	4.505666	0	1.03237	1.01559	1.04916	2	2	2.04008	2.38484	0	0	0.07	0.00514	0.8827	0.44	0.02303	0.95455	0	0	0	0	0	2.04008	2.38484
AC-P10-TR-NT-SM-63B55-SM-63B54	9	133333881	133470922	8	137041	0.17912	5.000500050005e-05	1.54224	7	6.32618	0	1	15.620832	15.620832	0	1.54224	1.54224	1.54224	4	4	4.00571	4.00571	0	0	NA	NA	NA	NA	NA	NA	0	0	0	1	1	7.810416	7.810416
AC-P10-TR-NT-SM-63B55-SM-63B54	9	133488378	136310879	344	2822501	0.01742	0.00103010301030103	0.98228	4	3.50897	0	0	3.50897	3.413704	0	0.98228	0.98228	0.98228	2	2	1.99721	1.99721	0	0	0.29	0.02372	0.6626	0.29	0.02372	0.6626	0	0	0	0	0	1.99721	1.99721
AC-P10-TR-NT-SM-63B55-SM-63B54	9	136314994	139008616	204	2693622	0.02428	0.00098009800980098	1.05471	5	5.07908	0	0	5.07908	4.992678	0	1.05471	1.01316	1.09625	2	3	2.03312	2.8791	0	0	0.04	0.00862	0.94592	0.95	0.04356	0.98124	0	0	0	0	0	2.03312	2.8791
AC-P10-TR-NT-SM-63B55-SM-63B54	9	139092513	141016185	411	1923672	0.01617	0.0007000700070007	0.99688	4	3.87782	0	0	3.87782	3.731984	0	0.99688	0.99688	0.99688	2	2	2	2	0	0	0.13	0.00146	0.47719	0.13	0.00146	0.47719	0	0	0	0	0	2	2
AC-P10-TR-NT-SM-63B55-SM-63B54	10	94609	4889700	139	4795091	0.02568	0.00174017401740174	0.92033	2	2.31067	0	0	2.31067	2.063194	0	0.92033	0.92033	0.92033	1	1	1.00222	1.00222	0	0	0.97	0.33825	1	0.97	0.33825	1	0	0	0	0	0	1.00222	1.00222
AC-P10-TR-NT-SM-63B55-SM-63B54	10	5006040	5255039	34	248999	0.08155	9.000900090009e-05	1.44741	7	6.8984	0	1	13.553538	13.553538	0	1.44741	1.44741	1.44741	7	7	6.54845	6.54845	0	0	0.78	0.0478	0.97864	0.78	0.0478	0.97864	0	0	0	0	0	6.54845	6.54845
AC-P10-TR-NT-SM-63B55-SM-63B54	10	5435949	7683971	146	2248022	0.02719	0.00082008200820082	0.99917	4	3.95151	0	0	3.95151	3.781906	0	0.99917	0.99917	0.99917	2	2	1.99993	1.99993	0	0	0.11	0.00047	0.53161	0.11	0.00047	0.53161	0	0	0	0	0	1.99993	1.99993
AC-P10-TR-NT-SM-63B55-SM-63B54	10	7747107	7751069	3	3962	0.45127	0	2.38101	7	5.8792	0	1	33.906018	33.906018	0	2.38101	2.38101	2.38101	5	5	4.70294	4.70294	0	0	NA	NA	NA	NA	NA	NA	0	0	0	1	1	16.953009	16.953009
AC-P10-TR-NT-SM-63B55-SM-63B54	10	7762872	8115843	35	352971	0.06364	0.00013001300130013	1.14527	7	6.29964	0	0	6.29964	6.966886	0	1.14527	1.14527	1.14527	3	3	3.36329	3.36329	0	0	0.48	0.01955	0.96939	0.48	0.01955	0.96939	0	0	0	0	0	3.36329	3.36329
AC-P10-TR-NT-SM-63B55-SM-63B54	10	11060089	11367870	11	307781	0.07015	0.00011001100110011	0.70664	1	1.27092	0	0	1.27092	-2.595248	NA	NA	NA	NA	NA	NA	NA	NA	NA	NA	NA	NA	NA	NA	NA	NA	NA	NA	NA	NA	NA	NA	NA
AC-P10-TR-NT-SM-63B55-SM-63B54	10	11505143	13275767	108	1770624	0.03472	0.00064006400640064	1.09737	6	5.98991	0	0	5.98991	5.922666	0	1.09737	1.09737	1.09737	3	3	2.99085	2.99085	0	0	0.96	0.25512	0.98871	0.96	0.25512	0.98871	0	0	0	0	0	2.99085	2.99085
AC-P10-TR-NT-SM-63B55-SM-63B54	10	13325764	13708210	33	382446	0.05873	0.00014001400140014	1.02591	5	4.84756	0	0	4.84756	4.364838	0	1.02591	0.62292	1.42891	0	5	0.57307	4.80341	0	0	1	0.03085	0.98267	0.58	0.01621	0.97441	1	0	0	0	0	0.57307	4.80341
AC-P10-TR-NT-SM-63B55-SM-63B54	10	13716977	13743408	3	26431	0.29338	1.000100010001e-05	1.54685	7	5.81654	0	1	15.72133	15.72133	NA	NA	NA	NA	NA	NA	NA	NA	NA	NA	NA	NA	NA	NA	NA	NA	NA	NA	NA	NA	NA	NA	NA
AC-P10-TR-NT-SM-63B55-SM-63B54	10	13782544	50943335	1135	37160791	0.00957	0.0135013501350135	0.97996	3	3.26522	0	0	3.26522	3.363128	0	0.97996	0.97996	0.97996	2	2	1.9999	1.9999	0	0	0.32	0.05921	0.59009	0.32	0.05921	0.59009	0	0	0	0	0	1.9999	1.9999
AC-P10-TR-NT-SM-63B55-SM-63B54	10	50944484	50966536	16	22052	0.10961	1.000100010001e-05	1.33423	7	6.51995	0	1	11.086214	11.086214	0	1.33423	1.33423	1.33423	3	3	3.38031	3.38031	0	0	0.54	0.01555	0.97458	0.54	0.01555	0.97458	0	0	0	0	0	3.38031	3.38031
AC-P10-TR-NT-SM-63B55-SM-63B54	10	51227127	54076440	95	2849313	0.03397	0.00104010401040104	1.00693	4	4.18464	0	0	4.18464	3.951074	0	1.00693	1.00693	1.00693	2	2	1.99912	1.99912	0	0	0.02	0	0.62717	0.02	0	0.62717	0	0	0	0	0	1.99912	1.99912
AC-P10-TR-NT-SM-63B55-SM-63B54	10	54529040	54531301	3	2261	0.33266	0	1.75438	7	5.86312	0	1	20.245484	20.245484	NA	NA	NA	NA	NA	NA	NA	NA	NA	NA	NA	NA	NA	NA	NA	NA	NA	NA	NA	NA	NA	NA	NA
AC-P10-TR-NT-SM-63B55-SM-63B54	10	55568879	81932589	1058	26363710	0.01001	0.00958095809580958	0.99052	4	3.81228	0	0	3.81228	3.593336	0	0.99052	0.99052	0.99052	2	2	2	2	0	0	0.2	0.01255	0.47011	0.2	0.01255	0.47011	0	0	0	0	0	2	2
AC-P10-TR-NT-SM-63B55-SM-63B54	10	82034342	82049133	7	14791	0.25241	1.000100010001e-05	2.03383	7	6.35111	0	1	26.337494	26.337494	NA	NA	NA	NA	NA	NA	NA	NA	NA	NA	NA	NA	NA	NA	NA	NA	NA	NA	NA	NA	NA	NA	NA
AC-P10-TR-NT-SM-63B55-SM-63B54	10	82102070	94833785	482	12731715	0.01504	0.00463046304630463	1.00411	4	3.97925	0	0	3.97925	3.889598	0	1.00411	1.00411	1.00411	2	2	2	2	0	0	0.06	0	0.42572	0.06	0	0.42572	0	0	0	0	0	2	2
AC-P10-TR-NT-SM-63B55-SM-63B54	10	94834680	94836890	4	2210	0.25875	0	1.57537	7	5.96096	0	1	16.343066	16.343066	0	1.57537	0.94572	2.20502	2	5	2.23347	4.81517	0	0	0.69	0.01553	0.97478	NA	NA	NA	0	0	0	0	1	2.23347	15.034718
AC-P10-TR-NT-SM-63B55-SM-63B54	10	95069850	95347171	55	277321	0.03863	0.0001000100010001	0.87074	2	1.72708	0	0	1.72708	0.982132000000001	0	0.87074	0.87074	0.87074	1	1	0.55329	0.55329	0	0	0.51	0.03022	0.96161	0.51	0.03022	0.96161	0	0	0	0	0	0.55329	0.55329
AC-P10-TR-NT-SM-63B55-SM-63B54	10	95353685	95360729	4	7044	0.36192	0	2.20474	7	6.03126	0	1	30.063332	30.063332	NA	NA	NA	NA	NA	NA	NA	NA	NA	NA	NA	NA	NA	NA	NA	NA	NA	NA	NA	NA	NA	NA	NA
AC-P10-TR-NT-SM-63B55-SM-63B54	10	95380464	96356829	101	976365	0.0327	0.00035003500350035	0.99946	4	4.01884	0	0	4.01884	3.788228	0	0.99946	0.99946	0.99946	2	2	1.96722	1.96722	0	0	0.11	0.00436	0.82462	0.11	0.00436	0.82462	0	0	0	0	0	1.96722	1.96722
AC-P10-TR-NT-SM-63B55-SM-63B54	10	96447607	96829075	35	381468	0.09196	0.00014001400140014	1.65636	7	6.94777	0	1	18.108648	18.108648	0	1.65636	1.65636	1.65636	7	7	6.99878	6.99878	0	0	NA	NA	NA	NA	NA	NA	0	0	0	1	1	9.054324	9.054324
AC-P10-TR-NT-SM-63B55-SM-63B54	10	97081748	114053547	1206	16971799	0.00937	0.00617061706170617	0.98928	4	3.77326	0	0	3.77326	3.566304	0	0.98928	0.98928	0.98928	2	2	2	2	0	0	0.22	0.01579	0.48417	0.22	0.01579	0.48417	0	0	0	0	0	2	2
AC-P10-TR-NT-SM-63B55-SM-63B54	10	114059285	114063045	3	3760	0.37572	0	1.98187	7	5.88212	0	1	25.204766	25.204766	NA	NA	NA	NA	NA	NA	NA	NA	NA	NA	NA	NA	NA	NA	NA	NA	NA	NA	NA	NA	NA	NA	NA
AC-P10-TR-NT-SM-63B55-SM-63B54	10	114154767	124758074	633	10603307	0.01313	0.00385038503850385	1.00428	4	3.98421	0	0	3.98421	3.893304	0	1.00428	1.00426	1.00431	2	2	2	2	0	0	0.05	0	0.34912	0.05	0	0.34871	0	0	0	0	0	2	2
AC-P10-TR-NT-SM-63B55-SM-63B54	10	124797312	124802624	4	5312	0.27459	0	1.67202	7	5.98903	0	1	18.450036	18.450036	0	1.67202	1.67202	1.67202	4	4	4.26266	4.26266	0	0	NA	NA	NA	NA	NA	NA	0	0	0	1	1	9.225018	9.225018
AC-P10-TR-NT-SM-63B55-SM-63B54	10	124812626	135490828	371	10678202	0.01658	0.00388038803880388	0.9709	3	3.18762	0	0	3.18762	3.16562	0	0.9709	0.9709	0.9709	2	2	1.95185	1.95185	0	0	0.42	0.09725	0.74257	0.42	0.09725	0.74257	0	0	0	0	0	1.95185	1.95185
AC-P10-TR-NT-SM-63B55-SM-63B54	11	194433	1955618	350	1761185	0.01746	0.00064006400640064	0.99317	4	3.79625	0	0	3.79625	3.651106	0	0.99317	0.99316	0.99317	2	2	1.99694	1.99694	0	0	0.17	0.00497	0.66186	0.17	0.00497	0.66185	0	0	0	0	0	1.99694	1.99694
AC-P10-TR-NT-SM-63B55-SM-63B54	11	1956103	2417149	25	461046	0.08238	0.00017001700170017	1.25326	7	6.5866	0	1	9.321068	9.321068	0	1.25326	0.85557	1.65095	1	5	1.6696	4.93298	0	0	0.67	0.01592	0.97478	NA	NA	NA	0	0	0	0	1	1.6696	8.995355
AC-P10-TR-NT-SM-63B55-SM-63B54	11	2424358	6432216	282	4007858	0.01889	0.00146014601460146	0.96441	3	3.11027	0	0	3.11027	3.024138	0	0.96441	0.96441	0.96441	2	2	1.63043	1.63043	0	0	0.49	0.16877	0.7983	0.49	0.16877	0.7983	0	0	0	0	0	1.63043	1.63043
AC-P10-TR-NT-SM-63B55-SM-63B54	11	6452951	6461930	8	8979	0.17259	0	1.48594	7	6.29416	0	1	14.393492	14.393492	NA	NA	NA	NA	NA	NA	NA	NA	NA	NA	NA	NA	NA	NA	NA	NA	NA	NA	NA	NA	NA	NA	NA
AC-P10-TR-NT-SM-63B55-SM-63B54	11	6470605	27393203	1073	20922598	0.00999	0.0076007600760076	0.99522	4	3.92762	0	0	3.92762	3.695796	0	0.99522	0.99516	0.99528	2	2	2	2	0	0	0.15	0.00395	0.41297	0.15	0.00378	0.41176	0	0	0	0	0	2	2
AC-P10-TR-NT-SM-63B55-SM-63B54	11	27395160	27406907	9	11747	0.16621	0	1.51786	7	6.37937	0	1	15.089348	15.089348	0	1.51786	1.51786	1.51786	4	4	3.74188	3.74188	0	0	NA	NA	NA	NA	NA	NA	0	0	0	1	1	7.544674	7.544674
AC-P10-TR-NT-SM-63B55-SM-63B54	11	27434371	49175911	914	21741540	0.01115	0.0079007900790079	1.02478	4	4.23973	0	0	4.23973	4.340204	0	1.02478	1.02478	1.02478	2	2	2	2	0	0	0.17	0.00566	0.45407	0.17	0.00566	0.45407	0	0	0	0	0	2	2
AC-P10-TR-NT-SM-63B55-SM-63B54	11	49179549	49214395	10	34846	0.18208	1.000100010001e-05	1.75318	7	6.52081	0	1	20.219324	20.219324	NA	NA	NA	NA	NA	NA	NA	NA	NA	NA	NA	NA	NA	NA	NA	NA	NA	NA	NA	NA	NA	NA	NA
AC-P10-TR-NT-SM-63B55-SM-63B54	11	49974439	58343238	179	8368799	0.02602	0.00304030403040304	1.05869	5	5.1734	0	0	5.1734	5.079442	0	1.05869	1.05869	1.05869	3	3	2.69767	2.69767	0	0	0.54	0.14455	0.90304	0.54	0.14455	0.90304	0	0	0	0	0	2.69767	2.69767
AC-P10-TR-NT-SM-63B55-SM-63B54	11	58478146	58723291	9	245145	0.17217	9.000900090009e-05	1.57237	7	6.40674	0	1	16.277666	16.277666	0	1.57237	1.57237	1.57237	4	4	3.71472	3.71472	0	0	NA	NA	NA	NA	NA	NA	0	0	0	1	1	8.138833	8.138833
AC-P10-TR-NT-SM-63B55-SM-63B54	11	58920099	62951227	597	4031128	0.01328	0.00146014601460146	0.98679	4	3.6409	0	0	3.6409	3.512022	0	0.98679	0.98679	0.98679	2	2	1.99994	1.99994	0	0	0.24	0.01695	0.5638	0.24	0.01695	0.5638	0	0	0	0	0	1.99994	1.99994
AC-P10-TR-NT-SM-63B55-SM-63B54	11	62985129	63174075	19	188946	0.11134	7.000700070007e-05	1.47728	7	6.72669	0	1	14.204704	14.204704	0	1.47728	1.47728	1.47728	6	6	6.02955	6.02955	0	0	NA	NA	NA	NA	NA	NA	0	0	0	1	1	7.102352	7.102352
AC-P10-TR-NT-SM-63B55-SM-63B54	11	63176249	65417087	571	2240838	0.01352	0.00081008100810081	0.98205	3	3.45102	0	0	3.45102	3.40869	0	0.98205	0.98205	0.98205	2	2	1.9415	1.9415	0	0	0.3	0.01554	0.82298	0.3	0.01554	0.82298	0	0	0	0	0	1.9415	1.9415
AC-P10-TR-NT-SM-63B55-SM-63B54	11	65417471	65417910	3	439	0.31601	0	1.66642	7	5.84802	0	1	18.327956	18.327956	NA	NA	NA	NA	NA	NA	NA	NA	NA	NA	NA	NA	NA	NA	NA	NA	NA	NA	NA	NA	NA	NA	NA
AC-P10-TR-NT-SM-63B55-SM-63B54	11	65423195	74351709	995	8928514	0.01032	0.00324032403240324	0.98955	4	3.77238	0	0	3.77238	3.57219	0	0.98955	0.98955	0.98955	2	2	2	2	0	0	0.21	0.01539	0.47768	0.21	0.01539	0.47768	0	0	0	0	0	2	2
AC-P10-TR-NT-SM-63B55-SM-63B54	11	74408295	74414446	3	6151	0.27553	0	1.45256	7	5.77902	0	1	13.665808	13.665808	NA	NA	NA	NA	NA	NA	NA	NA	NA	NA	NA	NA	NA	NA	NA	NA	NA	NA	NA	NA	NA	NA	NA
AC-P10-TR-NT-SM-63B55-SM-63B54	11	74417559	74800276	20	382717	0.06828	0.00014001400140014	0.92832	3	3.44196	0	0	3.44196	2.237376	0	0.92832	0.92832	0.92832	1	1	1.58218	1.58218	0	0	0.88	0.01795	0.97575	0.88	0.01795	0.97575	0	0	0	0	0	1.58218	1.58218
AC-P10-TR-NT-SM-63B55-SM-63B54	11	74876912	74915534	10	38622	0.17027	1.000100010001e-05	1.63926	7	6.49073	0	1	17.735868	17.735868	0	1.63926	1.63926	1.63926	7	7	6.01175	6.01175	0	0	NA	NA	NA	NA	NA	NA	0	0	0	1	1	8.867934	8.867934
AC-P10-TR-NT-SM-63B55-SM-63B54	11	74979967	75442253	38	462286	0.05139	0.00017001700170017	0.96319	4	3.62613	0	0	3.62613	2.997542	0	0.96319	0.96319	0.96319	2	2	1.53694	1.53694	0	0	0.5	0.01922	0.97085	0.5	0.01922	0.97085	0	0	0	0	0	1.53694	1.53694
AC-P10-TR-NT-SM-63B55-SM-63B54	11	75501286	75509372	5	8086	0.23371	0	1.59094	7	6.08356	0	1	16.682492	16.682492	NA	NA	NA	NA	NA	NA	NA	NA	NA	NA	NA	NA	NA	NA	NA	NA	NA	NA	NA	NA	NA	NA	NA
AC-P10-TR-NT-SM-63B55-SM-63B54	11	75591003	89059983	360	13468980	0.01715	0.00489048904890489	0.98917	4	3.70312	0	0	3.70312	3.563906	0	0.98917	0.98892	0.98941	2	2	1.99995	1.99995	0	0	0.22	0.01154	0.55454	0.22	0.01067	0.54946	0	0	0	0	0	1.99995	1.99995
AC-P10-TR-NT-SM-63B55-SM-63B54	11	89070648	89075301	3	4653	0.34986	0	1.84524	7	5.87356	0	1	22.226232	22.226232	NA	NA	NA	NA	NA	NA	NA	NA	NA	NA	NA	NA	NA	NA	NA	NA	NA	NA	NA	NA	NA	NA	NA
AC-P10-TR-NT-SM-63B55-SM-63B54	11	89133215	89223673	6	90458	0.14364	3.000300030003e-05	1.07013	6	5.39746	0	0	5.39746	5.328834	0	1.07013	1.07013	1.07013	2	2	2.46396	2.46396	0	0	0.66	0.01684	0.97477	0.66	0.01684	0.97477	0	0	0	0	0	2.46396	2.46396
AC-P10-TR-NT-SM-63B55-SM-63B54	11	89403600	89421796	6	18196	0.21449	1.000100010001e-05	1.59942	7	6.18799	0	1	16.867356	16.867356	NA	NA	NA	NA	NA	NA	NA	NA	NA	NA	NA	NA	NA	NA	NA	NA	NA	NA	NA	NA	NA	NA	NA
AC-P10-TR-NT-SM-63B55-SM-63B54	11	89431672	112072829	743	22641157	0.01171	0.00823082308230823	0.97029	3	3.06753	0	0	3.06753	3.152322	0	0.97029	0.97029	0.97029	2	2	1.9709	1.9709	0	0	0.42	0.13163	0.7107	0.42	0.13163	0.7107	0	0	0	0	0	1.9709	1.9709
AC-P10-TR-NT-SM-63B55-SM-63B54	11	112085575	112088540	3	2965	0.29955	0	1.57944	7	5.82664	0	1	16.431792	16.431792	NA	NA	NA	NA	NA	NA	NA	NA	NA	NA	NA	NA	NA	NA	NA	NA	NA	NA	NA	NA	NA	NA	NA
AC-P10-TR-NT-SM-63B55-SM-63B54	11	112101376	116693437	149	4592061	0.02773	0.00167016701670167	1.02946	5	4.58272	0	0	4.58272	4.442228	0	1.02946	1.02946	1.02946	2	2	2.01427	2.01427	0	0	0.22	0.00858	0.74257	0.22	0.00858	0.74257	0	0	0	0	0	2.01427	2.01427
AC-P10-TR-NT-SM-63B55-SM-63B54	11	116701325	116707794	4	6469	0.28092	0	1.71066	7	5.99751	0	1	19.292388	19.292388	0	1.71066	1.71066	1.71066	5	5	4.92518	4.92518	0	0	NA	NA	NA	NA	NA	NA	0	0	0	1	1	9.646194	9.646194
AC-P10-TR-NT-SM-63B55-SM-63B54	11	116718257	123465494	690	6747237	0.01231	0.00245024502450245	0.98325	3	3.48477	0	0	3.48477	3.43485	0	0.98325	0.98282	0.98368	2	2	1.99965	1.99975	0	0	0.29	0.02912	0.60693	0.28	0.02597	0.59792	0	0	0	0	0	1.99965	1.99975
AC-P10-TR-NT-SM-63B55-SM-63B54	11	123480974	123489058	3	8084	0.12117	0	0.63707	2	2.36877	0	0	2.36877	-4.111874	0	0.63707	0.63707	0.63707	0	0	0.33086	0.33086	0	0	1	0.04364	0.98543	1	0.04364	0.98543	1	1	0	0	0	0.33086	0.33086
AC-P10-TR-NT-SM-63B55-SM-63B54	11	123513266	126145726	243	2632460	0.02062	0.00096009600960096	0.97748	3	3.42215	0	0	3.42215	3.309064	0	0.97748	0.97744	0.97753	2	2	1.9953	1.99545	0	0	0.35	0.05036	0.677	0.34	0.04992	0.67611	0	0	0	0	0	1.9953	1.99545
AC-P10-TR-NT-SM-63B55-SM-63B54	11	126146353	126147456	3	1103	0.2881	0	1.51896	7	5.80682	0	1	15.113328	15.113328	NA	NA	NA	NA	NA	NA	NA	NA	NA	NA	NA	NA	NA	NA	NA	NA	NA	NA	NA	NA	NA	NA	NA
AC-P10-TR-NT-SM-63B55-SM-63B54	11	126163572	134257497	264	8093925	0.02039	0.00294029402940294	1.00747	4	4.05203	0	0	4.05203	3.962846	0	1.00747	1.00722	1.00772	2	2	1.99994	1.99996	0	0	0.02	0	0.52062	0.02	0	0.5168	0	0	0	0	0	1.99994	1.99996
AC-P10-TR-NT-SM-63B55-SM-63B54	12	266776	347133	25	80357	0.08368	3.000300030003e-05	1.27311	7	6.6278	0	1	9.753798	9.753798	0	1.27311	0.93473	1.61149	1	6	1.7387	5.52035	0	0	0.81	0.01689	0.97525	NA	NA	NA	0	0	0	0	1	1.7387	8.565241
AC-P10-TR-NT-SM-63B55-SM-63B54	12	369117	7092646	685	6723529	0.01231	0.00244024402440244	0.97927	3	3.31245	0	0	3.31245	3.348086	0	0.97927	0.97927	0.97927	2	2	1.99972	1.99972	0	0	0.33	0.05839	0.60914	0.33	0.05839	0.60914	0	0	0	0	0	1.99972	1.99972
AC-P10-TR-NT-SM-63B55-SM-63B54	12	7170282	7344230	34	173948	0.08217	6.000600060006e-05	1.45834	7	6.90253	0	1	13.791812	13.791812	0	1.45834	1.45834	1.45834	7	7	6.52985	6.52985	0	0	0.9	0.0436	0.9806	0.9	0.0436	0.9806	0	0	0	0	0	6.52985	6.52985
AC-P10-TR-NT-SM-63B55-SM-63B54	12	7354891	9162077	172	1807186	0.0243	0.00066006600660066	0.96886	3	3.2839	0	0	3.2839	3.121148	0	0.96886	0.96886	0.96886	2	2	1.79148	1.79148	0	0	0.44	0.06428	0.8489	0.44	0.06428	0.8489	0	0	0	0	0	1.79148	1.79148
AC-P10-TR-NT-SM-63B55-SM-63B54	12	9225018	9360895	51	135877	0.06548	5.000500050005e-05	1.42324	7	6.96098	0	1	13.026632	13.026632	0	1.42324	1.42324	1.42324	6	6	6.16149	6.16149	0	0	0.51	0.0208	0.9701	0.51	0.0208	0.9701	0	0	0	0	0	6.16149	6.16149
AC-P10-TR-NT-SM-63B55-SM-63B54	12	9747943	11463300	120	1715357	0.02843	0.00062006200620062	0.94699	3	2.89982	0	0	2.89982	2.644382	0	0.94699	0.94699	0.94699	1	1	1.01221	1.01221	0	0	0.68	0.27833	0.96112	0.68	0.27833	0.96112	0	0	0	0	0	1.01221	1.01221
AC-P10-TR-NT-SM-63B55-SM-63B54	12	11506829	11508455	3	1626	0.01988	0	0.102	0	0	1	0	0	-15.7764	NA	NA	NA	NA	NA	NA	NA	NA	NA	NA	NA	NA	NA	NA	NA	NA	NA	NA	NA	NA	NA	NA	NA
AC-P10-TR-NT-SM-63B55-SM-63B54	12	11547446	21695477	388	10148031	0.01697	0.00369036903690369	1.01656	4	4.16758	0	0	4.16758	4.161008	0	1.01656	1.01149	1.02163	2	2	2.00013	2.0016	0	0	0.03	0	0.5492	0.14	0.00267	0.63326	0	0	0	0	0	2.00013	2.0016
AC-P10-TR-NT-SM-63B55-SM-63B54	12	21713372	21757465	8	44093	0.20906	2.000200020002e-05	1.80054	7	6.40558	0	1	21.251772	21.251772	0	1.80054	1.80054	1.80054	7	7	6.86477	6.86477	0	0	NA	NA	NA	NA	NA	NA	0	0	0	1	1	10.625886	10.625886
AC-P10-TR-NT-SM-63B55-SM-63B54	12	21790066	21807540	6	17474	0.12066	1.000100010001e-05	0.89847	4	4.21742	0	0	4.21742	1.586646	NA	NA	NA	NA	NA	NA	NA	NA	NA	NA	NA	NA	NA	NA	NA	NA	NA	NA	NA	NA	NA	NA	NA
AC-P10-TR-NT-SM-63B55-SM-63B54	12	21926363	22068722	33	142359	0.08644	5.000500050005e-05	1.51161	7	6.91259	0	1	14.953098	14.953098	NA	NA	NA	NA	NA	NA	NA	NA	NA	NA	NA	NA	NA	NA	NA	NA	NA	NA	NA	NA	NA	NA	NA
AC-P10-TR-NT-SM-63B55-SM-63B54	12	22078936	46765018	756	24686082	0.01197	0.00897089708970897	1.00039	4	3.96265	0	0	3.96265	3.808502	0	1.00039	1.00039	1.00039	2	2	2	2	0	0	0.1	0	0.38824	0.1	0	0.38824	0	0	0	0	0	2	2
AC-P10-TR-NT-SM-63B55-SM-63B54	12	47168893	47186794	12	17901	0.1452	1.000100010001e-05	1.53108	7	6.54201	0	1	15.377544	15.377544	0	1.53108	1.53108	1.53108	4	4	3.90617	3.90617	0	0	NA	NA	NA	NA	NA	NA	0	0	0	1	1	7.688772	7.688772
AC-P10-TR-NT-SM-63B55-SM-63B54	12	47629495	56862417	1643	9232922	0.00796	0.00335033503350335	0.98101	3	3.27213	0	0	3.27213	3.386018	0	0.98101	0.98101	0.98101	2	2	1.99999	1.99999	0	0	0.31	0.06705	0.55014	0.31	0.06705	0.55014	0	0	0	0	0	1.99999	1.99999
AC-P10-TR-NT-SM-63B55-SM-63B54	12	56865348	56874121	15	8773	0.1251	0	1.47481	7	6.62045	0	1	14.150858	14.150858	0	1.47481	1.47481	1.47481	4	4	3.81984	3.81984	0	0	NA	NA	NA	NA	NA	NA	0	0	0	1	1	7.075429	7.075429
AC-P10-TR-NT-SM-63B55-SM-63B54	12	56956283	96310989	1491	39354706	0.00849	0.0143014301430143	0.99652	4	3.96189	0	0	3.96189	3.724136	0	0.99652	0.99652	0.99652	2	2	2	2	0	0	0.14	0.00214	0.39903	0.14	0.00214	0.39903	0	0	0	0	0	2	2
AC-P10-TR-NT-SM-63B55-SM-63B54	12	96346547	96389564	25	43017	0.10399	2.000200020002e-05	1.58281	7	6.8629	0	1	16.505258	16.505258	0	1.58281	1.58281	1.58281	5	5	4.82473	4.82473	0	0	NA	NA	NA	NA	NA	NA	0	0	0	1	1	8.252629	8.252629
AC-P10-TR-NT-SM-63B55-SM-63B54	12	96407000	102796314	354	6389314	0.01703	0.00232023202320232	0.97442	3	3.28028	0	0	3.28028	3.242356	0	0.97442	0.97442	0.97442	2	2	1.98465	1.98465	0	0	0.38	0.06731	0.71184	0.38	0.06731	0.71184	0	0	0	0	0	1.98465	1.98465
AC-P10-TR-NT-SM-63B55-SM-63B54	12	102813377	103352377	13	539000	0.14516	0.0002000200020002	1.59338	7	6.61019	0	1	16.735684	16.735684	0	1.59338	1.59338	1.59338	5	5	4.70876	4.70876	0	0	NA	NA	NA	NA	NA	NA	0	0	0	1	1	8.367842	8.367842
AC-P10-TR-NT-SM-63B55-SM-63B54	12	103699937	109246433	375	5546496	0.01679	0.00202020202020202	0.98885	4	3.6959	0	0	3.6959	3.55693	0	0.98885	0.98882	0.98889	2	2	1.99994	1.99994	0	0	0.22	0.01162	0.55766	0.22	0.0115	0.55701	0	0	0	0	0	1.99994	1.99994
AC-P10-TR-NT-SM-63B55-SM-63B54	12	109281282	109284016	3	2734	0.37738	0	1.99061	7	5.88244	0	1	25.395298	25.395298	NA	NA	NA	NA	NA	NA	NA	NA	NA	NA	NA	NA	NA	NA	NA	NA	NA	NA	NA	NA	NA	NA	NA
AC-P10-TR-NT-SM-63B55-SM-63B54	12	109292513	133779095	1792	24486582	0.00798	0.0089008900890089	1.02771	4	4.29197	0	0	4.29197	4.404078	0	1.02771	1.02771	1.02771	2	2	2	2	0	0	0.2	0.01552	0.43979	0.2	0.01552	0.43979	0	0	0	0	0	2	2
AC-P10-TR-NT-SM-63B55-SM-63B54	13	19751406	46658415	1106	26907009	0.00969	0.00978097809780978	0.9794	3	3.24318	0	0	3.24318	3.35092	0	0.9794	0.9794	0.9794	2	2	1.99995	1.99995	0	0	0.32	0.07106	0.58253	0.32	0.07106	0.58253	0	0	0	0	0	1.99995	1.99995
AC-P10-TR-NT-SM-63B55-SM-63B54	13	46679107	46718615	7	39508	0.20673	1.000100010001e-05	1.66527	7	6.29814	0	1	18.302886	18.302886	NA	NA	NA	NA	NA	NA	NA	NA	NA	NA	NA	NA	NA	NA	NA	NA	NA	NA	NA	NA	NA	NA	NA
AC-P10-TR-NT-SM-63B55-SM-63B54	13	46722534	113744192	1272	67021658	0.00956	0.0243524352435244	1.03691	5	4.8171	0	0	4.8171	4.604638	0	1.03691	1.03679	1.03703	2	2	2.00001	2.00001	0	0	0.3	0.05966	0.5499	0.3	0.06136	0.55257	0	0	0	0	0	2.00001	2.00001
AC-P10-TR-NT-SM-63B55-SM-63B54	13	113768217	113814409	11	46192	0.14323	2.000200020002e-05	1.44592	7	6.44164	0	1	13.521056	13.521056	0	1.44592	1.44592	1.44592	4	4	4.10785	4.10785	0	0	0.76	0.01611	0.97495	0.76	0.01611	0.97495	0	0	0	0	0	4.10785	4.10785
AC-P10-TR-NT-SM-63B55-SM-63B54	13	113819400	115090536	132	1271136	0.02831	0.00046004600460046	0.98888	4	3.75285	0	0	3.75285	3.557584	0	0.98888	0.98888	0.98888	2	2	1.96245	1.96245	0	0	0.22	0.00876	0.80603	0.22	0.00876	0.80603	0	0	0	0	0	1.96245	1.96245
AC-P10-TR-NT-SM-63B55-SM-63B54	14	19558773	21469421	149	1910648	0.02517	0.00069006900690069	0.93403	3	2.5895	0	0	2.5895	2.361854	0	0.93403	0.93403	0.93403	1	1	1.00061	1.00061	0	0	0.82	0.3913	0.98472	0.82	0.3913	0.98472	0	0	0	0	0	1.00061	1.00061
AC-P10-TR-NT-SM-63B55-SM-63B54	14	21486171	21557009	35	70838	0.06792	3.000300030003e-05	1.22253	7	6.64844	0	1	8.651154	8.651154	0	1.22253	1.22253	1.22253	3	3	2.93554	2.93554	0	0	0.33	0.01523	0.9743	0.33	0.01523	0.9743	0	0	0	0	0	2.93554	2.93554
AC-P10-TR-NT-SM-63B55-SM-63B54	14	21559635	23444247	298	1884612	0.01786	0.00068006800680068	0.93721	3	2.58001	0	0	2.58001	2.431178	0	0.93721	0.93721	0.93721	1	1	1.00018	1.00018	0	0	0.78	0.41527	0.98018	0.78	0.41527	0.98018	0	0	0	0	0	1.00018	1.00018
AC-P10-TR-NT-SM-63B55-SM-63B54	14	23445887	23450972	3	5085	0.30302	0	1.5978	7	5.83179	0	1	16.83204	16.83204	NA	NA	NA	NA	NA	NA	NA	NA	NA	NA	NA	NA	NA	NA	NA	NA	NA	NA	NA	NA	NA	NA	NA
AC-P10-TR-NT-SM-63B55-SM-63B54	14	23457167	24649258	328	1192091	0.01907	0.00043004300430043	1.05013	5	4.96701	0	0	4.96701	4.892834	0	1.05013	1.05013	1.05013	2	2	2.20039	2.20039	0	0	0.45	0.07866	0.83385	0.45	0.07866	0.83385	0	0	0	0	0	2.20039	2.20039
AC-P10-TR-NT-SM-63B55-SM-63B54	14	24650770	24739601	86	88831	0.03445	3.000300030003e-05	0.97145	3	3.48045	0	0	3.48045	3.17761	0	0.97145	0.97145	0.97145	2	2	1.75257	1.75257	0	0	0.41	0.01573	0.97305	0.41	0.01573	0.97305	0	0	0	0	0	1.75257	1.75257
AC-P10-TR-NT-SM-63B55-SM-63B54	14	24760384	24761923	4	1539	0.24389	0	1.48475	7	5.92284	0	1	14.36755	14.36755	NA	NA	NA	NA	NA	NA	NA	NA	NA	NA	NA	NA	NA	NA	NA	NA	NA	NA	NA	NA	NA	NA	NA
AC-P10-TR-NT-SM-63B55-SM-63B54	14	24766015	64593420	1272	39827405	0.00925	0.0144714471447145	1.00352	4	3.99267	0	0	3.99267	3.876736	0	1.00352	1.00352	1.00352	2	2	2	2	0	0	0.06	0	0.32356	0.06	0	0.32356	0	0	0	0	0	2	2
AC-P10-TR-NT-SM-63B55-SM-63B54	14	64596559	64855165	52	258606	0.04464	9.000900090009e-05	0.97889	4	3.79008	0	0	3.79008	3.339802	0	0.97889	0.97889	0.97889	2	2	1.71279	1.71279	0	0	0.33	0.01517	0.96971	0.33	0.01517	0.96971	0	0	0	0	0	1.71279	1.71279
AC-P10-TR-NT-SM-63B55-SM-63B54	14	64879216	94741784	1478	29862568	0.00865	0.0108510851085109	1.0114	4	4.00529	0	0	4.00529	4.04852	0	1.0114	1.0114	1.0114	2	2	2	2	0	0	0.02	0	0.29575	0.02	0	0.29575	0	0	0	0	0	2	2
AC-P10-TR-NT-SM-63B55-SM-63B54	14	94752519	95107937	37	355418	0.09563	0.00013001300130013	1.77126	7	6.96365	0	1	20.613468	20.613468	0	1.77126	1.77126	1.77126	7	7	6.99965	6.99965	0	0	NA	NA	NA	NA	NA	NA	0	0	0	1	1	10.306734	10.306734
AC-P10-TR-NT-SM-63B55-SM-63B54	14	95234906	106054579	656	10819673	0.01274	0.00393039303930393	0.99194	4	3.8161	0	0	3.8161	3.624292	0	0.99194	0.99177	0.99211	2	2	2	2	0	0	0.19	0.0078	0.49508	0.19	0.00724	0.4916	0	0	0	0	0	2	2
AC-P10-TR-NT-SM-63B55-SM-63B54	14	106066979	106110979	11	44000	0.14403	2.000200020002e-05	1.45402	7	6.44783	0	1	13.697636	13.697636	0	1.45402	0.83031	2.07773	1	7	1.72679	5.71772	0	0	0.95	0.01621	0.97519	NA	NA	NA	0	0	0	0	1	1.72679	13.647257
AC-P10-TR-NT-SM-63B55-SM-63B54	14	106174301	107283203	96	1108902	0.03252	0.0004000400040004	0.96882	3	3.39892	0	0	3.39892	3.120276	0	0.96882	0.93091	1.00673	1	2	1.18446	1.97048	0	0	0.85	0.04368	0.97997	0.03	0.00737	0.93537	0	0	0	0	0	1.18446	1.97048
AC-P10-TR-NT-SM-63B55-SM-63B54	15	20170331	34646004	450	14475673	0.01496	0.00526052605260526	0.96514	3	3.06033	0	0	3.06033	3.040052	0	0.96514	0.96514	0.96514	2	2	1.69848	1.69848	0	0	0.48	0.16225	0.7897	0.48	0.16225	0.7897	0	0	0	0	0	1.69848	1.69848
AC-P10-TR-NT-SM-63B55-SM-63B54	15	34647279	34656450	12	9171	0.06616	0	0.69598	1	1.10257	0	0	1.10257	-2.827636	0	0.69598	0.69598	0.69598	0	0	0.20602	0.20602	0	0	1	0.05966	0.98716	1	0.05966	0.98716	1	1	0	0	0	0.20602	0.20602
AC-P10-TR-NT-SM-63B55-SM-63B54	15	34657830	40293306	163	5635476	0.02416	0.00205020502050205	0.93763	3	2.65269	0	0	2.65269	2.440334	0	0.93763	0.93763	0.93763	1	1	1.00614	1.00614	0	0	0.78	0.3021	0.98135	0.78	0.3021	0.98135	0	0	0	0	0	1.00614	1.00614
AC-P10-TR-NT-SM-63B55-SM-63B54	15	40295454	40301872	3	6418	0.31226	0	1.64659	7	5.84378	0	1	17.895662	17.895662	NA	NA	NA	NA	NA	NA	NA	NA	NA	NA	NA	NA	NA	NA	NA	NA	NA	NA	NA	NA	NA	NA	NA
AC-P10-TR-NT-SM-63B55-SM-63B54	15	40309375	40708524	96	399149	0.03497	0.00015001500150015	1.04195	5	4.9024	0	0	4.9024	4.71451	0	1.04195	0.99358	1.09032	2	3	1.83823	2.78643	0	0	0.17	0.01234	0.96246	0.88	0.02931	0.97852	0	0	0	0	0	1.83823	2.78643
AC-P10-TR-NT-SM-63B55-SM-63B54	15	40751379	50515258	1167	9763879	0.0094	0.00355035503550355	0.9761	3	3.12065	0	0	3.12065	3.27898	0	0.9761	0.97601	0.97619	2	2	1.9995	1.99955	0	0	0.36	0.098	0.62256	0.36	0.09634	0.62056	0	0	0	0	0	1.9995	1.99955
AC-P10-TR-NT-SM-63B55-SM-63B54	15	50519275	50528204	4	8929	0.29771	0	1.81307	7	6.01418	0	1	21.524926	21.524926	NA	NA	NA	NA	NA	NA	NA	NA	NA	NA	NA	NA	NA	NA	NA	NA	NA	NA	NA	NA	NA	NA	NA
AC-P10-TR-NT-SM-63B55-SM-63B54	15	50535390	52970210	266	2434820	0.02001	0.00088008800880088	0.99217	4	3.76753	0	0	3.76753	3.629306	0	0.99217	0.99201	0.99233	2	2	1.99998	1.99998	0	0	0.19	0.0065	0.52858	0.18	0.00609	0.5256	0	0	0	0	0	1.99998	1.99998
AC-P10-TR-NT-SM-63B55-SM-63B54	15	53081528	54025269	20	943741	0.11142	0.00034003400340034	1.5168	7	6.76655	0	1	15.06624	15.06624	0	1.5168	1.5168	1.5168	7	7	6.60729	6.60729	0	0	NA	NA	NA	NA	NA	NA	0	0	0	1	1	7.53312	7.53312
AC-P10-TR-NT-SM-63B55-SM-63B54	15	54435225	58306426	156	3871201	0.02641	0.00141014101410141	1.00303	4	4.02203	0	0	4.02203	3.866054	0	1.00303	1.00303	1.00303	2	2	1.99997	1.99997	0	0	0.07	0	0.5044	0.07	0	0.5044	0	0	0	0	0	1.99997	1.99997
AC-P10-TR-NT-SM-63B55-SM-63B54	15	58458934	58724275	6	265341	0.2006	0.0001000100010001	1.49571	7	6.13951	0	1	14.606478	14.606478	NA	NA	NA	NA	NA	NA	NA	NA	NA	NA	NA	NA	NA	NA	NA	NA	NA	NA	NA	NA	NA	NA	NA
AC-P10-TR-NT-SM-63B55-SM-63B54	15	58834791	75012972	1107	16178181	0.00982	0.00588058805880588	0.99338	4	3.89614	0	0	3.89614	3.655684	0	0.99338	0.99338	0.99338	2	2	2	2	0	0	0.17	0.00658	0.43867	0.17	0.00658	0.43867	0	0	0	0	0	2	2
AC-P10-TR-NT-SM-63B55-SM-63B54	15	75013601	75044526	8	30925	0.217	1.000100010001e-05	1.86903	7	6.41542	0	1	22.744854	22.744854	0	1.86903	1.86903	1.86903	5	5	4.96961	4.96961	0	0	NA	NA	NA	NA	NA	NA	0	0	0	1	1	11.372427	11.372427
AC-P10-TR-NT-SM-63B55-SM-63B54	15	75091012	86259086	626	11168074	0.01322	0.00406040604060406	1.00553	4	3.99245	0	0	3.99245	3.920554	0	1.00553	1.00553	1.00553	2	2	2	2	0	0	0.04	0	0.34143	0.04	0	0.34143	0	0	0	0	0	2	2
AC-P10-TR-NT-SM-63B55-SM-63B54	15	86261313	86278825	11	17512	0.11385	1.000100010001e-05	1.14866	7	5.87459	0	1	7.040788	7.040788	0	1.14866	0.80376	1.49357	1	4	1.83339	3.64611	0	0	1	0.01627	0.97538	NA	NA	NA	0	0	0	0	1	1.83339	7.279913
AC-P10-TR-NT-SM-63B55-SM-63B54	15	86283477	102500730	666	16217253	0.01239	0.00589058905890589	0.97239	3	3.11558	0	0	3.11558	3.198102	0	0.97239	0.97179	0.973	2	2	1.97336	1.98367	0	0	0.41	0.09847	0.71999	0.39	0.08852	0.70717	0	0	0	0	0	1.97336	1.98367
AC-P10-TR-NT-SM-63B55-SM-63B54	16	105503	2053672	458	1948169	0.01531	0.00071007100710071	0.99619	4	3.87409	0	0	3.87409	3.716942	0	0.99619	0.99619	0.99619	2	2	1.9999	1.9999	0	0	0.14	0.00226	0.54726	0.14	0.00226	0.54726	0	0	0	0	0	1.9999	1.9999
AC-P10-TR-NT-SM-63B55-SM-63B54	16	2086805	2090186	3	3381	0.38997	0	2.05716	7	5.88412	0	1	26.846088	26.846088	NA	NA	NA	NA	NA	NA	NA	NA	NA	NA	NA	NA	NA	NA	NA	NA	NA	NA	NA	NA	NA	NA	NA
AC-P10-TR-NT-SM-63B55-SM-63B54	16	2094715	4707305	398	2612590	0.0168	0.00095009500950095	1.01899	4	4.21545	0	0	4.21545	4.213982	0	1.01899	1.01899	1.01899	2	2	2	2	0	0	0.11	0	0.4202	0.11	0	0.4202	0	0	0	0	0	2	2
AC-P10-TR-NT-SM-63B55-SM-63B54	16	4718289	4733247	6	14958	0.20036	1.000100010001e-05	1.49386	7	6.13844	0	1	14.566148	14.566148	0	1.49386	1.49386	1.49386	5	5	4.49187	4.49187	0	0	NA	NA	NA	NA	NA	NA	0	0	0	1	1	7.283074	7.283074
AC-P10-TR-NT-SM-63B55-SM-63B54	16	4747066	15044094	368	10297028	0.01743	0.00374037403740374	1.01699	4	4.18508	0	0	4.18508	4.170382	0	1.01699	1.01689	1.01708	2	2	2	2	0	0	0.08	0	0.40835	0.09	0	0.40994	0	0	0	0	0	2	2
AC-P10-TR-NT-SM-63B55-SM-63B54	16	15092229	15709774	51	617545	0.05567	0.00022002200220022	1.20946	7	6.74573	0	1	8.366228	8.366228	0	1.20946	0.80102	1.61791	1	5	1.5218	4.76856	0	0	1	0.01713	0.97589	NA	NA	NA	0	0	0	0	1	1.5218	8.635219
AC-P10-TR-NT-SM-63B55-SM-63B54	16	15711273	19278299	209	3567026	0.0227	0.0013001300130013	0.99802	4	3.89222	0	0	3.89222	3.756836	0	0.99802	0.99802	0.99802	2	2	1.99885	1.99885	0	0	0.12	0.0019	0.61754	0.12	0.0019	0.61754	0	0	0	0	0	1.99885	1.99885
AC-P10-TR-NT-SM-63B55-SM-63B54	16	19455487	19543801	27	88314	0.05129	3.000300030003e-05	0.80985	1	1.4176	0	0	1.4176	-0.34527	0	0.80985	0.80985	0.80985	1	1	1.41895	1.41895	0	0	1	0.01735	0.97594	1	0.01735	0.97594	0	0	0	0	0	1.41895	1.41895
AC-P10-TR-NT-SM-63B55-SM-63B54	16	19553297	21222837	225	1669540	0.02286	0.00061006100610061	1.04293	5	4.83779	0	0	4.83779	4.735874	0	1.04293	1.04254	1.04331	2	2	2.06921	2.07979	0	0	0.36	0.03151	0.81118	0.37	0.03364	0.81794	0	0	0	0	0	2.06921	2.07979
AC-P10-TR-NT-SM-63B55-SM-63B54	16	21261596	21281161	6	19565	0.20875	1.000100010001e-05	1.55655	7	6.17039	0	1	15.93279	15.93279	NA	NA	NA	NA	NA	NA	NA	NA	NA	NA	NA	NA	NA	NA	NA	NA	NA	NA	NA	NA	NA	NA	NA
AC-P10-TR-NT-SM-63B55-SM-63B54	16	21328317	48231929	1237	26903612	0.00921	0.00978097809780978	0.98488	4	3.53687	0	0	3.53687	3.470384	0	0.98488	0.98488	0.98488	2	2	2	2	0	0	0.26	0.03675	0.51703	0.26	0.03675	0.51703	0	0	0	0	0	2	2
AC-P10-TR-NT-SM-63B55-SM-63B54	16	48234288	48265782	12	31494	0.14048	1.000100010001e-05	1.48127	7	6.51304	0	1	14.291686	14.291686	NA	NA	NA	NA	NA	NA	NA	NA	NA	NA	NA	NA	NA	NA	NA	NA	NA	NA	NA	NA	NA	NA	NA
AC-P10-TR-NT-SM-63B55-SM-63B54	16	48290586	50830326	115	2539740	0.03	0.00092009200920092	0.97812	4	3.55237	0	0	3.55237	3.323016	0	0.97812	0.96456	0.99169	2	2	1.53574	1.84815	0	0	0.49	0.02492	0.96302	0.19	0.00978	0.92914	0	0	0	0	0	1.53574	1.84815
AC-P10-TR-NT-SM-63B55-SM-63B54	16	51171242	52502453	7	1331211	0.18093	0.00048004800480048	1.45705	7	6.20009	0	1	13.76369	13.76369	0	1.45705	1.45705	1.45705	5	5	5.36293	5.36293	0	0	0.88	0.01863	0.97597	0.88	0.01863	0.97597	0	0	0	0	0	5.36293	5.36293
AC-P10-TR-NT-SM-63B55-SM-63B54	16	53243559	58750000	584	5506441	0.01411	0.002000200020002	1.03701	5	4.7517	0	0	4.7517	4.606818	0	1.03701	1.03692	1.03709	2	2	2.00011	2.00012	0	0	0.3	0.04361	0.58948	0.3	0.04457	0.59138	0	0	0	0	0	2.00011	2.00012
AC-P10-TR-NT-SM-63B55-SM-63B54	16	58752151	58757727	5	5576	0.26004	0	1.77049	7	6.13	0	1	20.596682	20.596682	0	1.77049	1.77049	1.77049	7	7	6.16672	6.16672	0	0	NA	NA	NA	NA	NA	NA	0	0	0	1	1	10.298341	10.298341
AC-P10-TR-NT-SM-63B55-SM-63B54	16	61689499	71571160	933	9881661	0.01111	0.00359035903590359	1.03243	5	4.60146	0	0	4.60146	4.506974	0	1.03243	1.03243	1.03243	2	2	2.00294	2.00295	0	0	0.25	0.01348	0.66493	0.25	0.01348	0.66493	0	0	0	0	0	2.00294	2.00295
AC-P10-TR-NT-SM-63B55-SM-63B54	16	71604235	71610200	6	5965	0.29315	0	2.18715	7	6.26299	0	1	29.67987	29.67987	NA	NA	NA	NA	NA	NA	NA	NA	NA	NA	NA	NA	NA	NA	NA	NA	NA	NA	NA	NA	NA	NA	NA
AC-P10-TR-NT-SM-63B55-SM-63B54	16	71668400	72046054	55	377654	0.04361	0.00014001400140014	0.98338	4	3.85817	0	0	3.85817	3.437684	0	0.98338	0	1.96675	0	5	0.95491	4.42012	0	0	1	0.02504	0.98109	NA	NA	NA	1	0	0	0	1	0.95491	12.437575
AC-P10-TR-NT-SM-63B55-SM-63B54	16	72050963	72090100	5	39137	0.29109	1.000100010001e-05	1.98225	7	6.15257	0	1	25.21305	25.21305	NA	NA	NA	NA	NA	NA	NA	NA	NA	NA	NA	NA	NA	NA	NA	NA	NA	NA	NA	NA	NA	NA	NA
AC-P10-TR-NT-SM-63B55-SM-63B54	16	72091327	74640773	105	2549446	0.03185	0.00093009300930093	0.99242	4	3.86613	0	0	3.86613	3.634756	0	0.99242	0.99242	0.99242	2	2	1.99749	1.99749	0	0	0.18	0.00548	0.65375	0.18	0.00548	0.65375	0	0	0	0	0	1.99749	1.99749
AC-P10-TR-NT-SM-63B55-SM-63B54	16	74660346	74670359	5	10013	0.2143	0	1.45852	7	6.01979	0	1	13.795736	13.795736	0	1.45852	1.45852	1.45852	5	5	4.48895	4.48895	0	0	0.9	0.01677	0.97536	0.9	0.01677	0.97536	0	0	0	0	0	4.48895	4.48895
AC-P10-TR-NT-SM-63B55-SM-63B54	16	74678535	87795600	507	13117065	0.01446	0.00477047704770477	0.99034	4	3.75156	0	0	3.75156	3.589412	0	0.99034	0.99034	0.99034	2	2	1.99999	1.99999	0	0	0.21	0.00984	0.52147	0.21	0.00984	0.52147	0	0	0	0	0	1.99999	1.99999
AC-P10-TR-NT-SM-63B55-SM-63B54	16	87870178	87969985	12	99807	0.1437	4.000400040004e-05	1.51526	7	6.53352	0	1	15.032668	15.032668	0	1.51526	1.51526	1.51526	6	6	5.54937	5.54937	0	0	NA	NA	NA	NA	NA	NA	0	0	0	1	1	7.516334	7.516334
AC-P10-TR-NT-SM-63B55-SM-63B54	16	88039783	90141820	220	2102037	0.02149	0.00076007600760076	0.96928	3	3.2496	0	0	3.2496	3.130304	0	0.96928	0.96928	0.96928	2	2	1.7982	1.79821	0	0	0.43	0.05956	0.85156	0.43	0.05956	0.85156	0	0	0	0	0	1.7982	1.79821
AC-P10-TR-NT-SM-63B55-SM-63B54	17	96988	1340181	66	1243193	0.03909	0.00045004500450045	0.9655	3	3.43795	0	0	3.43795	3.0479	0	0.9655	0.96535	0.96564	2	2	1.58919	1.5989	0	0	0.48	0.05051	0.92444	0.47	0.04958	0.92326	0	0	0	0	0	1.58919	1.5989
AC-P10-TR-NT-SM-63B55-SM-63B54	17	1369032	1371743	7	2711	0.17809	0	1.43411	7	6.18309	0	1	13.263598	13.263598	NA	NA	NA	NA	NA	NA	NA	NA	NA	NA	NA	NA	NA	NA	NA	NA	NA	NA	NA	NA	NA	NA	NA
AC-P10-TR-NT-SM-63B55-SM-63B54	17	1374573	1637165	86	262592	0.03434	0.0001000100010001	0.96837	3	3.41743	0	0	3.41743	3.110466	0	0.96837	0.96782	0.96891	2	2	1.66814	1.70079	0	0	0.45	0.04238	0.91486	0.44	0.03944	0.90976	0	0	0	0	0	1.66814	1.70079
AC-P10-TR-NT-SM-63B55-SM-63B54	17	1639422	1657621	8	18199	0.17117	1.000100010001e-05	1.47363	7	6.28607	0	1	14.125134	14.125134	0	1.47363	1.47363	1.47363	6	6	5.60746	5.60746	0	0	NA	NA	NA	NA	NA	NA	0	0	0	1	1	7.062567	7.062567
AC-P10-TR-NT-SM-63B55-SM-63B54	17	1674400	3779616	240	2105216	0.02108	0.00076007600760076	0.99311	4	3.7883	0	0	3.7883	3.649798	0	0.99311	0.99311	0.99311	2	2	1.99998	1.99998	0	0	0.18	0.00505	0.52624	0.18	0.00505	0.52624	0	0	0	0	0	1.99998	1.99998
AC-P10-TR-NT-SM-63B55-SM-63B54	17	3786402	3831570	17	45168	0.05773	2.000200020002e-05	0.72293	1	1.00362	0	0	1.00362	-2.240126	0	0.72293	0.72293	0.72293	0	0	0.3512	0.3512	0	0	1	0.04077	0.98441	1	0.04077	0.98441	1	1	0	0	0	0.3512	0.3512
AC-P10-TR-NT-SM-63B55-SM-63B54	17	3839661	6547882	486	2708221	0.01492	0.00098009800980098	1.00013	4	3.93596	0	0	3.93596	3.802834	0	1.00013	1.00013	1.00013	2	2	1.99994	1.99994	0	0	0.1	0	0.5253	0.1	0	0.52529	0	0	0	0	0	1.99994	1.99994
AC-P10-TR-NT-SM-63B55-SM-63B54	17	6553714	6610410	9	56696	0.21283	2.000200020002e-05	1.94444	7	6.48939	0	1	24.388792	24.388792	NA	NA	NA	NA	NA	NA	NA	NA	NA	NA	NA	NA	NA	NA	NA	NA	NA	NA	NA	NA	NA	NA	NA
AC-P10-TR-NT-SM-63B55-SM-63B54	17	6661475	7077532	58	416057	0.05136	0.00015001500150015	1.19006	7	6.72171	0	1	7.943308	7.943308	0	1.19006	1.1898	1.19033	4	4	3.97727	3.97908	0	0	0.97	0.20458	0.98796	0.97	0.20767	0.98811	0	0	0	0	0	3.97727	3.97908
AC-P10-TR-NT-SM-63B55-SM-63B54	17	7080347	7094631	4	14284	0.3083	1.000100010001e-05	1.87765	7	6.02122	0	1	22.93277	22.93277	NA	NA	NA	NA	NA	NA	NA	NA	NA	NA	NA	NA	NA	NA	NA	NA	NA	NA	NA	NA	NA	NA	NA
AC-P10-TR-NT-SM-63B55-SM-63B54	17	7096349	7507148	261	410799	0.01996	0.00015001500150015	0.9804	3	3.48575	0	0	3.48575	3.37272	0	0.9804	0.97987	0.98093	2	2	1.99181	1.99393	0	0	0.32	0.02919	0.70097	0.31	0.02596	0.69007	0	0	0	0	0	1.99181	1.99393
AC-P10-TR-NT-SM-63B55-SM-63B54	17	7530090	7535264	10	5174	0.16338	0	1.57281	7	6.46512	0	1	16.287258	16.287258	NA	NA	NA	NA	NA	NA	NA	NA	NA	NA	NA	NA	NA	NA	NA	NA	NA	NA	NA	NA	NA	NA	NA
AC-P10-TR-NT-SM-63B55-SM-63B54	17	7536595	17965223	1066	10428628	0.00971	0.00379037903790379	0.96373	3	3.00584	0	0	3.00584	3.009314	0	0.96373	0.96373	0.96373	2	2	1.58423	1.58423	0	0	0.5	0.23123	0.74939	0.5	0.23123	0.74939	0	0	0	0	0	1.58423	1.58423
AC-P10-TR-NT-SM-63B55-SM-63B54	17	18001628	18047858	24	46230	0.08531	2.000200020002e-05	1.27175	7	6.60748	0	1	9.72415	9.72415	0	1.27175	1.27175	1.27175	2	2	2.75657	2.75657	0	0	0.86	0.01553	0.97486	0.86	0.01553	0.97486	0	0	0	0	0	2.75657	2.75657
AC-P10-TR-NT-SM-63B55-SM-63B54	17	18051433	26691896	405	8640463	0.01609	0.00314031403140314	0.9849	4	3.57949	0	0	3.57949	3.47082	0	0.9849	0.98005	0.98976	2	2	1.95445	1.99155	0	0	0.32	0.02016	0.79718	0.21	0.00781	0.71133	0	0	0	0	0	1.95445	1.99155
AC-P10-TR-NT-SM-63B55-SM-63B54	17	26694907	26697192	7	2285	0.22768	0	1.83432	7	6.33387	0	1	21.988176	21.988176	NA	NA	NA	NA	NA	NA	NA	NA	NA	NA	NA	NA	NA	NA	NA	NA	NA	NA	NA	NA	NA	NA	NA
AC-P10-TR-NT-SM-63B55-SM-63B54	17	26715243	27493458	264	778215	0.02148	0.00028002800280028	1.0616	5	5.19325	0	0	5.19325	5.14288	0	1.0616	1.0616	1.0616	3	3	2.53753	2.53753	0	0	0.57	0.02614	0.97085	0.57	0.02614	0.97085	0	0	0	0	0	2.53753	2.53753
AC-P10-TR-NT-SM-63B55-SM-63B54	17	27577258	39504812	1266	11927554	0.00909	0.00433043304330433	0.98307	3	3.42258	0	0	3.42258	3.430926	0	0.98307	0.98307	0.98307	2	2	2	2	0	0	0.28	0.04977	0.53201	0.28	0.04977	0.53201	0	0	0	0	0	2	2
AC-P10-TR-NT-SM-63B55-SM-63B54	17	39520146	39524200	6	4054	0.07572	0	0.56268	1	0.82369	0	0	0.82369	-5.733576	NA	NA	NA	NA	NA	NA	NA	NA	NA	NA	NA	NA	NA	NA	NA	NA	NA	NA	NA	NA	NA	NA	NA
AC-P10-TR-NT-SM-63B55-SM-63B54	17	39535317	41004160	440	1468843	0.01538	0.00053005300530053	0.98105	3	3.44402	0	0	3.44402	3.38689	0	0.98105	0.98105	0.98105	2	2	1.99754	1.99754	0	0	0.31	0.02979	0.65868	0.31	0.02979	0.65868	0	0	0	0	0	1.99754	1.99754
AC-P10-TR-NT-SM-63B55-SM-63B54	17	41008429	41063187	5	54758	0.24653	2.000200020002e-05	1.67838	7	6.11047	0	1	18.588684	18.588684	0	1.67838	1.30484	2.05192	3	4	2.83554	4.0645	0	0	0.22	0.01518	0.97449	NA	NA	NA	0	0	0	0	1	2.83554	13.365928
AC-P10-TR-NT-SM-63B55-SM-63B54	17	41103863	56569112	1302	15465249	0.00903	0.00562056205620562	0.99081	4	3.83764	0	0	3.83764	3.599658	0	0.99081	0.99081	0.99081	2	2	2	2	0	0	0.2	0.01286	0.45583	0.2	0.01286	0.45583	0	0	0	0	0	2	2
AC-P10-TR-NT-SM-63B55-SM-63B54	17	56570257	57093065	74	522808	0.04178	0.00019001900190019	1.09309	6	5.90447	0	0	5.90447	5.829362	0	1.09309	1.09309	1.09309	3	3	2.65917	2.65917	0	0	0.91	0.01909	0.97623	0.91	0.01909	0.97623	0	0	0	0	0	2.65917	2.65917
AC-P10-TR-NT-SM-63B55-SM-63B54	17	57105929	64210669	646	7104740	0.01249	0.00258025802580258	0.96495	3	3.02822	0	0	3.02822	3.03591	0	0.96495	0.96495	0.96495	2	2	1.65243	1.65244	0	0	0.48	0.13464	0.82381	0.48	0.13464	0.82381	0	0	0	0	0	1.65243	1.65244
AC-P10-TR-NT-SM-63B55-SM-63B54	17	64216765	64224225	4	7460	0.29785	0	1.8139	7	6.01428	0	1	21.54302	21.54302	NA	NA	NA	NA	NA	NA	NA	NA	NA	NA	NA	NA	NA	NA	NA	NA	NA	NA	NA	NA	NA	NA	NA
AC-P10-TR-NT-SM-63B55-SM-63B54	17	64302229	81052160	1585	16749931	0.00851	0.00609060906090609	1.03079	4	4.49886	0	0	4.49886	4.471222	0	1.03079	1.03079	1.03079	2	2	2	2	0	0	0.24	0.02595	0.4797	0.24	0.02595	0.4797	0	0	0	0	0	2	2
AC-P10-TR-NT-SM-63B55-SM-63B54	18	166802	6898503	203	6731701	0.02279	0.00245024502450245	0.98725	4	3.66984	0	0	3.66984	3.52205	0	0.98725	0.98725	0.98725	2	2	1.99505	1.99505	0	0	0.24	0.01083	0.6845	0.24	0.01083	0.6845	0	0	0	0	0	1.99505	1.99505
AC-P10-TR-NT-SM-63B55-SM-63B54	18	6943289	6950875	5	7586	0.09264	0	0.6288	1	1.51829	0	0	1.51829	-4.29216	0	0.6288	0.6288	0.6288	0	0	0.19402	0.19402	0	0	1	0.06254	0.98781	1	0.06254	0.98781	1	1	0	0	0	0.19402	0.19402
AC-P10-TR-NT-SM-63B55-SM-63B54	18	6958568	77960703	1852	71002135	0.0077	0.0258025802580258	1.00735	4	3.99972	0	0	3.99972	3.96023	0	1.00735	1.00735	1.00735	2	2	2	2	0	0	0.02	0	0.28114	0.02	0	0.28114	0	0	0	0	0	2	2
AC-P10-TR-NT-SM-63B55-SM-63B54	19	111137	1369619	181	1258482	0.02368	0.00046004600460046	0.96879	3	3.2734	0	0	3.2734	3.119622	0	0.96879	0.96879	0.96879	2	2	1.77541	1.77542	0	0	0.44	0.06033	0.85916	0.44	0.06033	0.85916	0	0	0	0	0	1.77541	1.77542
AC-P10-TR-NT-SM-63B55-SM-63B54	19	1390959	1399160	4	8201	0.22978	0	1.39868	7	5.8716	0	1	12.491224	12.491224	0	1.39868	1.39868	1.39868	3	3	3.10288	3.10288	0	0	0.25	0.01518	0.97444	0.25	0.01518	0.97444	0	0	0	0	0	3.10288	3.10288
AC-P10-TR-NT-SM-63B55-SM-63B54	19	1425917	6665148	673	5239231	0.01326	0.0019001900190019	1.0459	5	4.93939	0	0	4.93939	4.80062	0	1.0459	1.0459	1.0459	2	2	2.00912	2.00912	0	0	0.4	0.11321	0.6847	0.4	0.11321	0.6847	0	0	0	0	0	2.00912	2.00912
AC-P10-TR-NT-SM-63B55-SM-63B54	19	6669970	6730358	40	60388	0.09781	2.000200020002e-05	1.8837	7	6.97559	0	1	23.06466	23.06466	0	1.8837	1.8837	1.8837	7	7	6.98018	6.98018	0	0	NA	NA	NA	NA	NA	NA	0	0	0	1	1	11.53233	11.53233
AC-P10-TR-NT-SM-63B55-SM-63B54	19	6731251	7673080	130	941829	0.03016	0.00034003400340034	1.04575	5	4.93872	0	0	4.93872	4.79735	0	1.04575	1.04575	1.04575	2	2	2.132	2.132	0	0	0.4	0.03982	0.84552	0.4	0.03982	0.84552	0	0	0	0	0	2.132	2.132
AC-P10-TR-NT-SM-63B55-SM-63B54	19	7675632	7686101	15	10469	0.12477	0	1.47091	7	6.61795	0	1	14.065838	14.065838	0	1.47091	1.47091	1.47091	4	4	3.60761	3.60761	0	0	NA	NA	NA	NA	NA	NA	0	0	0	1	1	7.032919	7.032919
AC-P10-TR-NT-SM-63B55-SM-63B54	19	7687481	18100588	1796	10413107	0.00802	0.00378037803780378	1.03312	5	4.65224	0	0	4.65224	4.522016	0	1.03312	1.03312	1.03312	2	2	2	2	0	0	0.26	0.04332	0.49112	0.26	0.04332	0.49112	0	0	0	0	0	2	2
AC-P10-TR-NT-SM-63B55-SM-63B54	19	18119552	18273266	28	153714	0.07182	6.000600060006e-05	1.15617	7	6.28239	0	1	7.204506	7.204506	0	1.15617	1.15617	1.15617	3	3	3.17991	3.17991	0	0	0.6	0.01708	0.97435	0.6	0.01708	0.97435	0	0	0	0	0	3.17991	3.17991
AC-P10-TR-NT-SM-63B55-SM-63B54	19	18274135	35524522	641	17250387	0.01315	0.00627062706270627	1.01265	4	4.04379	0	0	4.04379	4.07577	0	1.01265	1.01265	1.01265	2	2	2	2	0	0	0.04	0	0.34399	0.04	0	0.34399	0	0	0	0	0	2	2
AC-P10-TR-NT-SM-63B55-SM-63B54	19	35540244	35556853	8	16609	0.17953	1.000100010001e-05	1.54573	7	6.32792	0	1	15.696914	15.696914	NA	NA	NA	NA	NA	NA	NA	NA	NA	NA	NA	NA	NA	NA	NA	NA	NA	NA	NA	NA	NA	NA	NA
AC-P10-TR-NT-SM-63B55-SM-63B54	19	35611997	36297414	205	685417	0.02425	0.00025002500250025	1.05613	5	5.1075	0	0	5.1075	5.023634	0	1.05613	1.05613	1.05613	2	2	2.48999	2.49	0	0	0.51	0.0313	0.96122	0.51	0.0313	0.96122	0	0	0	0	0	2.48999	2.49
AC-P10-TR-NT-SM-63B55-SM-63B54	19	36303104	36304113	4	1009	0.30744	0	1.87239	7	6.02073	0	1	22.818102	22.818102	NA	NA	NA	NA	NA	NA	NA	NA	NA	NA	NA	NA	NA	NA	NA	NA	NA	NA	NA	NA	NA	NA	NA
AC-P10-TR-NT-SM-63B55-SM-63B54	19	36321801	39734505	491	3412704	0.01468	0.00124012401240124	0.98907	4	3.71235	0	0	3.71235	3.561726	0	0.98907	0.98907	0.98907	2	2	1.99958	1.99958	0	0	0.22	0.00975	0.59882	0.22	0.00975	0.59881	0	0	0	0	0	1.99958	1.99958
AC-P10-TR-NT-SM-63B55-SM-63B54	19	39735517	39760419	5	24902	0.09295	1.000100010001e-05	0.63091	1	1.53646	0	0	1.53646	-4.246162	0	0.63091	0.63091	0.63091	0	0	0.18515	0.18515	0	0	1	0.06452	0.98798	1	0.06452	0.98798	1	1	0	0	0	0.18515	0.18515
AC-P10-TR-NT-SM-63B55-SM-63B54	19	39787483	39860529	12	73046	0.10048	3.000300030003e-05	1.0586	6	5.37897	0	0	5.37897	5.07748	0	1.0586	0.58159	1.53561	0	4	1.26553	3.99919	0	0	1	0.02032	0.97842	NA	NA	NA	1	0	0	0	1	1.26553	7.738149
AC-P10-TR-NT-SM-63B55-SM-63B54	19	39867131	39869186	4	2055	0.25478	0	1.55116	7	5.95207	0	1	15.815288	15.815288	NA	NA	NA	NA	NA	NA	NA	NA	NA	NA	NA	NA	NA	NA	NA	NA	NA	NA	NA	NA	NA	NA	NA
AC-P10-TR-NT-SM-63B55-SM-63B54	19	39871691	40366299	114	494608	0.02932	0.00018001800180018	0.95181	3	3.00947	0	0	3.00947	2.749458	0	0.95181	0.95181	0.95181	1	1	1.08895	1.08895	0	0	0.63	0.17854	0.9542	0.63	0.17854	0.9542	0	0	0	0	0	1.08895	1.08895
AC-P10-TR-NT-SM-63B55-SM-63B54	19	40368589	40398238	13	29649	0.13025	1.000100010001e-05	1.42936	7	6.51634	0	1	13.160048	13.160048	NA	NA	NA	NA	NA	NA	NA	NA	NA	NA	NA	NA	NA	NA	NA	NA	NA	NA	NA	NA	NA	NA	NA
AC-P10-TR-NT-SM-63B55-SM-63B54	19	40400536	41313422	167	912886	0.02478	0.00033003300330033	0.97351	3	3.38927	0	0	3.38927	3.222518	0	0.97351	0.97351	0.97351	2	2	1.87742	1.87742	0	0	0.39	0.03598	0.84284	0.39	0.03598	0.84284	0	0	0	0	0	1.87742	1.87742
AC-P10-TR-NT-SM-63B55-SM-63B54	19	41350606	41515211	22	164605	0.10584	6.000600060006e-05	1.5112	7	6.79889	0	1	14.94416	14.94416	0	1.5112	1.5112	1.5112	3	3	3.17811	3.17811	0	0	NA	NA	NA	NA	NA	NA	0	0	0	1	1	7.47208	7.47208
AC-P10-TR-NT-SM-63B55-SM-63B54	19	41518296	43441196	311	1922900	0.0177	0.0007000700070007	0.94888	3	2.85607	0	0	2.85607	2.685584	0	0.94888	0.94888	0.94888	1	1	1.14872	1.14872	0	0	0.66	0.11496	0.96964	0.66	0.11496	0.96964	0	0	0	0	0	1.14872	1.14872
AC-P10-TR-NT-SM-63B55-SM-63B54	19	43523060	43586689	8	63629	0.06586	2.000200020002e-05	0.56511	0	0.55475	1	0	0.55475	-5.680602	NA	NA	NA	NA	NA	NA	NA	NA	NA	NA	NA	NA	NA	NA	NA	NA	NA	NA	NA	NA	NA	NA	NA
AC-P10-TR-NT-SM-63B55-SM-63B54	19	43679493	43773551	17	94058	0.08065	3.000300030003e-05	1.01115	5	4.83995	0	0	4.83995	4.04307	0	1.01115	1.01115	1.01115	2	2	2.01135	2.01135	0	0	0.02	0.00929	0.95261	0.02	0.00929	0.95261	0	0	0	0	0	2.01135	2.01135
AC-P10-TR-NT-SM-63B55-SM-63B54	19	43858074	43859873	3	1799	0.09536	0	0.50075	1	1.12115	0	0	1.12115	-7.08365	NA	NA	NA	NA	NA	NA	NA	NA	NA	NA	NA	NA	NA	NA	NA	NA	NA	NA	NA	NA	NA	NA	NA
AC-P10-TR-NT-SM-63B55-SM-63B54	19	43865663	44302679	73	437016	0.0345	0.00016001600160016	0.89612	2	2.02995	0	0	2.02995	1.535416	0	0.89612	0.89612	0.89612	1	1	0.96421	0.96421	0	0	0.23	0.01366	0.96637	0.23	0.01366	0.96637	0	0	0	0	0	0.96421	0.96421
AC-P10-TR-NT-SM-63B55-SM-63B54	19	44351941	45406356	113	1054415	0.0344	0.00038003800380038	1.1124	6	6.24861	0	0	6.24861	6.25032	0	1.1124	1.1124	1.1124	3	3	3.00158	3.00158	0	0	0.13	0.00229	0.64006	0.13	0.00229	0.64006	0	0	0	0	0	3.00158	3.00158
AC-P10-TR-NT-SM-63B55-SM-63B54	19	45412148	45452037	7	39889	0.2092	1.000100010001e-05	1.6852	7	6.30381	0	1	18.73736	18.73736	0	1.6852	1.6852	1.6852	3	3	3.4493	3.4493	0	0	NA	NA	NA	NA	NA	NA	0	0	0	1	1	9.36868	9.36868
AC-P10-TR-NT-SM-63B55-SM-63B54	19	45476405	45853790	60	377385	0.04696	0.00014001400140014	1.10651	6	6.07978	0	0	6.07978	6.121918	0	1.10651	1.10651	1.10651	3	3	2.90127	2.90127	0	0	0.06	0.01186	0.9646	0.06	0.01186	0.9646	0	0	0	0	0	2.90127	2.90127
AC-P10-TR-NT-SM-63B55-SM-63B54	19	45854243	48342900	263	2488657	0.01985	0.0009000900090009	0.97858	3	3.43842	0	0	3.43842	3.333044	0	0.97858	0.97821	0.97895	2	2	1.99136	1.99314	0	0	0.34	0.03819	0.70019	0.33	0.03522	0.69253	0	0	0	0	0	1.99136	1.99314
AC-P10-TR-NT-SM-63B55-SM-63B54	19	48378002	48389446	5	11444	0.31221	0	2.1263	7	6.15665	0	1	28.35334	28.35334	NA	NA	NA	NA	NA	NA	NA	NA	NA	NA	NA	NA	NA	NA	NA	NA	NA	NA	NA	NA	NA	NA	NA
AC-P10-TR-NT-SM-63B55-SM-63B54	19	48519222	54963880	1106	6444658	0.00982	0.00234023402340234	0.99259	4	3.8775	0	0	3.8775	3.638462	0	0.99259	0.99259	0.99259	2	2	2	2	0	0	0.18	0.00864	0.43785	0.18	0.00864	0.43785	0	0	0	0	0	2	2
AC-P10-TR-NT-SM-63B55-SM-63B54	19	54965734	56329404	287	1363670	0.01886	0.0005000500050005	0.97131	3	3.24572	0	0	3.24572	3.174558	0	0.97131	0.915	1.02762	1	2	1.0564	2.17654	0	0	0.03	0.00902	0.95039	0.2	0.01228	0.9591	0	0	0	0	0	1.0564	2.17654
AC-P10-TR-NT-SM-63B55-SM-63B54	19	56369827	58806182	201	2436355	0.02327	0.00089008900890089	1.00316	4	3.99599	0	0	3.99599	3.868888	0	1.00316	1.00316	1.00316	2	2	2	2	0	0	0.07	0	0.44878	0.07	0	0.44878	0	0	0	0	0	2	2
AC-P10-TR-NT-SM-63B55-SM-63B54	19	58850155	58864428	4	14273	0.29348	1.000100010001e-05	1.78724	7	6.01067	0	1	20.961832	20.961832	NA	NA	NA	NA	NA	NA	NA	NA	NA	NA	NA	NA	NA	NA	NA	NA	NA	NA	NA	NA	NA	NA	NA
AC-P10-TR-NT-SM-63B55-SM-63B54	19	58904447	59082558	45	178111	0.05486	6.000600060006e-05	1.11949	7	6.16678	0	0	6.16678	6.404882	0	1.11949	1.11949	1.11949	3	3	3.10354	3.10354	0	0	0.2	0.00949	0.91319	0.2	0.00949	0.91319	0	0	0	0	0	3.10354	3.10354
AC-P10-TR-NT-SM-63B55-SM-63B54	20	76851	3759422	368	3682571	0.01713	0.00134013401340134	0.99954	4	3.91472	0	0	3.91472	3.789972	0	0.99954	0.99954	0.99954	2	2	1.99999	1.99999	0	0	0.11	0	0.48681	0.11	0	0.48681	0	0	0	0	0	1.99999	1.99999
AC-P10-TR-NT-SM-63B55-SM-63B54	20	3761879	4768888	48	1007009	0.04815	0.00037003700370037	1.01445	5	4.516	0	0	4.516	4.11501	0	1.01445	0.78312	1.24578	0	4	0.70602	3.91526	0	0	1	0.0245	0.97946	0.58	0.01693	0.97419	1	0	0	0	0	0.70602	3.91526
AC-P10-TR-NT-SM-63B55-SM-63B54	20	4771176	36954750	1470	32183574	0.00854	0.0116911691169117	0.99576	4	3.95315	0	0	3.95315	3.707568	0	0.99576	0.99576	0.99576	2	2	2	2	0	0	0.15	0.00369	0.38426	0.15	0.00369	0.38426	0	0	0	0	0	2	2
AC-P10-TR-NT-SM-63B55-SM-63B54	20	36962863	37005288	14	42425	0.12936	2.000200020002e-05	1.47331	7	6.5861	0	1	14.118158	14.118158	0	1.47331	1.47331	1.47331	7	7	6.39423	6.39423	0	0	NA	NA	NA	NA	NA	NA	0	0	0	1	1	7.059079	7.059079
AC-P10-TR-NT-SM-63B55-SM-63B54	20	37056017	53226994	950	16170977	0.01052	0.00588058805880588	0.98577	4	3.59434	0	0	3.59434	3.489786	0	0.98577	0.98577	0.98577	2	2	2	2	0	0	0.26	0.03052	0.51362	0.26	0.03052	0.51362	0	0	0	0	0	2	2
AC-P10-TR-NT-SM-63B55-SM-63B54	20	54573711	54579081	3	5370	0.28281	0	1.49102	7	5.79598	0	1	14.504236	14.504236	NA	NA	NA	NA	NA	NA	NA	NA	NA	NA	NA	NA	NA	NA	NA	NA	NA	NA	NA	NA	NA	NA	NA
AC-P10-TR-NT-SM-63B55-SM-63B54	20	54940230	56098989	64	1158759	0.03909	0.00042004200420042	0.95082	3	3.15462	0	0	3.15462	2.727876	0	0.95082	0.95082	0.95082	1	1	1.18755	1.18755	0	0	0.64	0.10143	0.96706	0.64	0.10143	0.96706	0	0	0	0	0	1.18755	1.18755
AC-P10-TR-NT-SM-63B55-SM-63B54	20	56137217	56140632	8	3415	0.1863	0	1.60417	7	6.35364	0	1	16.970906	16.970906	0	1.60417	1.16669	2.04165	3	7	2.81199	5.79637	0	0	0.72	0.0159	0.97485	NA	NA	NA	0	0	0	0	1	2.81199	13.253985
AC-P10-TR-NT-SM-63B55-SM-63B54	20	56185313	57611576	68	1426263	0.04051	0.00052005200520052	1.01579	4	4.44145	0	0	4.44145	4.144222	0	1.01579	1.01558	1.016	2	2	2.00264	2.00287	0	0	0.07	0.00083	0.66029	0.07	0.00099	0.66363	0	0	0	0	0	2.00264	2.00287
AC-P10-TR-NT-SM-63B55-SM-63B54	20	57767943	58519574	38	751631	0.04486	0.00027002700270027	0.84048	1	1.52628	0	0	1.52628	0.322464000000002	0	0.84048	0.84048	0.84048	1	1	0.97396	0.97396	0	0	0.84	0.01877	0.97586	0.84	0.01877	0.97586	0	0	0	0	0	0.97396	0.97396
AC-P10-TR-NT-SM-63B55-SM-63B54	20	58559776	62830241	393	4270465	0.01735	0.00155015501550155	1.04597	5	4.90408	0	0	4.90408	4.802146	0	1.04597	1.04593	1.04602	2	2	2.02498	2.02591	0	0	0.4	0.08685	0.72349	0.4	0.08763	0.72453	0	0	0	0	0	2.02498	2.02591
AC-P10-TR-NT-SM-63B55-SM-63B54	20	62836418	62904763	21	68345	0.09702	2.000200020002e-05	1.35311	7	6.66973	0	1	11.497798	11.497798	0	1.35311	1.35311	1.35311	4	4	3.53794	3.53794	0	0	0.75	0.01594	0.9749	0.75	0.01594	0.9749	0	0	0	0	0	3.53794	3.53794
AC-P10-TR-NT-SM-63B55-SM-63B54	21	10862908	47532191	1260	36669283	0.00928	0.0133213321332133	1.00182	4	3.98774	0	0	3.98774	3.839676	0	1.00182	1.00182	1.00182	2	2	2	2	0	0	0.08	0	0.34226	0.08	0	0.34226	0	0	0	0	0	2	2
AC-P10-TR-NT-SM-63B55-SM-63B54	21	47536577	47611083	18	74506	0.10543	3.000300030003e-05	1.36131	7	6.60997	0	1	11.676558	11.676558	0	1.36131	1.36131	1.36131	5	5	4.53052	4.53052	0	0	0.84	0.01773	0.97556	0.84	0.01773	0.97556	0	0	0	0	0	4.53052	4.53052
AC-P10-TR-NT-SM-63B55-SM-63B54	21	47615629	48084222	103	468593	0.0318	0.00017001700170017	0.98147	4	3.6441	0	0	3.6441	3.396046	0	0.98147	0.98147	0.98147	2	2	1.97066	1.97066	0	0	0.3	0.01834	0.77165	0.3	0.01834	0.77165	0	0	0	0	0	1.97066	1.97066
AC-P10-TR-NT-SM-63B55-SM-63B54	22	16282534	24837003	511	8554469	0.0152	0.00311031103110311	1.04527	5	4.9106	0	0	4.9106	4.786886	0	1.04527	1.04527	1.04527	2	2	2.02643	2.02643	0	0	0.39	0.07425	0.73064	0.39	0.07425	0.73064	0	0	0	0	0	2.02643	2.02643
AC-P10-TR-NT-SM-63B55-SM-63B54	22	24896160	24943958	12	47798	0.13691	2.000200020002e-05	1.44353	7	6.48609	0	1	13.468954	13.468954	0	1.44353	1.44353	1.44353	4	4	3.9834	3.9834	0	0	0.73	0.01597	0.97488	0.73	0.01597	0.97488	0	0	0	0	0	3.9834	3.9834
AC-P10-TR-NT-SM-63B55-SM-63B54	22	24964047	37914046	882	12949999	0.0113	0.00471047104710471	1.02059	4	4.12132	0	0	4.12132	4.248862	0	1.02059	1.02059	1.02059	2	2	2	2	0	0	0.12	0.00068	0.40106	0.12	0.00068	0.40106	0	0	0	0	0	2	2
AC-P10-TR-NT-SM-63B55-SM-63B54	22	37964470	37966662	3	2192	0.28271	0	1.49048	7	5.79576	0	1	14.492464	14.492464	NA	NA	NA	NA	NA	NA	NA	NA	NA	NA	NA	NA	NA	NA	NA	NA	NA	NA	NA	NA	NA	NA	NA
AC-P10-TR-NT-SM-63B55-SM-63B54	22	38010238	42522664	534	4512426	0.01435	0.00164016401640164	1.00835	4	4.01665	0	0	4.01665	3.98203	0	1.00835	1.00835	1.00835	2	2	2	2	0	0	0.01	0	0.38213	0.01	0	0.38213	0	0	0	0	0	2	2
AC-P10-TR-NT-SM-63B55-SM-63B54	22	42523914	42524865	3	951	0.30018	0	1.58281	7	5.82761	0	1	16.505258	16.505258	NA	NA	NA	NA	NA	NA	NA	NA	NA	NA	NA	NA	NA	NA	NA	NA	NA	NA	NA	NA	NA	NA	NA
AC-P10-TR-NT-SM-63B55-SM-63B54	22	42608483	43616524	87	1008041	0.03321	0.00037003700370037	0.94185	3	2.87377	0	0	2.87377	2.53233	0	0.94185	0.94185	0.94185	1	1	1.03556	1.03556	0	0	0.73	0.20646	0.97732	0.73	0.20646	0.97732	0	0	0	0	0	1.03556	1.03556
AC-P10-TR-NT-SM-63B55-SM-63B54	22	43634901	43924793	11	289892	0.14088	0.00011001100110011	1.4221	7	6.42203	0	1	13.00178	13.00178	0	1.4221	1.4221	1.4221	5	5	4.95984	4.95984	0	0	0.5	0.01604	0.97397	0.5	0.01604	0.97397	0	0	0	0	0	4.95984	4.95984
AC-P10-TR-NT-SM-63B55-SM-63B54	22	43930659	46760520	208	2829861	0.02263	0.00103010301030103	0.99239	4	3.77858	0	0	3.77858	3.634102	0	0.99239	0.99239	0.99239	2	2	1.99975	1.99975	0	0	0.18	0.00552	0.57846	0.18	0.00552	0.57846	0	0	0	0	0	1.99975	1.99975
AC-P10-TR-NT-SM-63B55-SM-63B54	22	46765115	46785291	6	20176	0.19948	1.000100010001e-05	1.48729	7	6.13459	0	1	14.422922	14.422922	0	1.48729	1.48729	1.48729	4	4	4.18051	4.18051	0	0	NA	NA	NA	NA	NA	NA	0	0	0	1	1	7.211461	7.211461
AC-P10-TR-NT-SM-63B55-SM-63B54	22	46794477	51237387	333	4442910	0.01903	0.00161016101610161	1.05643	5	5.06982	0	0	5.06982	5.030174	0	1.05643	1.05643	1.05643	3	3	2.58887	2.58887	0	0	0.52	0.16333	0.85312	0.52	0.16333	0.85312	0	0	0	0	0	2.58887	2.58887
