sample	Chromosome	Start.bp	End.bp	n_probes	length	seg_sigma	W	total_copy_ratio	modal_total_cn	expected_total_cn	total_HZ	total_amp	corrected_total_cn	rescaled_total_cn	bi.allelic	copy.ratio	hscr.a1	hscr.a2	modal.a1	modal.a2	expected.a1	expected.a2	subclonal.a1	subclonal.a2	cancer.cell.frac.a1	ccf.ci95.low.a1	ccf.ci95.high.a1	cancer.cell.frac.a2	ccf.ci95.low.a2	ccf.ci95.high.a2	LOH	HZ	SC_HZ	amp.a1	amp.a2	rescaled.cn.a1	rescaled.cn.a2
AC-P10-TP-NT-SM-63B53-SM-63B54	1	69549	3740056	355	3670507	0.01604	0.00133007980478829	1.10062	5	4.98894	0	0	4.98894	4.5878777514069	0	1.10062	1.10062	1.10062	2	2	2	2	1	1	0.29	0.15841	0.41938	0.29	0.15841	0.41938	0	0	0	0	0	2	2
AC-P10-TP-NT-SM-63B53-SM-63B54	1	3742966	6172268	51	2429302	0.04017	0.00088005280316819	1.04431	4	4.04811	0	0	4.04811	4.15046724011077	0	1.04431	1.04431	1.04431	2	2	2.00971	2.00971	0	0	0.08	0.00223	0.74654	0.08	0.00223	0.74654	0	0	0	0	0	2.00971	2.00971
AC-P10-TP-NT-SM-63B53-SM-63B54	1	6185627	16785360	986	10599733	0.00943	0.00383022981378883	1.07856	4	4.001	0	0	4.001	4.41651785300178	0	1.07856	1.07614	1.08098	2	2	2	2	1	1	0.2	0.07146	0.31698	0.22	0.09006	0.33581	0	0	0	0	0	2	2
AC-P10-TP-NT-SM-63B53-SM-63B54	1	16892217	17272826	34	380609	0.04157	0.00014000840050403	0.8818	3	2.99355	0	0	2.99355	2.88810563132486	0	0.8818	0.8818	0.8818	1	1	1.4822	1.4822	0	0	0.56	0.02334	0.97103	0.56	0.02334	0.97103	0	0	0	0	0	1.4822	1.4822
AC-P10-TP-NT-SM-63B53-SM-63B54	1	17280784	32154085	1371	14873301	0.00794	0.00538032281936916	1.07091	4	4	0	0	4	4.35709340953853	0	1.07091	1.07091	1.07091	2	2	2	2	1	1	0.18	0.08158	0.26579	0.18	0.08158	0.26579	0	0	0	0	0	2	2
AC-P10-TP-NT-SM-63B53-SM-63B54	1	32154668	32155980	3	1312	0.25304	0	1.59747	7	6.39815	0	1	8.44735941607542	8.44735941607542	NA	NA	NA	NA	NA	NA	NA	NA	NA	NA	NA	NA	NA	NA	NA	NA	NA	NA	NA	NA	NA	NA	NA
AC-P10-TP-NT-SM-63B53-SM-63B54	1	32157065	33246697	166	1089632	0.02298	0.000390023401404084	1.07778	4	4.12507	0	0	4.12507	4.41045889013886	0	1.07778	1.07778	1.07778	2	2	2	2	1	1	0.21	0.02089	0.42026	0.21	0.02089	0.42026	0	0	0	0	0	2	2
AC-P10-TP-NT-SM-63B53-SM-63B54	1	33252608	33263403	3	10795	0.23523	0	1.48482	7	6.28888	0	1	7.57230535644997	7.57230535644997	NA	NA	NA	NA	NA	NA	NA	NA	NA	NA	NA	NA	NA	NA	NA	NA	NA	NA	NA	NA	NA	NA	NA
AC-P10-TP-NT-SM-63B53-SM-63B54	1	33276279	44684061	1165	11407782	0.00844	0.00412024721483289	1.04857	4	4	0	0	4	4.18355849882364	0	1.04857	1.04857	1.04857	2	2	2	2	0	0	0.09	0.00183	0.1999	0.09	0.00183	0.1999	0	0	0	0	0	2	2
AC-P10-TP-NT-SM-63B53-SM-63B54	1	44684820	45295641	78	610821	0.03003	0.000220013200792048	0.96515	4	3.76336	0	0	3.76336	3.53556018853553	0	0.96515	0.96515	0.96515	2	2	1.80168	1.80168	0	0	0.23	0.0116	0.94206	0.23	0.0116	0.94206	0	0	0	0	0	1.80168	1.80168
AC-P10-TP-NT-SM-63B53-SM-63B54	1	45297423	47407007	291	2109584	0.01623	0.000760045602736164	1.0077	4	4	0	0	4	3.86608438060888	0	1.0077	1.00755	1.00785	2	2	2	2	0	0	0.07	0	0.1958	0.07	0	0.19478	0	0	0	0	0	2	2
AC-P10-TP-NT-SM-63B53-SM-63B54	1	47495732	47498976	3	3244	0.23036	0	1.45399	7	6.24908	0	1	7.33282096534253	7.33282096534253	NA	NA	NA	NA	NA	NA	NA	NA	NA	NA	NA	NA	NA	NA	NA	NA	NA	NA	NA	NA	NA	NA	NA
AC-P10-TP-NT-SM-63B53-SM-63B54	1	47501765	61848972	626	14347207	0.01138	0.00519031141868512	1.03656	4	4	0	0	4	4.09026600653689	0	1.03656	1.03656	1.03656	2	2	2	2	0	0	0.05	0	0.13956	0.05	0	0.13956	0	0	0	0	0	2	2
AC-P10-TP-NT-SM-63B53-SM-63B54	1	61921012	62913096	55	992084	0.0429	0.000360021601296078	1.15865	5	5.01836	0	0	5.01836	5.03864905260589	0	1.15865	1.13512	1.18217	2	3	2.15008	2.90902	1	1	0.43	0.06287	0.83046	0.61	0.19236	0.94378	0	0	0	0	0	2.15008	2.90902
AC-P10-TP-NT-SM-63B53-SM-63B54	1	62916284	87045826	884	24129542	0.00979	0.00872052323139388	1.05926	4	4	0	0	4	4.26659736165006	0	1.05926	1.0592	1.05931	2	2	2	2	0	1	0.13	0.03861	0.21863	0.13	0.03905	0.21897	0	0	0	0	0	2	2
AC-P10-TP-NT-SM-63B53-SM-63B54	1	87101352	87104629	4	3277	0.23732	0	1.73034	7	6.60513	0	1	9.4794804360704	9.4794804360704	NA	NA	NA	NA	NA	NA	NA	NA	NA	NA	NA	NA	NA	NA	NA	NA	NA	NA	NA	NA	NA	NA	NA
AC-P10-TP-NT-SM-63B53-SM-63B54	1	87185253	120502069	1484	33316816	0.00766	0.0120407224433466	1.07472	4	4.00001	0	0	4.00001	4.38668911275356	0	1.07472	1.07472	1.07472	2	2	2	2	1	1	0.19	0.1031	0.27356	0.19	0.1031	0.27356	0	0	0	0	0	2	2
AC-P10-TP-NT-SM-63B53-SM-63B54	1	120506313	145414829	79	24908516	0.03647	0.00900054003240194	1.18042	5	5.04236	0	0	5.04236	5.20775625969018	0	1.18042	0.49952	1.86132	0	5	0	5.00075	0	0	1	0.57725	1	0.25	0.01334	0.64294	1	0	0	0	0	0	5.00075
AC-P10-TP-NT-SM-63B53-SM-63B54	1	145416624	148318795	203	2902171	0.02589	0.00105006300378023	1.34378	6	6.41101	0	0	6.41101	6.47672058441646	0	1.34378	0.95724	1.73031	2	5	1.88354	4.78877	0	0	0.26	0.01185	0.88912	0.74	0.10185	0.97832	0	0	0	0	0	1.88354	4.78877
AC-P10-TP-NT-SM-63B53-SM-63B54	1	148330205	150532603	208	2202398	0.0243	0.000800048002880173	1.27672	6	5.99999	0	0	5.99999	5.95580513622753	0	1.27672	1.13867	1.41478	2	3	2.3757	3.42571	0	0	0.44	0.02489	0.95165	0.51	0.03263	0.96059	0	0	0	0	0	2.3757	3.42571
AC-P10-TP-NT-SM-63B53-SM-63B54	1	150598978	152800114	320	2201136	0.02104	0.000800048002880173	1.37134	7	6.99745	0	0	6.99745	6.69080393890627	0	1.37134	1.03475	1.70794	2	5	2	4.99993	0	1	0.04	0	0.29539	0.65	0.40814	0.88342	0	0	0	0	0	2	4.99993
AC-P10-TP-NT-SM-63B53-SM-63B54	1	152883152	153012712	6	129560	0.24129	5.00030001800108e-05	2.15561	7	6.84809	0	1	12.7829357395495	12.7829357395495	0	2.15561	1.78279	2.52842	5	7	4.77202	6.97584	0	0	0.94	0.06456	0.98303	NA	NA	NA	0	0	0	0	1	4.77202	7.83944347549586
AC-P10-TP-NT-SM-63B53-SM-63B54	1	153043205	153591442	35	548237	0.07946	0.000200012000720043	1.71379	7	6.99945	0	1	9.35092167276103	9.35092167276103	0	1.71379	1.22614	2.20145	3	6	2.87556	6.35586	0	0	0.78	0.10418	0.98055	0.57	0.04658	0.96405	0	0	0	0	0	2.87556	6.35586
AC-P10-TP-NT-SM-63B53-SM-63B54	1	153603067	158946503	1117	5343436	0.01074	0.00193011580694842	1.30722	6	6	0	0	6	6.19272611996988	0	1.30722	1.01989	1.59455	2	4	2	4	0	1	0.02	0	0.20037	0.21	0.0462	0.3762	0	0	0	0	0	2	4
AC-P10-TP-NT-SM-63B53-SM-63B54	1	158985719	159043158	12	57439	0.14428	2.00012000720043e-05	1.82226	7	6.95394	0	1	10.1935059057621	10.1935059057621	NA	NA	NA	NA	NA	NA	NA	NA	NA	NA	NA	NA	NA	NA	NA	NA	NA	NA	NA	NA	NA	NA	NA
AC-P10-TP-NT-SM-63B53-SM-63B54	1	159162443	161024453	227	1862010	0.02364	0.000670040202412145	1.29744	6	6.00007	0	0	6.00007	6.1167560471502	0	1.29744	0.91168	1.68321	2	5	1.86104	4.73269	1	1	0.44	0.09265	0.79746	0.56	0.18945	0.89499	0	0	0	0	0	1.86104	4.73269
AC-P10-TP-NT-SM-63B53-SM-63B54	1	161039365	161059046	9	19681	0.1738	1.00006000360022e-05	1.90122	7	6.91763	0	1	10.8068593771161	10.8068593771161	NA	NA	NA	NA	NA	NA	NA	NA	NA	NA	NA	NA	NA	NA	NA	NA	NA	NA	NA	NA	NA	NA	NA
AC-P10-TP-NT-SM-63B53-SM-63B54	1	161069215	162775232	229	1706017	0.02327	0.000620037202232134	1.28283	6	6	0	0	6	6.00326701198706	0	1.28283	0.92073	1.64493	2	4	1.99256	4.0052	1	1	0.4	0.12767	0.67613	0.41	0.13072	0.67927	0	0	0	0	0	1.99256	4.0052
AC-P10-TP-NT-SM-63B53-SM-63B54	1	163042236	170508529	266	7466293	0.02401	0.00270016200972058	1.42723	7	7	0	1	7.12495193173776	7.12495193173776	0	1.42723	1.08602	1.76843	2	5	2	5	0	0	0.24	0.03281	0.46065	0.89	0.64674	1	0	0	0	0	0	2	5
AC-P10-TP-NT-SM-63B53-SM-63B54	1	170513915	171491356	52	977441	0.06619	0.000350021001260076	1.74002	7	6.99999	0	1	9.55467371877945	9.55467371877945	0	1.74002	1.16569	2.31434	3	7	2.64276	6.99894	0	0	0.55	0.09396	0.9376	NA	NA	NA	0	0	0	0	1	2.64276	7.00796734107678
AC-P10-TP-NT-SM-63B53-SM-63B54	1	171501790	186141200	855	14639410	0.01325	0.00529031741904514	1.41204	7	7	0	1	7.00695751393296	7.00695751393296	0	1.41204	1.08686	1.73721	2	5	2	5	1	1	0.24	0.06067	0.41617	0.77	0.58089	0.93519	0	0	0	0	0	2	5
AC-P10-TP-NT-SM-63B53-SM-63B54	1	186147722	186158826	4	11104	0.32715	0	2.38666	7	6.72072	0	1	14.5777092901617	14.5777092901617	NA	NA	NA	NA	NA	NA	NA	NA	NA	NA	NA	NA	NA	NA	NA	NA	NA	NA	NA	NA	NA	NA	NA
AC-P10-TP-NT-SM-63B53-SM-63B54	1	186269283	196716341	174	10447058	0.02875	0.00378022681360882	1.38176	7	6.99332	0	0	6.99332	6.77174546843399	0	1.38176	1.15931	1.60421	2	4	2.47814	4.08326	0	0	0.52	0.02385	0.96838	0.25	0.01258	0.9509	0	0	0	0	0	2.47814	4.08326
AC-P10-TP-NT-SM-63B53-SM-63B54	1	196748388	196797287	9	48899	0.01173	2.00012000720043e-05	0.12489	0	0	1	0	0	-2.9914963950498	NA	NA	NA	NA	NA	NA	NA	NA	NA	NA	NA	NA	NA	NA	NA	NA	NA	NA	NA	NA	NA	NA	NA
AC-P10-TP-NT-SM-63B53-SM-63B54	1	196801027	201197520	268	4396493	0.02384	0.00159009540572434	1.42234	7	7	0	1	7.08696689532792	7.08696689532792	0	1.42234	1.10624	1.73845	2	5	2.00176	4.9998	1	0	0.32	0.03607	0.65097	0.77	0.42155	0.97742	0	0	0	0	0	2.00176	4.9998
AC-P10-TP-NT-SM-63B53-SM-63B54	1	201286803	201330451	9	43648	0.1733	2.00012000720043e-05	1.89564	7	6.91682	0	1	10.7635144889429	10.7635144889429	0	1.89564	1.24477	2.5465	3	7	2.69524	6.56322	0	0	0.85	0.02426	0.97728	NA	NA	NA	0	0	0	0	1	2.69524	7.90966530149687
AC-P10-TP-NT-SM-63B53-SM-63B54	1	201334376	249211681	2645	47877305	0.00735	0.0173010380622837	1.37778	7	7	0	0	7	6.74082922203089	0	1.37778	1.04012	1.71544	2	5	2	5	0	1	0.06	0	0.16222	0.68	0.57149	0.78229	0	0	0	0	0	2	5
AC-P10-TP-NT-SM-63B53-SM-63B54	2	45912	905621	15	859709	0.07161	0.000310018601116067	1.00951	4	4.03395	0	0	4.03395	3.88014428161129	0	1.00951	1.00951	1.00951	2	2	2	2	0	0	0.06	0	0.39838	0.06	0	0.39838	0	0	0	0	0	2	2
AC-P10-TP-NT-SM-63B53-SM-63B54	2	1079272	3391917	48	2312645	0.03985	0.000840050403024181	1.00505	4	3.98401	0	0	3.98401	3.84549944267717	0	1.00505	0.79399	1.21611	1	3	1.10107	2.754	0	0	0.9	0.08585	0.98342	0.74	0.05603	0.97785	0	0	0	0	0	1.10107	2.754
AC-P10-TP-NT-SM-63B53-SM-63B54	2	3405605	18768349	423	15362744	0.01344	0.0055503330199812	1.0059	4	4	0	0	4	3.85210215861753	0	1.0059	1.0059	1.0059	2	2	2	2	0	0	0.07	0	0.17565	0.07	0	0.17565	0	0	0	0	0	2	2
AC-P10-TP-NT-SM-63B53-SM-63B54	2	18770719	19553233	3	782514	0.11506	0.00028001680100806	0.72439	2	2.35164	0	0	2.35164	1.66536031818111	0	0.72439	0.72439	0.72439	1	1	0.93658	0.93658	0	0	0.17	0.00758	0.8875	0.17	0.00758	0.8875	0	0	0	0	0	0.93658	0.93658
AC-P10-TP-NT-SM-63B53-SM-63B54	2	20101540	31602787	897	11501247	0.00893	0.0041602496149769	0.97397	4	3.99996	0	0	3.99996	3.60407307629315	0	0.97397	0.97374	0.97419	2	2	2	2	1	1	0.2	0.09376	0.29393	0.2	0.09217	0.29206	0	0	0	0	0	2	2
AC-P10-TP-NT-SM-63B53-SM-63B54	2	31609350	32431978	33	822628	0.05261	0.000300018001080065	1.10037	5	4.71955	0	0	4.71955	4.58593577613033	0	1.10037	1.10037	1.10037	2	2	2.21651	2.21651	0	0	0.29	0.01476	0.97012	0.29	0.01476	0.97012	0	0	0	0	0	2.21651	2.21651
AC-P10-TP-NT-SM-63B53-SM-63B54	2	32445531	61144081	972	28698550	0.00863	0.0103706222373342	0.97937	4	4	0	0	4	3.64601974226721	0	0.97937	0.97937	0.97937	2	2	2	2	1	1	0.18	0.07662	0.26737	0.18	0.07662	0.26737	0	0	0	0	0	2	2
AC-P10-TP-NT-SM-63B53-SM-63B54	2	61145634	61258900	17	113266	0.09913	4.00024001440086e-05	1.48946	7	6.87491	0	1	7.60834841758323	7.60834841758323	NA	NA	NA	NA	NA	NA	NA	NA	NA	NA	NA	NA	NA	NA	NA	NA	NA	NA	NA	NA	NA	NA	NA
AC-P10-TP-NT-SM-63B53-SM-63B54	2	61275755	74594202	677	13318447	0.01037	0.00481028861731704	0.98251	4	4	0	0	4	3.67041095174101	0	0.98251	0.98251	0.98252	2	2	2	2	1	1	0.16	0.03632	0.28797	0.16	0.03632	0.28796	0	0	0	0	0	2	2
AC-P10-TP-NT-SM-63B53-SM-63B54	2	74594906	74595930	3	1024	0.10394	0	0.65405	2	1.80465	0	0	1.80465	1.11896615436349	NA	NA	NA	NA	NA	NA	NA	NA	NA	NA	NA	NA	NA	NA	NA	NA	NA	NA	NA	NA	NA	NA	NA
AC-P10-TP-NT-SM-63B53-SM-63B54	2	74596522	95847350	588	21250828	0.01091	0.00768046082764966	0.96284	4	3.87164	0	0	3.87164	3.51761633697996	0	0.96284	0.96284	0.96284	2	2	2	2	1	1	0.24	0.1146	0.35772	0.24	0.1146	0.35772	0	0	0	0	0	2	2
AC-P10-TP-NT-SM-63B53-SM-63B54	2	95941778	95945668	5	3890	0.19788	0	1.61283	7	6.62491	0	1	8.5666743770683	8.5666743770683	NA	NA	NA	NA	NA	NA	NA	NA	NA	NA	NA	NA	NA	NA	NA	NA	NA	NA	NA	NA	NA	NA	NA
AC-P10-TP-NT-SM-63B53-SM-63B54	2	95947718	160958295	2271	65010577	0.00567	0.0235014100846051	0.98386	4	4	0	0	4	3.68089761823453	0	0.98386	0.98373	0.98399	2	2	2	2	1	1	0.16	0.07167	0.23847	0.16	0.07081	0.23757	0	0	0	0	0	2	2
AC-P10-TP-NT-SM-63B53-SM-63B54	2	160968650	161132186	13	163536	0.10572	6.0003600216013e-05	1.38893	7	6.58882	0	0	6.58882	6.82744131936621	0	1.38893	1.38893	1.38893	3	3	3.25912	3.25912	0	0	0.41	0.02468	0.93768	0.41	0.02468	0.93768	0	0	0	0	0	3.25912	3.25912
AC-P10-TP-NT-SM-63B53-SM-63B54	2	161137849	189851824	1429	28713975	0.00705	0.0103806228373702	0.96986	4	3.99981	0	0	3.99981	3.57214700274623	0	0.96986	0.96986	0.96986	2	2	2	2	1	1	0.21	0.12012	0.29803	0.21	0.12012	0.29803	0	0	0	0	0	2	2
AC-P10-TP-NT-SM-63B53-SM-63B54	2	189854848	189874997	28	20149	0.0733	1.00006000360022e-05	1.4134	7	6.8445	0	1	7.01752185943754	7.01752185943754	0	1.4134	1.4134	1.4134	3	3	2.97476	2.97476	0	0	0.51	0.01626	0.97385	0.51	0.01626	0.97385	0	0	0	0	0	2.97476	2.97476
AC-P10-TP-NT-SM-63B53-SM-63B54	2	189876426	220288520	1705	30412094	0.00672	0.0109906594395664	1.01071	4	4	0	0	4	3.88946576293886	0	1.01071	1.01071	1.01071	2	2	2	2	0	0	0.06	0	0.13553	0.06	0	0.13553	0	0	0	0	0	2	2
AC-P10-TP-NT-SM-63B53-SM-63B54	2	220290691	220353560	30	62869	0.06153	2.00012000720043e-05	1.2275	6	5.65785	0	0	5.65785	5.57346904377511	0	1.2275	1.2275	1.2275	3	3	2.68435	2.68435	0	0	0.79	0.0278	0.97715	0.79	0.0278	0.97715	0	0	0	0	0	2.68435	2.68435
AC-P10-TP-NT-SM-63B53-SM-63B54	2	220354359	242814645	1107	22460286	0.00845	0.00812048722923375	1.02326	4	4	0	0	4	3.98695292182301	0	1.02326	1.02326	1.02326	2	2	2	2	0	0	0.01	0	0.10017	0.01	0	0.10017	0	0	0	0	0	2	2
AC-P10-TP-NT-SM-63B53-SM-63B54	3	369943	14801451	687	14431508	0.00767	0.00522031321879313	0.73089	2	2	0	0	2	1.7158516753721	0	0.73089	0.37495	1.08682	0	2	0	2	1	1	NA	NA	NA	0.24	0.10563	0.36518	1	0	0	0	0	0	2
AC-P10-TP-NT-SM-63B53-SM-63B54	3	14813640	15677062	95	863422	0.01834	0.000310018601116067	0.64922	1	1	0	0	1	1.08144719202003	0	0.64922	0.40556	0.89288	0	1	5e-04	1.49579	0	0	1	0.47088	1	0.51	0.04267	0.95224	1	0	0	0	0	5e-04	1.49579
AC-P10-TP-NT-SM-63B53-SM-63B54	3	15711919	25654102	131	9942183	0.01777	0.00359021541292478	0.73951	2	2	0	0	2	1.78281098290847	0	0.73951	0.37843	1.10058	0	2	0	2	1	1	NA	NA	NA	0.29	0.10153	0.47764	1	0	0	0	0	0	2
AC-P10-TP-NT-SM-63B53-SM-63B54	3	25659954	29323209	82	3663255	0.02178	0.00132007920475229	0.71696	2	1.98446	0	0	1.98446	1.60764481296125	0	0.71696	0.27767	1.15625	0	3	0	2.58023	1	1	NA	NA	NA	0.51	0.21856	0.79106	1	0	0	0	0	0	2.58023
AC-P10-TP-NT-SM-63B53-SM-63B54	3	29529960	30769820	16	1239860	0.02841	0.000450027001620097	0.41144	0	0	1	0	0	-0.765604333037596	NA	NA	NA	NA	NA	NA	NA	NA	NA	NA	NA	NA	NA	NA	NA	NA	NA	NA	NA	NA	NA	NA	NA
AC-P10-TP-NT-SM-63B53-SM-63B54	3	30842480	46719813	946	15877333	0.0062	0.00574034442066524	0.69276	1	1.00019	0	0	1.00019	1.41966160618862	0	0.69276	0.35878	1.02674	0	2	0	2	1	0	NA	NA	NA	0.01	0	0.12277	1	0	0	0	0	0	2
AC-P10-TP-NT-SM-63B53-SM-63B54	3	46721975	47047043	61	325068	0.0248	0.000120007200432026	0.70388	2	1.76539	0	0	1.76539	1.50604066649076	0	0.70388	0.19728	1.21047	0	3	0	2.99961	1	0	NA	NA	NA	0.72	0.38678	0.96417	1	0	0	0	0	0	2.99961
AC-P10-TP-NT-SM-63B53-SM-63B54	3	47047494	48602314	250	1554820	0.01259	0.000560033602016121	0.72374	2	1.99999	0	0	1.99999	1.66031118246201	0	0.72374	0.31463	1.13285	0	2	0	2.00046	1	1	NA	NA	NA	0.42	0.21103	0.61731	1	0	0	0	0	0	2.00046
AC-P10-TP-NT-SM-63B53-SM-63B54	3	48603969	64184531	1639	15580562	0.00492	0.00563033782026922	0.7234	2	2	0	0	2	1.65767009608586	0	0.7234	0.36475	1.08205	0	2	0	2	1	1	NA	NA	NA	0.22	0.1001	0.33397	1	0	0	0	0	0	2
AC-P10-TP-NT-SM-63B53-SM-63B54	3	64518893	74420448	219	9901555	0.01342	0.00358021481288877	0.72199	2	1.99994	0	0	1.99994	1.64671735552597	0	0.72199	0.42397	1.02001	0	2	0	2	1	0	NA	NA	NA	0.02	0	0.31229	1	0	0	0	0	0	2
AC-P10-TP-NT-SM-63B53-SM-63B54	3	74548872	93593168	94	19044296	0.0228	0.00688041282476949	0.80398	2	2.00666	0	0	2.00666	2.28360756723206	0	0.80398	0.36799	1.23997	0	3	0	3	1	0	NA	NA	NA	0.84	0.59331	0.98284	1	0	0	0	0	0	3
AC-P10-TP-NT-SM-63B53-SM-63B54	3	93598082	111261125	447	17663043	0.01377	0.00638038282296938	1.06007	4	4	0	0	4	4.27288936154616	0	1.06007	1.02675	1.0934	2	2	2	2.00109	0	0	0.01	0	0.41807	0.27	0.01779	0.63392	0	0	0	0	0	2	2.00109
AC-P10-TP-NT-SM-63B53-SM-63B54	3	111286431	111936348	67	649917	0.04541	0.00023001380082805	1.35438	7	6.64425	0	0	6.64425	6.55906033614331	0	1.35438	1.35427	1.35449	3	3	3	3	1	1	0.28	0.06373	0.4945	0.28	0.06439	0.49536	0	0	0	0	0	3	3
AC-P10-TP-NT-SM-63B53-SM-63B54	3	111981857	118649040	209	6667183	0.02219	0.00241014460867652	1.16834	5	5.00003	0	0	5.00003	5.113920014326	0	1.16834	0.96815	1.36853	2	3	2	3.00001	0	1	0.22	0.02341	0.45016	0.33	0.10048	0.56283	0	0	0	0	0	2	3.00001
AC-P10-TP-NT-SM-63B53-SM-63B54	3	118867098	121508990	207	2641892	0.02341	0.000950057003420205	1.22703	6	5.88685	0	0	5.88685	5.56981813025514	0	1.22703	1.21869	1.23538	3	3	3	3	0	0	0.75	0.53024	0.94672	0.82	0.59326	0.97673	0	0	0	0	0	3	3
AC-P10-TP-NT-SM-63B53-SM-63B54	3	121516019	127390366	446	5874347	0.01619	0.00212012720763246	1.24564	6	5.99996	0	0	5.99996	5.71437876984351	0	1.24564	1.07815	1.41313	2	4	2	3.51664	0	1	0.21	0.01449	0.46207	0.51	0.24541	0.75981	0	0	0	0	0	2	3.51664
AC-P10-TP-NT-SM-63B53-SM-63B54	3	127393415	129324826	202	1931411	0.02189	0.000700042002520151	1.13315	5	4.99996	0	0	4.99996	4.84056757439506	0	1.13315	1.12659	1.13971	2	2	2.00049	2.01804	1	1	0.39	0.15798	0.62244	0.45	0.20834	0.67339	0	0	0	0	0	2.00049	2.01804
AC-P10-TP-NT-SM-63B53-SM-63B54	3	129373878	141295894	559	11922016	0.01421	0.00431025861551693	1.22381	6	5.93902	0	0	5.93902	5.54480548869284	0	1.22381	1.05098	1.39665	2	3	2	3.08175	0	1	0.1	0	0.4431	0.44	0.12193	0.76386	0	0	0	0	0	2	3.08175
AC-P10-TP-NT-SM-63B53-SM-63B54	3	141327434	141713922	22	386488	0.08094	0.00014000840050403	1.3832	7	6.68416	0	0	6.68416	6.78293124602707	0	1.3832	1.3832	1.3832	3	3	3.0466	3.0466	1	1	0.39	0.05207	0.78215	0.39	0.05207	0.78215	0	0	0	0	0	3.0466	3.0466
AC-P10-TP-NT-SM-63B53-SM-63B54	3	141889233	154010411	394	12121178	0.01705	0.00438026281576895	1.23256	6	5.99368	0	0	5.99368	5.61277462337302	0	1.23256	1.03041	1.43471	2	4	2	3.97885	0	1	0.02	0	0.33888	0.59	0.29762	0.86935	0	0	0	0	0	2	3.97885
AC-P10-TP-NT-SM-63B53-SM-63B54	3	154017670	164737473	262	10719803	0.02014	0.00387023221393284	1.18714	5	5.0005	0	0	5.0005	5.25995655512457	0	1.18714	1.1741	1.20017	3	3	2.98027	2.99989	1	0	0.58	0.29998	0.84612	0.68	0.40062	0.92928	0	0	0	0	0	2.98027	2.99989
AC-P10-TP-NT-SM-63B53-SM-63B54	3	164741460	168269689	80	3528229	0.03478	0.00128007680460828	1.13289	5	4.99131	0	0	4.99131	4.83854792010742	0	1.13289	0.9351	1.33068	2	3	1.7071	3.09174	0	0	0.35	0.01666	0.94748	0.19	0.0094	0.92269	0	0	0	0	0	1.7071	3.09174
AC-P10-TP-NT-SM-63B53-SM-63B54	3	168806879	168833848	8	26969	0.1703	1.00006000360022e-05	1.75602	7	6.85855	0	1	9.67896013648036	9.67896013648036	0	1.75602	1.4076	2.10443	3	4	2.84012	4.35917	0	0	0.49	0.01585	0.97403	0.19	0.01467	0.97276	0	0	0	0	0	2.84012	4.35917
AC-P10-TP-NT-SM-63B53-SM-63B54	3	168840441	182756868	402	13916427	0.01678	0.00503030181810909	1.22525	6	5.93739	0	0	5.93739	5.55599126628592	0	1.22525	1.06615	1.38435	2	3	2.00055	3.06688	0	1	0.16	0.00371	0.59861	0.4	0.04783	0.80692	0	0	0	0	0	2.00055	3.06688
AC-P10-TP-NT-SM-63B53-SM-63B54	3	182763264	184062520	261	1299256	0.02158	0.000470028201692101	1.27006	6	5.99999	0	0	5.99999	5.90407091485952	0	1.27006	1.25255	1.28757	3	3	3	3	0	0	0.88	0.54142	0.98986	0.02	0	0.37352	0	0	0	0	0	3	3
AC-P10-TP-NT-SM-63B53-SM-63B54	3	184064765	188925278	275	4860513	0.0205	0.00176010560633638	1.23817	6	5.99481	0	0	5.99481	5.6563525485794	0	1.23817	1.07248	1.40386	2	3	2.00563	3.30309	0	1	0.18	0.00579	0.69454	0.47	0.0604	0.90383	0	0	0	0	0	2.00563	3.30309
AC-P10-TP-NT-SM-63B53-SM-63B54	3	189028251	189612142	14	583891	0.12553	0.000210012600756045	1.71224	7	6.95609	0	1	9.33888142604625	9.33888142604625	NA	NA	NA	NA	NA	NA	NA	NA	NA	NA	NA	NA	NA	NA	NA	NA	NA	NA	NA	NA	NA	NA	NA
AC-P10-TP-NT-SM-63B53-SM-63B54	3	189681816	197765487	416	8083671	0.01683	0.00292017521051263	1.25049	6	5.99999	0	0	5.99999	5.7520530902091	0	1.25049	1.14333	1.35765	2	3	2.32459	3.03122	1	0	0.46	0.05137	0.9059	0.29	0.0157	0.79907	0	0	0	0	0	2.32459	3.03122
AC-P10-TP-NT-SM-63B53-SM-63B54	4	59385	1809365	162	1749980	0.01972	0.000630037802268136	0.91322	3	3.00001	0	0	3.00001	3.13217308408502	0	0.91322	0.84304	0.98341	1	2	1.07028	1.98906	0	0	0.71	0.16435	0.97481	0.16	0.00482	0.73066	0	0	0	0	0	1.07028	1.98906
AC-P10-TP-NT-SM-63B53-SM-63B54	4	1817459	54325542	1409	52508083	0.00631	0.0189811388683321	0.86202	3	3	0	0	3	2.73445654744211	0	0.86202	0.67263	1.05141	1	2	1	2	1	0	0.37	0.24816	0.47851	0.1	0.00489	0.21401	0	0	0	0	0	1	2
AC-P10-TP-NT-SM-63B53-SM-63B54	4	54327680	54347953	4	20273	0.17245	1.00006000360022e-05	1.25634	6	5.85604	0	0	5.85604	5.79749531168099	NA	NA	NA	NA	NA	NA	NA	NA	NA	NA	NA	NA	NA	NA	NA	NA	NA	NA	NA	NA	NA	NA	NA
AC-P10-TP-NT-SM-63B53-SM-63B54	4	54364908	68459025	265	14094117	0.01552	0.0050903054183251	0.91923	3	3	0	0	3	3.17885816973392	0	0.91923	0.67861	1.15985	1	3	0.99998	2.81572	1	1	0.35	0.10602	0.57811	0.52	0.28118	0.75686	0	0	0	0	0	0.99998	2.81572
AC-P10-TP-NT-SM-63B53-SM-63B54	4	68703968	88903845	952	20199877	0.00818	0.00730043802628158	0.91892	3	3	0	0	3	3.17645012039096	0	0.91892	0.75288	1.08496	1	2	1	2	0	1	0.06	0	0.1921	0.23	0.09374	0.3627	0	0	0	0	0	1	2
AC-P10-TP-NT-SM-63B53-SM-63B54	4	88957438	119064774	822	30107336	0.00858	0.0108806528391704	0.89456	3	3	0	0	3	2.98722404944133	0	0.89456	0.69984	1.08929	1	2	1	2	1	1	0.26	0.09651	0.41948	0.25	0.08428	0.40693	0	0	0	0	0	1	2
AC-P10-TP-NT-SM-63B53-SM-63B54	4	119148088	121966898	108	2818810	0.02225	0.00102006120367222	0.84122	3	2.94327	0	0	2.94327	2.57288420443093	0	0.84122	0.56057	1.12188	0	2	1e-05	2.00715	0	1	0.8	0.47626	0.98161	0.38	0.07738	0.68677	1	0	0	0	0	1e-05	2.00715
AC-P10-TP-NT-SM-63B53-SM-63B54	4	122063019	183650225	1306	61587206	0.00695	0.0222613356801408	0.91437	3	3	0	0	3	3.14110617035727	0	0.91437	0.73593	1.09281	1	2	1	2	0	1	0.12	0.01046	0.24454	0.26	0.13232	0.38501	0	0	0	0	0	1	2
AC-P10-TP-NT-SM-63B53-SM-63B54	4	183652161	183675974	7	23813	0.13543	1.00006000360022e-05	1.30532	6	6.13657	0	0	6.13657	6.1779671078679	NA	NA	NA	NA	NA	NA	NA	NA	NA	NA	NA	NA	NA	NA	NA	NA	NA	NA	NA	NA	NA	NA	NA
AC-P10-TP-NT-SM-63B53-SM-63B54	4	183696188	191012705	287	7316517	0.01524	0.00264015840950457	0.93972	3	3.00056	0	0	3.00056	3.33802246340214	0	0.93972	0.77279	1.10665	1	2	1	2	0	1	0.98	0.73364	1	0.32	0.09882	0.52918	0	0	0	0	0	1	2
AC-P10-TP-NT-SM-63B53-SM-63B54	5	143556	840687	79	697131	0.03403	0.000250015000900054	1.10127	5	4.83792	0	0	4.83792	4.592926887126	0	1.10127	1.10127	1.10127	2	2	2.02358	2.02358	0	0	0.3	0.01765	0.76352	0.3	0.01765	0.76352	0	0	0	0	0	2.02358	2.02358
AC-P10-TP-NT-SM-63B53-SM-63B54	5	847679	850606	3	2927	0.10383	0	0.65335	2	1.79929	0	0	1.79929	1.11352862358907	0	0.65335	0.65335	0.65335	1	1	0.66104	0.66104	0	0	0.44	0.02362	0.95541	0.44	0.02362	0.95541	0	0	0	0	0	0.66104	0.66104
AC-P10-TP-NT-SM-63B53-SM-63B54	5	865612	31551469	545	30685857	0.01187	0.0110906654399264	1.00887	4	4	0	0	4	3.87517282490326	0	1.00887	1.00887	1.00887	2	2	2	2	0	0	0.06	0	0.15498	0.06	0	0.15498	0	0	0	0	0	2	2
AC-P10-TP-NT-SM-63B53-SM-63B54	5	31799593	32061173	12	261580	0.1075	9.00054003240194e-05	1.35681	7	6.45244	0	0	6.45244	6.57793633583164	0	1.35681	1.35681	1.35681	3	3	3.09898	3.09898	0	0	0.29	0.01445	0.96672	0.29	0.01445	0.96672	0	0	0	0	0	3.09898	3.09898
AC-P10-TP-NT-SM-63B53-SM-63B54	5	32072344	32599120	41	526776	0.04183	0.000190011400684041	0.97478	4	3.82852	0	0	3.82852	3.61036507618926	0	0.97478	0.97478	0.97478	2	2	1.84689	1.84689	0	0	0.19	0.00994	0.92994	0.19	0.00994	0.92994	0	0	0	0	0	1.84689	1.84689
AC-P10-TP-NT-SM-63B53-SM-63B54	5	32724864	121362728	2611	88637864	0.00567	0.0320319219153149	1.05427	4	4	0	0	4	4.22783553512959	0	1.05427	1.05427	1.05427	2	2	2	2	0	0	0.11	0.02919	0.18988	0.11	0.02919	0.18988	0	0	0	0	0	2	2
AC-P10-TP-NT-SM-63B53-SM-63B54	5	121405805	121488232	6	82427	0.17269	3.00018001080065e-05	1.5417	7	6.62963	0	1	8.01414357137669	8.01414357137669	0	1.5417	1.5417	1.5417	4	4	3.94105	3.94105	0	0	0.01	0.00388	0.87443	0.01	0.00388	0.87443	0	0	0	0	0	3.94105	3.94105
AC-P10-TP-NT-SM-63B53-SM-63B54	5	121739523	131553492	324	9813969	0.01567	0.00355021301278077	1.02655	4	4	0	0	4	4.01250931646276	0	1.02655	1.02644	1.02665	2	2	2	2	0	0	0.01	0	0.13439	0.01	0	0.13498	0	0	0	0	0	2	2
AC-P10-TP-NT-SM-63B53-SM-63B54	5	131607077	131649383	6	42306	0.08894	2.00012000720043e-05	0.79224	3	2.56862	0	0	2.56862	2.19241240824402	0	0.79224	0.79224	0.79224	1	1	1.0032	1.0032	0	0	0.9	0.33606	0.98855	0.9	0.33606	0.98855	0	0	0	0	0	1.0032	1.0032
AC-P10-TP-NT-SM-63B53-SM-63B54	5	131663032	147774403	1065	16111371	0.00883	0.00582034922095326	1.04881	4	4	0	0	4	4.18542279508915	0	1.04881	1.04877	1.04886	2	2	2	2	0	0	0.09	0.00933	0.17461	0.09	0.0096	0.17499	0	0	0	0	0	2	2
AC-P10-TP-NT-SM-63B53-SM-63B54	5	147781626	148431753	42	650127	0.04169	0.00023001380082805	0.98344	4	3.89975	0	0	3.89975	3.67763509976988	0	0.98344	0.81359	1.15329	1	2	1.1012	2.46159	0	0	0.82	0.10944	0.98222	0.5	0.03325	0.95635	0	0	0	0	0	1.1012	2.46159
AC-P10-TP-NT-SM-63B53-SM-63B54	5	148521664	168678427	742	20156763	0.01042	0.00728043682620957	1.03288	4	4	0	0	4	4.06168013046568	0	1.03288	1.03288	1.03288	2	2	2	2	0	0	0.03	0	0.13158	0.03	0	0.13158	0	0	0	0	0	2	2
AC-P10-TP-NT-SM-63B53-SM-63B54	5	169018139	169021629	5	3490	0.17006	0	1.38554	7	6.30778	0	0	6.30778	6.80110813461583	0	1.38554	1.38554	1.38554	3	3	3.09598	3.09598	0	0	0.4	0.01598	0.97154	0.4	0.01598	0.97154	0	0	0	0	0	3.09598	3.09598
AC-P10-TP-NT-SM-63B53-SM-63B54	5	169025531	170162786	69	1137255	0.03385	0.000410024601476089	1.0236	4	4.00088	0	0	4.00088	3.98959400819916	0	1.0236	1.0236	1.0236	2	2	2	2	0	0	0.01	0	0.33719	0.01	0	0.33719	0	0	0	0	0	2	2
AC-P10-TP-NT-SM-63B53-SM-63B54	5	170216191	170323086	11	106895	0.11648	4.00024001440086e-05	1.40766	7	6.60093	0	0	6.60093	6.97293410708733	0	1.40766	1.40766	1.40766	3	3	3.24262	3.24262	0	0	0.49	0.01776	0.97175	0.49	0.01776	0.97175	0	0	0	0	0	3.24262	3.24262
AC-P10-TP-NT-SM-63B53-SM-63B54	5	170338055	176489105	252	6151050	0.01809	0.00222013320799248	1.04522	4	4	0	0	4	4.15753603011751	0	1.04522	1.04505	1.04538	2	2	2	2	0	0	0.08	0	0.23957	0.08	0	0.24073	0	0	0	0	0	2	2
AC-P10-TP-NT-SM-63B53-SM-63B54	5	176517522	176524602	14	7080	0.05843	0	0.79506	2	2.35415	0	0	2.35415	2.21431788936381	0	0.79506	0.79506	0.79506	1	1	1.00058	1.00058	0	0	0.89	0.40535	0.98903	0.89	0.40535	0.98903	0	0	0	0	0	1.00058	1.00058
AC-P10-TP-NT-SM-63B53-SM-63B54	5	176618952	180794756	391	4175804	0.01476	0.00151009060543633	1.06227	4	4.00003	0	0	4.00003	4.28997874398004	0	1.06227	1.06227	1.06227	2	2	2	2	0	0	0.14	0.02887	0.25664	0.14	0.02887	0.25664	0	0	0	0	0	2	2
AC-P10-TP-NT-SM-63B53-SM-63B54	6	345890	2117746	43	1771856	0.0444	0.000640038402304138	1.06007	4	4.19696	0	0	4.19696	4.27288936154616	0	1.06007	0.27845	1.8417	0	5	0.11207	4.77833	0	0	1	0.09588	0.98915	0.17	0.0122	0.96141	1	0	0	0	0	0.11207	4.77833
AC-P10-TP-NT-SM-63B53-SM-63B54	6	2675319	2689137	8	13818	0.14941	0	1.54023	7	6.72809	0	1	8.00272475675042	8.00272475675042	0	1.54023	0.28923	2.79123	1	5	1.21564	4.93527	0	0	1	0.01948	0.97754	NA	NA	NA	0	0	0	0	1	1.21564	8.8601845203701
AC-P10-TP-NT-SM-63B53-SM-63B54	6	2769020	7414546	159	4645526	0.02284	0.00168010080604836	1.04835	4	4.00031	0	0	4.00031	4.18184956058025	0	1.04835	0.38707	1.70963	0	5	0	5	1	1	NA	NA	NA	0.66	0.48175	0.82687	1	0	0	0	0	0	5
AC-P10-TP-NT-SM-63B53-SM-63B54	6	7558422	7584492	21	26070	0.08006	1.00006000360022e-05	1.33673	6	6.43178	0	0	6.43178	6.421956881617	0	1.33673	0.30025	2.37321	0	7	0	7	1	0	NA	NA	NA	NA	NA	NA	1	0	0	0	1	0	7.23661551014092
AC-P10-TP-NT-SM-63B53-SM-63B54	6	7595296	31638996	1087	24043700	0.00875	0.00869052143128588	1.05059	4	4	0	0	4	4.19924965905838	0	1.05059	0.35139	1.74979	0	5	0	5	1	0	NA	NA	NA	0.82	0.70791	0.91262	1	0	0	0	0	0	5
AC-P10-TP-NT-SM-63B53-SM-63B54	6	31644815	31895836	166	251021	0.02065	9.00054003240194e-05	0.96818	4	3.92013	0	0	3.92013	3.55909692888764	0	0.96818	0.42183	1.51454	0	4	0	3.99756	0	0	1	0.6239	1	0.9	0.36238	0.98881	1	0	0	0	0	0	3.99756
AC-P10-TP-NT-SM-63B53-SM-63B54	6	31901473	35748936	758	3847463	0.00995	0.0013900834050043	0.99721	4	4	0	0	4	3.78459909800372	0	0.99721	0.35342	1.641	0	4	0	4	1	1	NA	NA	NA	0.39	0.26023	0.51564	1	0	0	0	0	0	4
AC-P10-TP-NT-SM-63B53-SM-63B54	6	35762988	35782440	5	19452	0.1794	1.00006000360022e-05	1.46187	7	6.45606	0	1	7.39403202606023	7.39403202606023	0	1.46187	1.46187	1.46187	3	3	3.46857	3.46857	0	0	0.7	0.02371	0.97535	0.7	0.02371	0.97535	0	0	0	0	0	3.46857	3.46857
AC-P10-TP-NT-SM-63B53-SM-63B54	6	35837468	36298162	68	460694	0.03205	0.000170010200612037	0.96181	4	3.67348	0	0	3.67348	3.50961539884046	0	0.96181	0.31437	1.60924	0	4	0.50385	3.67185	0	0	1	0.03235	0.98224	0.27	0.01467	0.97106	1	0	0	0	0	0.50385	3.67185
AC-P10-TP-NT-SM-63B53-SM-63B54	6	36334701	44150913	811	7816212	0.0099	0.00282016921015261	1.02654	4	4	0	0	4	4.0124316374517	0	1.02654	1.02654	1.02654	2	2	2	2	0	0	0.01	0	0.1071	0.01	0	0.1071	0	0	0	0	0	2	2
AC-P10-TP-NT-SM-63B53-SM-63B54	6	44197426	44201209	9	3783	0.06824	0	0.74426	2	2.06839	0	0	2.06839	1.81970851316342	0	0.74426	0.74426	0.74426	1	1	0.97806	0.97806	0	0	0.09	0.00443	0.84433	0.09	0.00443	0.84433	0	0	0	0	0	0.97806	0.97806
AC-P10-TP-NT-SM-63B53-SM-63B54	6	44217216	74520792	821	30303576	0.01021	0.0109506570394224	1.06485	4	4	0	0	4	4.31001992883431	0	1.06485	1.06485	1.06485	2	2	2	2	1	1	0.15	0.06124	0.23889	0.15	0.06124	0.23889	0	0	0	0	0	2	2
AC-P10-TP-NT-SM-63B53-SM-63B54	6	74528184	75953441	55	1425257	0.05199	0.000520031201872112	1.40492	7	6.94331	0	0	6.94331	6.95165005805605	0	1.40492	1.40492	1.40492	3	3	3.17789	3.17789	1	1	0.48	0.18744	0.75503	0.48	0.18744	0.75503	0	0	0	0	0	3.17789	3.17789
AC-P10-TP-NT-SM-63B53-SM-63B54	6	75968598	114383955	1165	38415357	0.00825	0.013880832849971	1.02488	4	4	0	0	4	3.99953692161523	0	1.02488	1.02484	1.02491	2	2	2	2	0	0	0	0	0.09448	0	0	0.09427	0	0	0	0	0	2	2
AC-P10-TP-NT-SM-63B53-SM-63B54	6	116264265	116988075	40	723810	0.03261	0.000260015600936056	0.74977	2	1.99824	0	0	1.99824	1.86250964825917	0	0.74977	0.43853	1.06101	0	2	0	2	0	0	1	0.8089	1	0.14	0.00203	0.43372	1	0	0	0	0	0	2
AC-P10-TP-NT-SM-63B53-SM-63B54	6	117013268	117252581	36	239313	0.02732	9.00054003240194e-05	0.59509	1	0.99635	0	0	0.99635	0.660970705135642	0	0.59509	0.24894	0.94123	0	2	0	1.99959	1	1	NA	NA	NA	0.33	0.05417	0.61656	1	0	0	0	0	0	1.99959
AC-P10-TP-NT-SM-63B53-SM-63B54	6	117593636	131574210	394	13980574	0.00996	0.00505030301818109	0.71831	2	1.99998	0	0	1.99998	1.61813147945476	0	0.71831	0.38051	1.05611	0	2	0	2	1	0	NA	NA	NA	0.12	0.00332	0.28299	1	0	0	0	0	0	2
AC-P10-TP-NT-SM-63B53-SM-63B54	6	131894450	132694052	84	799602	0.02153	0.000290017401044063	0.71712	2	1.98589	0	0	1.98589	1.60888767713826	0	0.71712	0.5339	0.90035	0	2	0.04444	1.55756	0	1	0.91	0.18714	0.98638	0.48	0.03587	0.94839	1	0	0	0	0	0.04444	1.55756
AC-P10-TP-NT-SM-63B53-SM-63B54	6	132781942	133118190	45	336248	0.02517	0.000120007200432026	0.61331	1	0.99991	0	0	0.99991	0.802501863292552	0	0.61331	0.3529	0.87372	0	1	0	1.00061	1	1	NA	NA	NA	0.59	0.37086	0.79387	1	0	0	0	0	0	1.00061
AC-P10-TP-NT-SM-63B53-SM-63B54	6	133136168	134494453	38	1358285	0.03568	0.000490029401764106	0.79997	2	2.09916	0	0	2.09916	2.25245828379577	0	0.79997	0.79997	0.79997	1	1	1.11396	1.11396	0	0	0.87	0.08439	0.98287	0.87	0.08439	0.98287	0	0	0	0	0	1.11396	1.11396
AC-P10-TP-NT-SM-63B53-SM-63B54	6	134495180	137330541	128	2835361	0.01696	0.00102006120367222	0.69744	1	1.30237	0	0	1.30237	1.45601538336614	0	0.69744	0.29439	1.1005	0	2	0	2.00061	1	0	NA	NA	NA	0.29	0.02965	0.62171	1	0	0	0	0	0	2.00061
AC-P10-TP-NT-SM-63B53-SM-63B54	6	137338172	137519471	7	181299	0.10226	7.00042002520151e-05	0.9848	4	4.00824	0	0	4.00824	3.68819944527445	NA	NA	NA	NA	NA	NA	NA	NA	NA	NA	NA	NA	NA	NA	NA	NA	NA	NA	NA	NA	NA	NA	NA
AC-P10-TP-NT-SM-63B53-SM-63B54	6	137525554	160863846	955	23338292	0.00634	0.00843050583034982	0.71161	2	1.99986	0	0	1.99986	1.56608654204251	0	0.71161	0.36809	1.05513	0	2	0	2	1	0	NA	NA	NA	0.12	0.01337	0.22253	1	0	0	0	0	0	2
AC-P10-TP-NT-SM-63B53-SM-63B54	6	160868800	161128784	44	259984	0.02739	9.00054003240194e-05	0.66021	1	1.00428	0	0	1.00428	1.16681642517834	0	0.66021	0.27312	1.04729	0	2	0	2.00223	1	0	NA	NA	NA	0.09	0.00113	0.64985	1	0	0	0	0	0	2.00223
AC-P10-TP-NT-SM-63B53-SM-63B54	6	161134087	170105765	207	8971678	0.01436	0.0032401944116647	0.75139	2	2	0	0	2	1.87509364805139	0	0.75139	0.38791	1.11487	0	2	0	2	1	1	NA	NA	NA	0.35	0.17261	0.51606	1	0	0	0	0	0	2
AC-P10-TP-NT-SM-63B53-SM-63B54	6	170112558	170892713	46	780155	0.02904	0.00028001680100806	0.71595	2	1.94247	0	0	1.94247	1.59979923284388	0	0.71595	0.51535	0.91655	0	2	0.11243	1.62608	0	0	0.98	0.11012	0.98574	0.42	0.02134	0.95475	1	0	0	0	0	0.11243	1.62608
AC-P10-TP-NT-SM-63B53-SM-63B54	7	540563	40220571	1360	39680008	0.00769	0.0143408604516271	1.03281	4	4	0	0	4	4.06113637738824	0	1.03281	1.03281	1.03281	2	2	2	2	0	0	0.03	0	0.12035	0.03	0	0.12035	0	0	0	0	0	2	2
AC-P10-TP-NT-SM-63B53-SM-63B54	7	40277279	42116403	18	1839124	0.08363	0.000660039602376143	1.29264	6	6.14017	0	0	6.14017	6.07947012183993	0	1.29264	1.01329	1.572	2	4	1.94866	3.83845	0	0	0.05	0.01045	0.95839	0.12	0.01164	0.96109	0	0	0	0	0	1.94866	3.83845
AC-P10-TP-NT-SM-63B53-SM-63B54	7	42262790	94024378	1537	51761588	0.00732	0.01871112266736	1.04422	4	4	0	0	4	4.1497681290112	0	1.04422	1.04422	1.04422	2	2	2	2	0	0	0.07	0.0015	0.15409	0.07	0.0015	0.15409	0	0	0	0	0	2	2
AC-P10-TP-NT-SM-63B53-SM-63B54	7	94028378	94059631	36	31253	0.06614	1.00006000360022e-05	1.4462	7	6.95257	0	1	7.2723090157244	7.2723090157244	0	1.4462	1.4462	1.4462	4	4	3.63071	3.63071	0	0	0.64	0.05527	0.97119	0.64	0.05527	0.97119	0	0	0	0	0	3.63071	3.63071
AC-P10-TP-NT-SM-63B53-SM-63B54	7	94147574	120737818	1362	26590244	0.00763	0.00961057663459808	1.02507	4	4	0	0	4	4.00101282282543	0	1.02507	1.02431	1.02582	2	2	2	2	0	0	0	0	0.11196	0	0	0.11277	0	0	0	0	0	2	2
AC-P10-TP-NT-SM-63B53-SM-63B54	7	120764455	120979166	19	214711	0.06711	8.00048002880173e-05	1.06506	4	4.42372	0	0	4.42372	4.31165118806663	0	1.06506	0.56878	1.56133	1	4	0.82011	3.60122	0	0	0.77	0.02023	0.97583	0.08	0.01283	0.96784	0	0	0	0	0	0.82011	3.60122
AC-P10-TP-NT-SM-63B53-SM-63B54	7	120991259	135380175	670	14388916	0.01116	0.00520031201872112	1.05167	4	4	0	0	4	4.20763899225319	0	1.05167	1.05167	1.05167	2	2	2	2	0	0	0.1	0.01201	0.19448	0.1	0.01201	0.19448	0	0	0	0	0	2	2
AC-P10-TP-NT-SM-63B53-SM-63B54	7	135386467	135392929	5	6462	0.17455	0	1.42226	7	6.3864	0	1	7.08634546323941	7.08634546323941	0	1.42226	1.42226	1.42226	3	3	3.04037	3.04037	0	0	0.54	0.01664	0.97396	0.54	0.01664	0.97396	0	0	0	0	0	3.04037	3.04037
AC-P10-TP-NT-SM-63B53-SM-63B54	7	135418894	158935187	1147	23516293	0.00811	0.00850051003060184	0.99929	4	4	0	0	4	3.80075633230484	0	0.99929	0.99929	0.99929	2	2	2	2	0	0	0.1	0.01298	0.18248	0.1	0.01298	0.18248	0	0	0	0	0	2	2
AC-P10-TP-NT-SM-63B53-SM-63B54	8	190901	30560683	1131	30369782	0.00728	0.0109806588395304	0.89077	3	3	0	0	3	2.95778370424843	0	0.89077	0.72343	1.05812	1	2	1	2	1	0	0.17	0.05153	0.28205	0.13	0.01769	0.23987	0	0	0	0	0	1	2
AC-P10-TP-NT-SM-63B53-SM-63B54	8	30612242	32453434	40	1841192	0.03601	0.000670040202412145	0.82833	3	2.61242	0	0	2.61242	2.47275595917063	0	0.82833	0.51936	1.13729	0	2	0	2.09969	0	1	0.96	0.57608	1	0.44	0.10275	0.7748	1	0	0	0	0	0	2.09969
AC-P10-TP-NT-SM-63B53-SM-63B54	8	32474377	32621592	11	147215	0.11329	5.00030001800108e-05	1.36902	7	6.47998	0	0	6.47998	6.67278240833964	0	1.36902	1.36902	1.36902	3	3	3.11179	3.11179	0	0	0.34	0.0187	0.88736	0.34	0.0187	0.88736	0	0	0	0	0	3.11179	3.11179
AC-P10-TP-NT-SM-63B53-SM-63B54	8	33246898	49643984	537	16397086	0.01022	0.00593035582134928	0.86142	3	3	0	0	3	2.72979580677832	0	0.86142	0.6631	1.05973	1	2	0.99997	2	1	0	0.41	0.21122	0.58944	0.14	0.00429	0.32245	0	0	0	0	0	0.99997	2
AC-P10-TP-NT-SM-63B53-SM-63B54	8	49831456	49833784	3	2328	0.19541	0	1.23281	6	5.73692	0	0	5.73692	5.6147165986496	NA	NA	NA	NA	NA	NA	NA	NA	NA	NA	NA	NA	NA	NA	NA	NA	NA	NA	NA	NA	NA	NA	NA
AC-P10-TP-NT-SM-63B53-SM-63B54	8	49986656	81905399	681	31918743	0.00892	0.0115406924415465	0.84669	3	2.99999	0	0	2.99999	2.61537462348243	0	0.84669	0.67521	1.01816	1	2	1	2	1	0	0.36	0.20054	0.50637	0.03	0	0.18789	0	0	0	0	0	1	2
AC-P10-TP-NT-SM-63B53-SM-63B54	8	82355657	82441758	12	86101	0.09382	3.00018001080065e-05	1.18365	5	5.38768	0	0	5.38768	5.23284658026356	0	1.18365	0.76029	1.60701	1	4	1.14816	3.89962	0	0	0.03	0.01096	0.96158	0.26	0.01411	0.96721	0	0	0	0	0	1.14816	3.89962
AC-P10-TP-NT-SM-63B53-SM-63B54	8	82572826	135602554	1523	53029728	0.00613	0.0191711502690161	0.87063	3	3	0	0	3	2.80133817596741	0	0.87063	0.69771	1.04356	1	2	1	2	1	0	0.27	0.14225	0.38948	0.07	0	0.19423	0	0	0	0	0	1	2
AC-P10-TP-NT-SM-63B53-SM-63B54	8	135614447	139668163	39	4053716	0.03485	0.00147008820529232	0.79146	2	2.04012	0	0	2.04012	2.1863534453811	0	0.79146	0.51287	1.07004	0	2	0	2.00002	0	0	0.99	0.59522	1	0.18	0.00506	0.52643	1	0	0	0	0	0	2.00002
AC-P10-TP-NT-SM-63B53-SM-63B54	8	139675965	143832528	155	4156563	0.01954	0.00150009000540032	0.88513	3	3	0	0	3	2.91397274200886	0	0.88513	0.7029	1.06736	1	2	0.99997	2	1	0	0.25	0.02015	0.55721	0.16	0.00438	0.47762	0	0	0	0	0	0.99997	2
AC-P10-TP-NT-SM-63B53-SM-63B54	8	143856682	143955845	7	99163	0.12714	4.00024001440086e-05	1.22527	6	5.72797	0	0	5.72797	5.55614662430804	0	1.22527	1.22527	1.22527	3	3	2.69976	2.69976	0	0	0.78	0.03218	0.97751	0.78	0.03218	0.97751	0	0	0	0	0	2.69976	2.69976
AC-P10-TP-NT-SM-63B53-SM-63B54	8	143957210	146279473	384	2322263	0.01229	0.000840050403024181	0.87597	3	3	0	0	3	2.84281876787509	0	0.87597	0.69102	1.06092	1	2	1	2	1	0	0.3	0.05777	0.5441	0.14	0.00246	0.39396	0	0	0	0	0	1	2
AC-P10-TP-NT-SM-63B53-SM-63B54	9	286572	21440791	660	21154219	0.01229	0.00765045902754165	1.14985	5	5	0	0	5	4.97029152287039	0	1.14985	1.13344	1.16626	2	3	2.00911	2.93612	1	1	0.42	0.16004	0.67425	0.55	0.28608	0.80102	0	0	0	0	0	2.00911	2.93612
AC-P10-TP-NT-SM-63B53-SM-63B54	9	21512148	33395134	195	11882986	0.02368	0.00429025741544493	1.20439	5	5.08423	0	0	5.08423	5.39395284920836	0	1.20439	1.01731	1.39147	2	3	2	3.04944	0	1	0.03	0	0.40084	0.42	0.09764	0.75576	0	0	0	0	0	2	3.04944
AC-P10-TP-NT-SM-63B53-SM-63B54	9	33442908	33464925	6	22017	0.18591	1.00006000360022e-05	1.66003	7	6.72534	0	1	8.93331930928597	8.93331930928597	0	1.66003	1.66003	1.66003	4	4	3.71763	3.71763	0	0	0.47	0.01618	0.97332	0.47	0.01618	0.97332	0	0	0	0	0	3.71763	3.71763
AC-P10-TP-NT-SM-63B53-SM-63B54	9	33466145	34978059	152	1511914	0.02428	0.000550033001980119	1.08977	5	4.62338	0	0	4.62338	4.50359602440347	0	1.08977	0.98402	1.19551	2	3	1.96056	2.78657	0	0	0.16	0.00595	0.82398	0.66	0.08478	0.97207	0	0	0	0	0	1.96056	2.78657
AC-P10-TP-NT-SM-63B53-SM-63B54	9	34996562	71668115	574	36671553	0.01251	0.0132507950477029	1.09157	5	4.82565	0	0	4.82565	4.51757824639483	0	1.09157	1.0852	1.09795	2	2	2	2	1	1	0.23	0.05393	0.4115	0.28	0.09771	0.46079	0	0	0	0	0	2	2
AC-P10-TP-NT-SM-63B53-SM-63B54	9	71686144	71869207	18	183063	0.11475	7.00042002520151e-05	1.77498	7	6.98647	0	1	9.82623954145594	9.82623954145594	0	1.77498	1.77498	1.77498	4	4	3.906	3.906	0	0	0.91	0.01892	0.97617	0.91	0.01892	0.97617	0	0	0	0	0	3.906	3.906
AC-P10-TP-NT-SM-63B53-SM-63B54	9	71986469	74319614	91	2333145	0.03421	0.000840050403024181	1.18872	5	5.06311	0	0	5.06311	5.27222983887253	0	1.18872	1.18872	1.18872	3	3	2.67646	2.67646	0	0	0.64	0.05271	0.97141	0.64	0.05271	0.97141	0	0	0	0	0	2.67646	2.67646
AC-P10-TP-NT-SM-63B53-SM-63B54	9	74327087	75778419	69	1451332	0.04608	0.000520031201872112	1.39457	7	6.94832	0	0	6.94832	6.87125228160578	0	1.39457	0.95503	1.83411	2	5	1.75047	4.91116	0	0	0.27	0.01337	0.95479	0.14	0.00981	0.9447	0	0	0	0	0	1.75047	4.91116
AC-P10-TP-NT-SM-63B53-SM-63B54	9	75781060	100897162	923	25116102	0.01118	0.00908054483268996	1.23735	6	5.99999	0	0	5.99999	5.64998286967223	0	1.23735	1.0711	1.4036	2	3	2	3.02464	0	1	0.18	0.01886	0.35997	0.47	0.28095	0.65041	0	0	0	0	0	2	3.02464
AC-P10-TP-NT-SM-63B53-SM-63B54	9	100919841	119109396	859	18189555	0.01192	0.00657039422365342	1.2731	6	6	0	0	6	5.9276853342227	0	1.2731	1.03843	1.50777	2	4	2	4	0	0	0.05	0	0.21031	0.88	0.71413	0.98469	0	0	0	0	0	2	4
AC-P10-TP-NT-SM-63B53-SM-63B54	9	119115986	139405663	1715	20289677	0.00832	0.00733043982638958	1.25512	6	6	0	0	6	5.7880184723313	0	1.25512	1.06847	1.44177	2	4	2	4	1	1	0.17	0.03028	0.30744	0.62	0.47096	0.75706	0	0	0	0	0	2	4
AC-P10-TP-NT-SM-63B53-SM-63B54	9	139407916	140695383	303	1287467	0.0188	0.000470028201692101	1.19172	5	5.00075	0	0	5.00075	5.29553354219145	0	1.19172	1.19172	1.19172	3	3	3	3	1	1	0.65	0.44048	0.84479	0.65	0.44049	0.84479	0	0	0	0	0	3	3
AC-P10-TP-NT-SM-63B53-SM-63B54	9	140707541	141016185	25	308644	0.07664	0.000110006600396024	1.3962	7	6.76314	0	0	6.76314	6.88391396040906	0	1.3962	1.07655	1.71585	2	4	2.16912	4.39936	0	0	0.2	0.01227	0.95911	0.68	0.02608	0.97514	0	0	0	0	0	2.16912	4.39936
AC-P10-TP-NT-SM-63B53-SM-63B54	10	94609	11047376	363	10952767	0.01199	0.00396023761425686	0.83064	3	2.53691	0	0	2.53691	2.4906998107262	0	0.83064	0.71847	0.9428	1	2	1	1.99999	1	1	0.19	0.01138	0.43774	0.32	0.07545	0.56332	0	0	0	0	0	1	1.99999
AC-P10-TP-NT-SM-63B53-SM-63B54	10	11207556	37451739	1043	26244183	0.00691	0.00948056883413005	0.81156	2	2	0	0	2	2.34248825761787	0	0.81156	0.66606	0.95707	1	2	1	2	1	1	0.39	0.25753	0.51999	0.26	0.12726	0.38973	0	0	0	0	0	1	2
AC-P10-TP-NT-SM-63B53-SM-63B54	10	37458471	37462802	4	4331	0.06612	0	0.47946	0	0.43437	1	0	0.43437	-0.23723169978661	NA	NA	NA	NA	NA	NA	NA	NA	NA	NA	NA	NA	NA	NA	NA	NA	NA	NA	NA	NA	NA	NA	NA
AC-P10-TP-NT-SM-63B53-SM-63B54	10	37486222	47946897	130	10460675	0.01935	0.00378022681360882	0.80231	2	2.00072	0	0	2.00072	2.27063517238453	0	0.80231	0.70842	0.89621	1	2	0.99236	1.52411	0	0	0.23	0.0094	0.7189	0.5	0.07647	0.91353	0	0	0	0	0	0.99236	1.52411
AC-P10-TP-NT-SM-63B53-SM-63B54	10	48255438	48268038	11	12600	0.10104	0	1.22061	6	5.66568	0	0	5.66568	5.51994820515265	NA	NA	NA	NA	NA	NA	NA	NA	NA	NA	NA	NA	NA	NA	NA	NA	NA	NA	NA	NA	NA	NA	NA
AC-P10-TP-NT-SM-63B53-SM-63B54	10	48382082	54050016	206	5667934	0.01532	0.00205012300738044	0.79956	2	2.00001	0	0	2.00001	2.24927344434219	0	0.79956	0.74139	0.85772	1	1	0.999	1.08752	0	0	0.1	0.00121	0.62227	0.65	0.168	0.96392	0	0	0	0	0	0.999	1.08752
AC-P10-TP-NT-SM-63B53-SM-63B54	10	54074315	61965598	121	7891283	0.02109	0.00285017101026062	0.84392	3	2.97431	0	0	2.97431	2.59385753741796	0	0.84392	0.64845	1.03939	1	2	0.81342	2	1	0	0.46	0.11459	0.81034	0.06	0	0.44275	0	0	0	0	0	0.81342	2
AC-P10-TP-NT-SM-63B53-SM-63B54	10	61973218	121692597	3350	59719379	0.00393	0.0215812948776927	0.82652	2	2.00574	0	0	2.00574	2.45869605816822	0	0.82652	0.70143	0.9516	1	2	1	2	1	1	0.26	0.14919	0.35408	0.28	0.17735	0.38234	0	0	0	0	0	1	2
AC-P10-TP-NT-SM-63B53-SM-63B54	10	122263383	122278376	3	14993	0.21561	1.00006000360022e-05	1.36068	7	6.09095	0	0	6.09095	6.60799811311304	NA	NA	NA	NA	NA	NA	NA	NA	NA	NA	NA	NA	NA	NA	NA	NA	NA	NA	NA	NA	NA	NA	NA
AC-P10-TP-NT-SM-63B53-SM-63B54	10	122334727	127724804	302	5390077	0.01332	0.00195011700702042	0.84185	3	2.99563	0	0	2.99563	2.5777779821279	0	0.84185	0.84181	0.84189	1	1	1	1	1	1	0.71	0.58678	0.82585	0.71	0.58642	0.82552	0	0	0	0	0	1	1
AC-P10-TP-NT-SM-63B53-SM-63B54	10	127730752	128193089	21	462337	0.0613	0.000170010200612037	1.02252	4	4.07564	0	0	4.07564	3.98120467500435	0	1.02252	0.79848	1.24655	1	3	1.13979	2.83399	0	0	0.88	0.06433	0.98199	0.86	0.06153	0.98145	0	0	0	0	0	1.13979	2.83399
AC-P10-TP-NT-SM-63B53-SM-63B54	10	128776231	135490828	205	6714597	0.01634	0.00243014580874852	0.8508	3	2.99941	0	0	2.99941	2.64730069702935	0	0.8508	0.83148	0.87012	1	1	1	1.00692	0	1	0.75	0.46682	0.96575	0.6	0.31894	0.86865	0	0	0	0	0	1	1.00692
AC-P10-TP-NT-SM-63B53-SM-63B54	11	194433	1718670	315	1524237	0.01567	0.000550033001980119	1.01228	4	4	0	0	4	3.90166136767576	0	1.01228	1.01228	1.01228	2	2	2	2	0	0	0.05	0	0.16795	0.05	0	0.16795	0	0	0	0	0	2	2
AC-P10-TP-NT-SM-63B53-SM-63B54	11	1775081	1858253	12	83172	0.10624	3.00018001080065e-05	1.3409	7	6.38414	0	0	6.38414	6.4543490292303	0	1.3409	1.3409	1.3409	3	3	3.09619	3.09619	0	0	0.23	0.01275	0.95952	0.23	0.01275	0.95952	0	0	0	0	0	3.09619	3.09619
AC-P10-TP-NT-SM-63B53-SM-63B54	11	1860930	18333515	1113	16472585	0.00847	0.00595035702142129	1.02809	4	4	0	0	4	4.02447188416647	0	1.02809	1.02809	1.02809	2	2	2	2	0	0	0.01	0	0.09915	0.01	0	0.09915	0	0	0	0	0	2	2
AC-P10-TP-NT-SM-63B53-SM-63B54	11	18357396	19251267	100	893871	0.02807	0.000320019201152069	1.02196	4	4.00001	0	0	4.00001	3.97685465038481	0	1.02196	0.99289	1.05104	2	2	1.99967	2.00019	0	0	0.12	0.00159	0.57525	0.1	0.00044	0.55674	0	0	0	0	0	1.99967	2.00019
AC-P10-TP-NT-SM-63B53-SM-63B54	11	19252279	59620734	1357	40368455	0.00771	0.0145908754525272	1.03388	4	4	0	0	4	4.06944803157199	0	1.03388	1.03379	1.03396	2	2	2	2	0	0	0.03	0	0.12277	0.04	0	0.12337	0	0	0	0	0	2	2
AC-P10-TP-NT-SM-63B53-SM-63B54	11	59623436	59633903	6	10467	0.15867	0	1.41625	7	6.43638	0	1	7.03966037759051	7.03966037759051	NA	NA	NA	NA	NA	NA	NA	NA	NA	NA	NA	NA	NA	NA	NA	NA	NA	NA	NA	NA	NA	NA	NA
AC-P10-TP-NT-SM-63B53-SM-63B54	11	59811030	66102353	1334	6291323	0.00771	0.00227013620817249	1.02538	4	4	0	0	4	4.00342087216838	0	1.02538	1.02538	1.02538	2	2	2	2	0	0	0	0	0.11642	0	0	0.11642	0	0	0	0	0	2	2
AC-P10-TP-NT-SM-63B53-SM-63B54	11	66105208	66106223	3	1015	0.23096	0	1.45781	7	6.25429	0	1	7.36249434756862	7.36249434756862	NA	NA	NA	NA	NA	NA	NA	NA	NA	NA	NA	NA	NA	NA	NA	NA	NA	NA	NA	NA	NA	NA	NA
AC-P10-TP-NT-SM-63B53-SM-63B54	11	66108477	67434104	316	1325627	0.01631	0.000480028801728104	1.05575	4	4.00001	0	0	4.00001	4.23933202876692	0	1.05575	1.04247	1.06902	2	2	2	2	0	1	0.07	0	0.3869	0.17	0.00531	0.4745	0	0	0	0	0	2	2
AC-P10-TP-NT-SM-63B53-SM-63B54	11	67765207	69954484	142	2189277	0.01612	0.000790047402844171	0.69825	1	1.3334	0	0	1.3334	1.46230738326225	0	0.69825	0.36877	1.02773	0	2	0	2	1	0	NA	NA	NA	0.01	0	0.37908	1	0	0	0	0	0	2
AC-P10-TP-NT-SM-63B53-SM-63B54	11	69972233	70028699	5	56466	0.12278	2.00012000720043e-05	0.99936	4	4.23018	0	0	4.23018	3.80130008538228	0	0.99936	0.43322	1.56551	0	4	0.55907	3.63092	0	0	1	0.02877	0.98047	0.1	0.01288	0.96771	1	0	0	0	0	0.55907	3.63092
AC-P10-TP-NT-SM-63B53-SM-63B54	11	70052408	88924477	783	18872069	0.00682	0.00682040922455347	0.69354	1	1.00064	0	0	1.00064	1.42572056905154	0	0.69354	0.36635	1.02073	0	2	0	2	1	0	NA	NA	NA	0.02	0	0.14998	1	0	0	0	0	0	2
AC-P10-TP-NT-SM-63B53-SM-63B54	11	89018031	89223673	14	205642	0.0688	7.00042002520151e-05	0.93676	3	3.4851	0	0	3.4851	3.31502947612748	0	0.93676	0.52569	1.34783	0	3	0.0467	3.09097	0	0	0.94	0.18107	0.98695	0.25	0.01135	0.89307	1	0	0	0	0	0.0467	3.09097
AC-P10-TP-NT-SM-63B53-SM-63B54	11	89403600	92498149	45	3094549	0.02776	0.00112006720403224	0.67658	1	1.05315	0	0	1.05315	1.29397696628858	0	0.67658	0.41966	0.93349	0	2	0	1.99416	0	1	1	0.78969	1	0.36	0.05601	0.6835	1	0	0	0	0	0	1.99416
AC-P10-TP-NT-SM-63B53-SM-63B54	11	92523246	92623967	15	100721	0.06233	4.00024001440086e-05	0.8782	3	3.01867	0	0	3.01867	2.86014118734215	0	0.8782	0.24983	1.50657	0	4	3e-05	3.90878	1	0	NA	NA	NA	0.87	0.13189	0.98428	1	0	0	0	0	3e-05	3.90878
AC-P10-TP-NT-SM-63B53-SM-63B54	11	92881856	102742386	286	9860530	0.01234	0.00356021361281677	0.759	2	2	0	0	2	1.93420737547039	0	0.759	0.36187	1.15613	0	3	0	2.75935	1	1	NA	NA	NA	0.51	0.33611	0.67289	1	0	0	0	0	0	2.75935
AC-P10-TP-NT-SM-63B53-SM-63B54	11	102816426	102826374	9	9948	0.10865	0	1.18718	5	5.45379	0	0	5.45379	5.26026727116882	NA	NA	NA	NA	NA	NA	NA	NA	NA	NA	NA	NA	NA	NA	NA	NA	NA	NA	NA	NA	NA	NA	NA
AC-P10-TP-NT-SM-63B53-SM-63B54	11	102935054	111369414	292	8434360	0.01134	0.00305018301098066	0.70419	2	1.83994	0	0	1.83994	1.50844871583371	0	0.70419	0.34309	1.0653	0	2	0	2	1	0	NA	NA	NA	0.16	0.00941	0.34585	1	0	0	0	0	0	2
AC-P10-TP-NT-SM-63B53-SM-63B54	11	111386256	111431001	10	44745	0.09353	2.00012000720043e-05	1.07684	5	4.61909	0	0	4.61909	4.40315706309893	0	1.07684	0.67679	1.4769	1	3	1.04769	3.3506	0	0	0.35	0.0154	0.97125	0.76	0.0201	0.97568	0	0	0	0	0	1.04769	3.3506
AC-P10-TP-NT-SM-63B53-SM-63B54	11	111491094	113607442	139	2116348	0.0169	0.000760045602736164	0.72442	2	1.99971	0	0	1.99971	1.6655933552143	0	0.72442	0.32828	1.12055	0	2	0	2.00009	1	1	NA	NA	NA	0.37	0.13505	0.59902	1	0	0	0	0	0	2.00009
AC-P10-TP-NT-SM-63B53-SM-63B54	11	113609050	117078732	162	3469682	0.01536	0.00125007500450027	0.7106	2	1.98047	0	0	1.98047	1.55824096192514	0	0.7106	0.41266	1.00854	0	2	0	2	1	0	NA	NA	NA	0.06	0	0.31409	1	0	0	0	0	0	2
AC-P10-TP-NT-SM-63B53-SM-63B54	11	117090390	124740129	729	7649739	0.00709	0.0027601656099366	0.69549	1	1.00417	0	0	1.00417	1.44086797620884	0	0.69549	0.3396	1.05139	0	2	0	2	1	0	NA	NA	NA	0.1	0.00505	0.21294	1	0	0	0	0	0	2
AC-P10-TP-NT-SM-63B53-SM-63B54	11	124740971	124765032	23	24061	0.03646	1.00006000360022e-05	0.63509	1	1.0058	0	0	1.0058	0.971686749387913	0	0.63509	0.19675	1.07344	0	2	0	2.01052	1	1	NA	NA	NA	0.19	0.00623	0.72905	1	0	0	0	0	0	2.01052
AC-P10-TP-NT-SM-63B53-SM-63B54	11	124765744	134257497	404	9491753	0.00975	0.00343020581234874	0.71237	2	1.99923	0	0	1.99923	1.5719901468833	0	0.71237	0.41986	1.00489	0	2	0	2	1	0	NA	NA	NA	0.08	0	0.23179	1	0	0	0	0	0	2
AC-P10-TP-NT-SM-63B53-SM-63B54	12	266776	5154234	342	4887458	0.01487	0.00177010620637238	1.00076	4	4	0	0	4	3.81217514693111	0	1.00076	1.00076	1.00076	2	2	2	2	0	0	0.09	0.00197	0.20588	0.09	0.00197	0.20588	0	0	0	0	0	2	2
AC-P10-TP-NT-SM-63B53-SM-63B54	12	5672599	6442607	73	770008	0.0346	0.00028001680100806	1.07647	4	4.29819	0	0	4.29819	4.4002829396896	0	1.07647	1.03374	1.11919	2	2	2.00063	2.11117	0	0	0.03	0	0.60652	0.37	0.0269	0.85429	0	0	0	0	0	2.00063	2.11117
AC-P10-TP-NT-SM-63B53-SM-63B54	12	6443333	22401985	1128	15958652	0.00825	0.00577034622077325	1.00824	4	4	0	0	4	3.87027904720628	0	1.00824	1.00824	1.00824	2	2	2	2	0	0	0.06	0	0.14703	0.06	0	0.14703	0	0	0	0	0	2	2
AC-P10-TP-NT-SM-63B53-SM-63B54	12	22439450	22487048	4	47598	0.19324	2.00012000720043e-05	1.40826	7	6.28125	0	0	6.28125	6.97759484775112	0	1.40826	1.40826	1.40826	3	3	3.29893	3.29893	0	0	0.49	0.01874	0.9707	0.49	0.01874	0.9707	0	0	0	0	0	3.29893	3.29893
AC-P10-TP-NT-SM-63B53-SM-63B54	12	22606902	40114820	496	17507918	0.01216	0.00633037982278937	0.98534	4	4	0	0	4	3.69239411187186	0	0.98534	0.98534	0.98534	2	2	2	2	1	1	0.15	0.04902	0.24936	0.15	0.04902	0.24936	0	0	0	0	0	2	2
AC-P10-TP-NT-SM-63B53-SM-63B54	12	40158337	41303890	52	1145553	0.02939	0.000410024601476089	0.77064	2	2.00057	0	0	2.00057	2.0246257443478	0	0.77064	0.77064	0.77064	1	1	1.00001	1.00001	0	0	0.99	0.53307	1	0.99	0.53307	1	0	0	0	0	0	1.00001	1.00001
AC-P10-TP-NT-SM-63B53-SM-63B54	12	41323700	48741793	333	7418093	0.01571	0.00268016080964858	1.04353	4	4	0	0	4	4.14440827724785	0	1.04353	1.04326	1.04379	2	2	2	2	0	0	0.07	0	0.18642	0.07	0	0.1882	0	0	0	0	0	2	2
AC-P10-TP-NT-SM-63B53-SM-63B54	12	48879975	48888651	4	8676	0.22563	0	1.64492	7	6.557	0	1	8.81594632356968	8.81594632356968	NA	NA	NA	NA	NA	NA	NA	NA	NA	NA	NA	NA	NA	NA	NA	NA	NA	NA	NA	NA	NA	NA	NA
AC-P10-TP-NT-SM-63B53-SM-63B54	12	48962337	52865956	640	3903619	0.01103	0.0014100846050763	1.01591	4	4	0	0	4	3.92985884869166	0	1.01591	1.01572	1.01611	2	2	2	2	0	0	0.04	0	0.13822	0.03	0	0.13707	0	0	0	0	0	2	2
AC-P10-TP-NT-SM-63B53-SM-63B54	12	52881621	52913802	16	32181	0.1226	1.00006000360022e-05	1.7879	7	6.97983	0	1	9.92660082374942	9.92660082374942	0	1.7879	1.7879	1.7879	5	5	4.59288	4.59288	0	0	0.96	0.03354	0.97996	0.96	0.03354	0.97996	0	0	0	0	0	4.59288	4.59288
AC-P10-TP-NT-SM-63B53-SM-63B54	12	52940179	56532753	656	3592574	0.01087	0.00130007800468028	1.01351	4	4	0	0	4	3.91121588603652	0	1.01351	1.01351	1.01351	2	2	2	2	0	0	0.04	0	0.15403	0.04	0	0.15403	0	0	0	0	0	2	2
AC-P10-TP-NT-SM-63B53-SM-63B54	12	56536438	56537388	5	950	0.08804	0	0.71558	2	2.03304	0	0	2.03304	1.59692510943454	NA	NA	NA	NA	NA	NA	NA	NA	NA	NA	NA	NA	NA	NA	NA	NA	NA	NA	NA	NA	NA	NA	NA
AC-P10-TP-NT-SM-63B53-SM-63B54	12	56547789	57554786	333	1006997	0.01491	0.000360021601296078	0.99064	4	4	0	0	4	3.73356398773529	0	0.99064	0.99048	0.99079	2	2	2	2	0	0	0.13	0.00723	0.2902	0.13	0.00685	0.2891	0	0	0	0	0	2	2
AC-P10-TP-NT-SM-63B53-SM-63B54	12	57559657	57575006	19	15349	0.08547	1.00006000360022e-05	1.35745	7	6.53726	0	0	6.53726	6.58290779253967	0	1.35745	1.35745	1.35745	3	3	3.05997	3.05997	0	0	0.29	0.01462	0.96861	0.29	0.01462	0.96861	0	0	0	0	0	3.05997	3.05997
AC-P10-TP-NT-SM-63B53-SM-63B54	12	57577624	104192409	1800	46614785	0.00661	0.0168510110606636	1.02017	4	4	0	0	4	3.96295010740452	0	1.02017	1.02017	1.02017	2	2	2	2	0	0	0.02	0	0.10681	0.02	0	0.10681	0	0	0	0	0	2	2
AC-P10-TP-NT-SM-63B53-SM-63B54	12	104208806	110729876	494	6521070	0.01217	0.00236014160849651	0.98474	4	4	0	0	4	3.68773337120808	0	0.98474	0.94699	1.02248	2	2	1.99286	2	0	0	0.3	0.02335	0.69828	0.01	0	0.45282	0	0	0	0	0	1.99286	2
AC-P10-TP-NT-SM-63B53-SM-63B54	12	110760836	122369721	891	11608885	0.00928	0.00420025201512091	1.00849	4	4	0	0	4	3.87222102248286	0	1.00849	1.00849	1.00849	2	2	2	2	0	0	0.06	0	0.17551	0.06	0	0.17551	0	0	0	0	0	2	2
AC-P10-TP-NT-SM-63B53-SM-63B54	12	122380840	122395076	4	14236	0.19448	1.00006000360022e-05	1.41736	7	6.29826	0	1	7.04828274781851	7.04828274781851	0	1.41736	1.41736	1.41736	3	3	3.26345	3.26345	0	0	0.52	0.01827	0.97255	0.52	0.01827	0.97255	0	0	0	0	0	3.26345	3.26345
AC-P10-TP-NT-SM-63B53-SM-63B54	12	122396924	133779095	725	11382171	0.01039	0.00411024661479689	1.01868	4	4	0	0	4	3.95137593475613	0	1.01868	1.01868	1.01868	2	2	2	2	0	0	0.02	0	0.13101	0.02	0	0.13101	0	0	0	0	0	2	2
AC-P10-TP-NT-SM-63B53-SM-63B54	13	19751406	26620927	305	6869521	0.0156	0.00248014880892854	0.99188	4	4	0	0	4	3.74319618510711	0	0.99188	0.99188	0.99188	2	2	2	2	0	0	0.13	0.01731	0.23958	0.13	0.01731	0.23958	0	0	0	0	0	2	2
AC-P10-TP-NT-SM-63B53-SM-63B54	13	26792695	31216829	165	4424134	0.01925	0.00160009600576035	0.89977	3	3	0	0	3	3.02769481420519	0	0.89977	0.81889	0.98064	1	2	1.02969	1.98236	0	0	0.8	0.20987	0.98273	0.17	0.00564	0.76083	0	0	0	0	0	1.02969	1.98236
AC-P10-TP-NT-SM-63B53-SM-63B54	13	31227363	44411490	539	13184127	0.01147	0.00476028561713703	0.96899	4	3.99486	0	0	3.99486	3.56538892878374	0	0.96899	0.9669	0.97108	2	2	2	2	1	1	0.23	0.09421	0.34678	0.21	0.07844	0.33024	0	0	0	0	0	2	2
AC-P10-TP-NT-SM-63B53-SM-63B54	13	44455402	48619865	144	4164463	0.02107	0.00151009060543633	0.91999	3	3.00012	0	0	3.00012	3.18476177457471	0	0.91999	0.91999	0.91999	2	2	1.71268	1.71268	0	0	0.41	0.02562	0.92844	0.41	0.02562	0.92844	0	0	0	0	0	1.71268	1.71268
AC-P10-TP-NT-SM-63B53-SM-63B54	13	48654045	111368072	1132	62714027	0.00775	0.0226713602816169	0.9488	3	3.00014	0	0	3.00014	3.40855500544741	0	0.9488	0.9488	0.9488	2	2	2	2	1	1	0.3	0.14742	0.43414	0.3	0.14742	0.43414	0	0	0	0	0	2	2
AC-P10-TP-NT-SM-63B53-SM-63B54	13	111532221	115090536	240	3558315	0.01672	0.00129007740464428	0.9427	3	3.00416	0	0	3.00416	3.36117080869894	0	0.9427	0.65458	1.23081	1	3	0.96954	3	1	0	0.44	0.16021	0.70855	0.8	0.51495	0.97869	0	0	0	0	0	0.96954	3
AC-P10-TP-NT-SM-63B53-SM-63B54	14	19558773	20863697	87	1304924	0.03191	0.000470028201692101	1.0837	4	4.44331	0	0	4.44331	4.45644486468819	0	1.0837	1.08325	1.08415	2	2	2	2	1	1	0.23	0.04778	0.40471	0.23	0.05053	0.40807	0	0	0	0	0	2	2
AC-P10-TP-NT-SM-63B53-SM-63B54	14	20869221	21469421	63	600200	0.04083	0.000220013200792048	1.18022	5	5.07626	0	0	5.07626	5.20620267946892	0	1.18022	1.04957	1.31087	2	3	2.01007	3.00903	0	0	0.1	0.00263	0.73975	0.11	0.0032	0.74963	0	0	0	0	0	2.01007	3.00903
AC-P10-TP-NT-SM-63B53-SM-63B54	14	21486171	22985279	238	1499108	0.02108	0.000540032401944117	1.18437	5	5.00046	0	0	5.00046	5.2384394690601	0	1.18437	1.18437	1.18437	3	3	2.99999	2.99999	1	1	0.62	0.41744	0.8108	0.62	0.41744	0.8108	0	0	0	0	0	2.99999	2.99999
AC-P10-TP-NT-SM-63B53-SM-63B54	14	22989424	22994652	4	5228	0.25794	0	1.88101	7	6.6595	0	1	10.6498700957576	10.6498700957576	NA	NA	NA	NA	NA	NA	NA	NA	NA	NA	NA	NA	NA	NA	NA	NA	NA	NA	NA	NA	NA	NA	NA
AC-P10-TP-NT-SM-63B53-SM-63B54	14	23002476	93652818	3228	70650342	0.00568	0.0255315318919135	1.1761	5	5	0	0	5	5.17419892691094	0	1.1761	1.01328	1.33891	2	3	2	3	0	1	0.05	0	0.14453	0.22	0.11406	0.31488	0	0	0	0	0	2	3
AC-P10-TP-NT-SM-63B53-SM-63B54	14	93673278	95562605	153	1889327	0.02646	0.000680040802448147	1.19195	5	5.01938	0	0	5.01938	5.2973201594459	0	1.19195	1.19195	1.19195	3	3	3	3	1	1	0.65	0.47642	0.81073	0.65	0.47642	0.81073	0	0	0	0	0	3	3
AC-P10-TP-NT-SM-63B53-SM-63B54	14	95570072	101453417	266	5883345	0.01998	0.00213012780766846	1.18676	5	5.00041	0	0	5.00041	5.25700475270417	0	1.18676	1.06965	1.30387	2	3	2.05009	3.01176	0	0	0.17	0.00684	0.84409	0.08	0.00329	0.79709	0	0	0	0	0	2.05009	3.01176
AC-P10-TP-NT-SM-63B53-SM-63B54	14	101455501	101490161	6	34660	0.18931	1.00006000360022e-05	1.69042	7	6.74224	0	1	9.16938582390664	9.16938582390664	NA	NA	NA	NA	NA	NA	NA	NA	NA	NA	NA	NA	NA	NA	NA	NA	NA	NA	NA	NA	NA	NA	NA
AC-P10-TP-NT-SM-63B53-SM-63B54	14	101492111	106054579	375	4562468	0.01706	0.00165009900594036	1.20332	5	5.01024	0	0	5.01024	5.38564119502461	0	1.20332	1.14967	1.25698	2	3	2.39185	2.99946	1	0	0.48	0.08018	0.89194	0.9	0.41045	0.98939	0	0	0	0	0	2.39185	2.99946
AC-P10-TP-NT-SM-63B53-SM-63B54	14	106066979	106174848	12	107869	0.12858	4.00024001440086e-05	1.62355	7	6.90166	0	1	8.6499462769279	8.6499462769279	0	1.62355	1.16879	2.07831	3	6	2.50064	5.72187	0	0	0.56	0.02289	0.97137	0.09	0.00952	0.94899	0	0	0	0	0	2.50064	5.72187
AC-P10-TP-NT-SM-63B53-SM-63B54	14	106207970	107283203	93	1075233	0.03297	0.000390023401404084	1.15775	5	5.0015	0	0	5.0015	5.03165794161021	0	1.15775	1.11455	1.20094	2	3	2.04572	2.96629	1	0	0.35	0.02874	0.79016	0.68	0.2267	0.968	0	0	0	0	0	2.04572	2.96629
AC-P10-TP-NT-SM-63B53-SM-63B54	15	20170331	72957330	3266	52786999	0.00425	0.0190811448686921	0.88336	3	3	0	0	3	2.9002235570507	0	0.88336	0.70408	1.06263	1	2	1	2	1	1	0.25	0.1469	0.33558	0.15	0.04782	0.2358	0	0	0	0	0	1	2
AC-P10-TP-NT-SM-63B53-SM-63B54	15	72958174	73558704	32	600530	0.04241	0.000220013200792048	0.87274	3	2.97682	0	0	2.97682	2.81772844730172	0	0.87274	0.87274	0.87274	1	1	1.01255	1.01255	1	1	0.59	0.30584	0.86194	0.59	0.30584	0.86194	0	0	0	0	0	1.01255	1.01255
AC-P10-TP-NT-SM-63B53-SM-63B54	15	73562725	93541789	1278	19979064	0.00685	0.00722043322599356	0.89157	3	3	0	0	3	2.96399802513347	0	0.89157	0.7162	1.06694	1	2	1	2	1	1	0.2	0.0663	0.32296	0.16	0.03449	0.28707	0	0	0	0	0	1	2
AC-P10-TP-NT-SM-63B53-SM-63B54	15	93545476	100537691	88	6992215	0.02641	0.00253015180910855	0.9016	3	3.00013	0	0	3.00013	3.04191007322973	0	0.9016	0.88976	0.91344	1	2	1.24117	1.96835	1	1	0.53	0.24203	0.79741	0.43	0.1522	0.70629	0	0	0	0	0	1.24117	1.96835
AC-P10-TP-NT-SM-63B53-SM-63B54	15	100591856	102500730	105	1908874	0.02329	0.000690041402484149	0.86821	3	2.99969	0	0	2.99969	2.78253985529015	0	0.86821	0.68354	1.05288	1	2	0.9638	2.00111	1	0	0.33	0.02206	0.79584	0.11	0.00141	0.61819	0	0	0	0	0	0.9638	2.00111
AC-P10-TP-NT-SM-63B53-SM-63B54	16	105503	28488896	2197	28383393	0.006	0.0102606156369382	1.02398	4	4	0	0	4	3.99254581061955	0	1.02398	1.02398	1.02398	2	2	2	2	0	0	0	0	0.0897	0	0	0.0897	0	0	0	0	0	2	2
AC-P10-TP-NT-SM-63B53-SM-63B54	16	28493472	28515284	14	21812	0.06321	1.00006000360022e-05	0.86045	3	2.91295	0	0	2.91295	2.72226094270521	0	0.86045	0.86045	0.86045	1	1	1.40077	1.40077	0	0	0.64	0.02803	0.97374	0.64	0.02803	0.97374	0	0	0	0	0	1.40077	1.40077
AC-P10-TP-NT-SM-63B53-SM-63B54	16	28550172	48595509	835	20045337	0.0097	0.00724043442606556	1.02044	4	4	0	0	4	3.96504744070323	0	1.02044	1.0204	1.02047	2	2	2	2	0	0	0.02	0	0.11414	0.02	0	0.11393	0	0	0	0	0	2	2
AC-P10-TP-NT-SM-63B53-SM-63B54	16	49314893	50118520	21	803627	0.0547	0.000290017401044063	0.9121	3	3.17723	0	0	3.17723	3.12347303484595	0	0.9121	0.9121	0.9121	2	2	1.74038	1.74038	0	0	0.44	0.04664	0.88933	0.44	0.04664	0.88933	0	0	0	0	0	1.74038	1.74038
AC-P10-TP-NT-SM-63B53-SM-63B54	16	50134212	70820192	1521	20685980	0.0073	0.00748044882692961	1.03675	4	4	0	0	4	4.09174190774709	0	1.03675	1.03675	1.03675	2	2	2	2	0	0	0.05	0	0.12852	0.05	0	0.12852	0	0	0	0	0	2	2
AC-P10-TP-NT-SM-63B53-SM-63B54	16	70841723	71512844	86	671121	0.03636	0.000240014400864052	1.22814	6	5.7664	0	0	5.7664	5.57844050048314	0	1.22814	1.22814	1.22814	3	3	2.97591	2.97591	0	0	0.79	0.22874	0.98215	0.79	0.22874	0.98215	0	0	0	0	0	2.97591	2.97591
AC-P10-TP-NT-SM-63B53-SM-63B54	16	71602116	72090100	68	487984	0.03368	0.000180010800648039	1.01084	4	3.99748	0	0	3.99748	3.89047559008268	0	1.01084	0	2.02168	0	4	0.46203	4.4554	0	0	1	0.03634	0.98401	0.87	0.01835	0.97585	1	0	0	0	0	0.46203	4.4554
AC-P10-TP-NT-SM-63B53-SM-63B54	16	72091327	72110590	8	19263	0.0756	1.00006000360022e-05	0.77756	2	2.36096	0	0	2.36096	2.07837962000344	0	0.77756	0.77756	0.77756	1	1	1.00205	1.00205	0	0	0.96	0.35028	1	0.96	0.35028	1	0	0	0	0	0	1.00205	1.00205
AC-P10-TP-NT-SM-63B53-SM-63B54	16	72122961	90141820	845	18018859	0.00983	0.00651039062343741	1.04071	4	4	0	0	4	4.12250279612807	0	1.04071	1.04071	1.04071	2	2	2	2	0	0	0.06	0	0.15727	0.06	0	0.15727	0	0	0	0	0	2	2
AC-P10-TP-NT-SM-63B53-SM-63B54	17	96988	729259	43	632271	0.05677	0.00023001380082805	1.35629	7	6.62272	0	0	6.62272	6.57389702725636	0	1.35629	1.04084	1.67174	2	4	2.00135	4.39005	0	0	0.06	0.00021	0.6295	0.51	0.06916	0.93035	0	0	0	0	0	2.00135	4.39005
AC-P10-TP-NT-SM-63B53-SM-63B54	17	902787	31352971	3366	30450184	0.00487	0.0110006600396024	1.02845	4	4	0	0	4	4.02726832856475	0	1.02845	1.02845	1.02845	2	2	2	2	0	0	0.01	0	0.09604	0.01	0	0.09604	0	0	0	0	0	2	2
AC-P10-TP-NT-SM-63B53-SM-63B54	17	31355334	38818231	799	7462897	0.01031	0.00270016200972058	1.06096	4	4	0	0	4	4.27980279353078	0	1.06096	0.36451	1.7574	0	5	0	5	1	0	NA	NA	NA	0.84	0.70623	0.9641	1	0	0	0	0	0	5
AC-P10-TP-NT-SM-63B53-SM-63B54	17	38854540	39087665	62	233125	0.04099	8.00048002880173e-05	1.17538	5	5.05541	0	0	5.05541	5.1686060381144	0	1.17538	0.24464	2.10612	0	6	0	6	1	1	NA	NA	NA	0.2	0.01788	0.41791	1	0	0	0	0	0	6
AC-P10-TP-NT-SM-63B53-SM-63B54	17	39114981	39645886	91	530905	0.03869	0.000190011400684041	1.34456	6	6.49069	0	0	6.49069	6.48277954727938	0	1.34456	0.40443	2.28469	0	7	0	7	1	0	NA	NA	NA	0.89	0.69071	1	1	0	0	0	0	0	7
AC-P10-TP-NT-SM-63B53-SM-63B54	17	39659001	39684289	18	25288	0.0934	1.00006000360022e-05	1.444	7	6.81746	0	1	7.25521963329052	7.25521963329052	0	1.444	0.3388	2.54919	0	7	0	7	1	0	NA	NA	NA	NA	NA	NA	1	0	0	0	1	0	7.92011312848485
AC-P10-TP-NT-SM-63B53-SM-63B54	17	39724525	39727923	6	3398	0.12436	0	1.10918	5	4.97941	0	0	4.97941	4.65437098487689	0	1.10918	0.50176	1.71659	0	4	0.67902	4.08639	0	0	1	0.02414	0.97827	0.69	0.0193	0.975	1	0	0	0	0	0.67902	4.08639
AC-P10-TP-NT-SM-63B53-SM-63B54	17	39739596	39974706	53	235110	0.0499	8.00048002880173e-05	1.32345	6	6.26176	0	0	6.26176	6.31879915492524	0	1.32345	0.2994	2.3475	0	7	0	7	1	0	NA	NA	NA	NA	NA	NA	1	0	0	0	1	0	7.13675914141935
AC-P10-TP-NT-SM-63B53-SM-63B54	17	39976616	40825756	247	849140	0.01821	0.000310018601116067	1.04202	4	4	0	0	4	4.13267874657733	0	1.04202	0.32781	1.75624	0	5	0	5	1	0	NA	NA	NA	0.84	0.54981	0.98565	1	0	0	0	0	0	5
AC-P10-TP-NT-SM-63B53-SM-63B54	17	40835889	42453502	294	1617613	0.01604	0.000580034802088125	1.00137	4	4	0	0	4	3.81691356660596	0	1.00137	0.37824	1.62449	0	4	0	4	1	1	NA	NA	NA	0.33	0.13333	0.51442	1	0	0	0	0	0	4
AC-P10-TP-NT-SM-63B53-SM-63B54	17	42455111	42458337	7	3226	0.09429	0	0.9077	3	3.41729	0	0	3.41729	3.0892942699782	0	0.9077	0.10443	1.71097	0	4	0.00588	4.43295	1	0	NA	NA	NA	0.66	0.02848	0.97461	1	0	0	0	0	0.00588	4.43295
AC-P10-TP-NT-SM-63B53-SM-63B54	17	42461287	43197756	111	736469	0.02752	0.000270016200972058	1.05565	4	4.00961	0	0	4.00961	4.23855523865629	0	1.05565	0.38687	1.72442	0	5	0	4.99992	1	0	NA	NA	NA	0.72	0.42251	0.9545	1	0	0	0	0	0	4.99992
AC-P10-TP-NT-SM-63B53-SM-63B54	17	43213926	44632920	112	1418994	0.02567	0.00051003060183611	0.98887	4	3.99542	0	0	3.99542	3.71981480277712	0	0.98887	0.17252	1.80521	0	5	0	5	1	0	NA	NA	NA	0.03	0	0.49314	1	0	0	0	0	0	5
AC-P10-TP-NT-SM-63B53-SM-63B54	17	44704028	45774137	99	1070109	0.02852	0.000390023401404084	1.0329	4	4.00051	0	0	4.00051	4.06183548848781	0	1.0329	0.28956	1.77625	0	5	0	5	1	0	NA	NA	NA	0.92	0.55896	1	1	0	0	0	0	0	5
AC-P10-TP-NT-SM-63B53-SM-63B54	17	45776773	45885710	9	108937	0.09269	4.00024001440086e-05	1.01224	4	4.15147	0	0	4.15147	3.90135065163151	0	1.01224	0.6128	1.41168	1	3	0.69649	3.28755	0	0	0.6	0.02078	0.97353	0.5	0.01857	0.97152	0	0	0	0	0	0.69649	3.28755
AC-P10-TP-NT-SM-63B53-SM-63B54	17	45885964	48247607	258	2361643	0.01772	0.000850051003060184	1.03607	4	4	0	0	4	4.0864597349948	0	1.03607	0.34354	1.7286	0	5	0	5	1	0	NA	NA	NA	0.73	0.52868	0.92119	1	0	0	0	0	0	5
AC-P10-TP-NT-SM-63B53-SM-63B54	17	48263259	48276933	38	13674	0.06076	0	1.36463	7	6.67591	0	0	6.67591	6.63868132248296	0	1.36463	0.95661	1.77265	2	4	1.76793	4.4072	0	0	0.27	0.01426	0.96805	0.9	0.02546	0.97792	0	0	0	0	0	1.76793	4.4072
AC-P10-TP-NT-SM-63B53-SM-63B54	17	48355953	56270445	346	7914492	0.01493	0.00286017161029662	1.01101	4	4	0	0	4	3.89179613327075	0	1.01101	0.37055	1.65146	0	4	0	4.00204	1	1	NA	NA	NA	0.43	0.21399	0.64279	1	0	0	0	0	0	4.00204
AC-P10-TP-NT-SM-63B53-SM-63B54	17	56271133	81052160	2405	24781027	0.0058	0.00896053763225793	1.03629	4	4	0	0	4	4.08816867323819	0	1.03629	0.33992	1.73267	0	5	0	5	1	1	NA	NA	NA	0.75	0.63622	0.85113	1	0	0	0	0	0	5
AC-P10-TP-NT-SM-63B53-SM-63B54	18	166802	10671649	356	10504847	0.01505	0.00380022801368082	1.03345	4	4	0	0	4	4.06610783409628	0	1.03345	1.03345	1.03345	2	2	2	2	0	0	0.03	0	0.13785	0.03	0	0.13785	0	0	0	0	0	2	2
AC-P10-TP-NT-SM-63B53-SM-63B54	18	10677807	10689726	4	11919	0.21246	0	1.54871	7	6.47807	0	1	8.06859655813191	8.06859655813191	NA	NA	NA	NA	NA	NA	NA	NA	NA	NA	NA	NA	NA	NA	NA	NA	NA	NA	NA	NA	NA	NA	NA
AC-P10-TP-NT-SM-63B53-SM-63B54	18	10696178	27878900	451	17182722	0.01357	0.00621037262235734	1.04894	4	4	0	0	4	4.18643262223297	0	1.04894	1.04889	1.04898	2	2	2	2	0	0	0.09	0.00249	0.19921	0.09	0.0026	0.19949	0	0	0	0	0	2	2
AC-P10-TP-NT-SM-63B53-SM-63B54	18	28576885	29055915	81	479030	0.04543	0.000170010200612037	1.48995	7	6.99983	0	1	7.61215468912532	7.61215468912532	0	1.48995	1.48768	1.49222	4	4	4	4	0	0	0.8	0.55481	0.97344	0.81	0.57173	0.97844	0	0	0	0	0	4	4
AC-P10-TP-NT-SM-63B53-SM-63B54	18	29100846	61234041	863	32133195	0.01006	0.0116106966417985	1.07625	4	4.00036	0	0	4.00036	4.39857400144621	0	1.07625	1.07625	1.07625	2	2	2	2	1	1	0.2	0.10159	0.28716	0.2	0.10159	0.28716	0	0	0	0	0	2	2
AC-P10-TP-NT-SM-63B53-SM-63B54	18	61259645	61328367	19	68722	0.1181	2.00012000720043e-05	1.87702	7	6.99329	0	1	10.6188761703435	10.6188761703435	0	1.87702	1.87702	1.87702	5	5	5.01922	5.01922	0	0	0.31	0.01879	0.79281	0.31	0.01879	0.79281	0	0	0	0	0	5.01922	5.01922
AC-P10-TP-NT-SM-63B53-SM-63B54	18	61378598	77960703	279	16582105	0.01691	0.00599035942156529	1.02792	4	4	0	0	4	4.0231513409784	0	1.02792	1.02792	1.02792	2	2	2	2	0	0	0.01	0	0.14868	0.01	0	0.14868	0	0	0	0	0	2	2
AC-P10-TP-NT-SM-63B53-SM-63B54	19	111137	1032626	102	921489	0.02505	0.000330019801188071	0.92042	3	3.00146	0	0	3.00146	3.18810197205042	0	0.92042	0.36109	1.47975	0	4	0	4	1	0	NA	NA	NA	0.77	0.52317	0.962	1	0	0	0	0	0	4
AC-P10-TP-NT-SM-63B53-SM-63B54	19	1036186	14676057	2220	13639871	0.00522	0.00493029581774906	0.89503	3	3	0	0	3	2.99087496296129	0	0.89503	0.73416	1.0559	1	2	1	2	0	0	0.13	0.02651	0.22607	0.12	0.01997	0.21699	0	0	0	0	0	1	2
AC-P10-TP-NT-SM-63B53-SM-63B54	19	14705331	15234286	73	528955	0.02803	0.000190011400684041	0.87115	3	2.9985	0	0	2.9985	2.80537748454269	0	0.87115	0.84841	0.89388	1	1	1.00227	1.44919	0	1	0.69	0.33859	0.95485	0.51	0.16843	0.83795	0	0	0	0	0	1.00227	1.44919
AC-P10-TP-NT-SM-63B53-SM-63B54	19	15276252	30314622	906	15038370	0.00799	0.00544032641958518	0.87447	3	3	0	0	3	2.83116691621563	0	0.87447	0.71092	1.03802	1	2	1	2	1	0	0.22	0.0644	0.36734	0.05	0	0.20723	0	0	0	0	0	1	2
AC-P10-TP-NT-SM-63B53-SM-63B54	19	30477256	40366299	1091	9889043	0.00846	0.00357021421285277	1.01698	4	4	0	0	4	3.93817050287541	0	1.01698	1.01686	1.0171	2	2	2	2	0	0	0.03	0	0.12517	0.03	0	0.12436	0	0	0	0	0	2	2
AC-P10-TP-NT-SM-63B53-SM-63B54	19	40368589	40392612	11	24023	0.13431	1.00006000360022e-05	1.62369	7	6.88268	0	1	8.65103378308279	8.65103378308279	NA	NA	NA	NA	NA	NA	NA	NA	NA	NA	NA	NA	NA	NA	NA	NA	NA	NA	NA	NA	NA	NA	NA
AC-P10-TP-NT-SM-63B53-SM-63B54	19	40398238	43259278	486	2861040	0.01283	0.00103006180370822	1.02969	4	4	0	0	4	4.03690052593656	0	1.02969	1.02969	1.02969	2	2	2	2	0	0	0.02	0	0.15003	0.02	0	0.15003	0	0	0	0	0	2	2
AC-P10-TP-NT-SM-63B53-SM-63B54	19	43268250	43441196	19	172946	0.08016	6.0003600216013e-05	1.27281	6	6.00038	0	0	6.00038	5.92543264290187	0	1.27281	0.9163	1.62932	2	4	1.61118	4.10788	0	0	0.42	0.01769	0.9673	0.35	0.01564	0.96451	0	0	0	0	0	1.61118	4.10788
AC-P10-TP-NT-SM-63B53-SM-63B54	19	43523060	59010538	2180	15487478	0.00627	0.00560033602016121	1.06614	4	4	0	0	4	4.32004052126145	0	1.06614	1.06614	1.06614	2	2	2	2	1	1	0.16	0.07239	0.23768	0.16	0.07239	0.23768	0	0	0	0	0	2	2
AC-P10-TP-NT-SM-63B53-SM-63B54	19	59011750	59082558	22	70808	0.05924	3.00018001080065e-05	1.0114	4	4.00274	0	0	4.00274	3.89482561470221	0	1.0114	1.0114	1.0114	2	2	1.99015	1.99015	0	0	0.05	0.00195	0.75887	0.05	0.00195	0.75887	0	0	0	0	0	1.99015	1.99015
AC-P10-TP-NT-SM-63B53-SM-63B54	20	76851	1435795	88	1358944	0.03448	0.000490029401764106	1.17798	5	5.02338	0	0	5.02338	5.1888025809908	0	1.17798	1.07421	1.28174	2	3	2.07033	2.98956	0	0	0.19	0.00796	0.86784	1	0.21321	0.98857	0	0	0	0	0	2.07033	2.98956
AC-P10-TP-NT-SM-63B53-SM-63B54	20	1445022	1552524	7	107502	0.16185	4.00024001440086e-05	1.56075	7	6.70403	0	1	8.16212208745184	8.16212208745184	0	1.56075	1.56075	1.56075	3	3	3.4834	3.4834	0	0	0.08	0.01337	0.96971	0.08	0.01337	0.96971	0	0	0	0	0	3.4834	3.4834
AC-P10-TP-NT-SM-63B53-SM-63B54	20	1600552	3202524	169	1601972	0.02472	0.000580034802088125	1.17031	5	5.00023	0	0	5.00023	5.12922277950542	0	1.17031	1.15102	1.18961	2	3	2.38856	2.98317	1	0	0.49	0.13715	0.83505	0.64	0.27652	0.93981	0	0	0	0	0	2.38856	2.98317
AC-P10-TP-NT-SM-63B53-SM-63B54	20	3209255	12989973	376	9780718	0.01775	0.00353021181270876	1.25394	6	5.99999	0	0	5.99999	5.77885234902586	0	1.25394	1.05941	1.44846	2	4	2	3.99998	0	1	0.13	0.00235	0.35983	0.64	0.41461	0.86358	0	0	0	0	0	2	3.99998
AC-P10-TP-NT-SM-63B53-SM-63B54	20	13052980	37524280	1318	24471300	0.00888	0.00884053043182591	1.17425	5	5	0	0	5	5.15982830986427	0	1.17425	1.0362	1.3123	2	3	2	3	0	0	0.04	0	0.23887	0.12	0.00116	0.30125	0	0	0	0	0	2	3
AC-P10-TP-NT-SM-63B53-SM-63B54	20	37531372	43058233	231	5526861	0.02176	0.00200012000720043	1.2045	5	5.05914	0	0	5.05914	5.39480731833005	0	1.2045	0.97444	1.43456	2	4	1.98528	3.69971	0	0	0.2	0.00682	0.7463	0.59	0.10074	0.95578	0	0	0	0	0	1.98528	3.69971
AC-P10-TP-NT-SM-63B53-SM-63B54	20	43113073	60962698	990	17849625	0.01058	0.00645038702322139	1.21253	5	5.04413	0	0	5.04413	5.4571835642137	0	1.21253	1.06601	1.35904	2	3	2	3	1	1	0.16	0.01581	0.31962	0.3	0.12856	0.45704	0	0	0	0	0	2	3
AC-P10-TP-NT-SM-63B53-SM-63B54	20	60963392	62904763	291	1941371	0.01902	0.000700042002520151	1.18142	5	5.00005	0	0	5.00005	5.21552416079649	0	1.18142	0.96921	1.39363	2	3	2	3.00594	1	1	0.22	0.02147	0.44803	0.43	0.19232	0.66187	0	0	0	0	0	2	3.00594
AC-P10-TP-NT-SM-63B53-SM-63B54	21	10862908	31062176	265	20199268	0.0149	0.00730043802628158	0.88246	3	3	0	0	3	2.89323244605502	0	0.88246	0.72071	1.04422	1	2	1	2	1	0	0.18	0.01002	0.42309	0.07	0	0.32826	0	0	0	0	0	1	2
AC-P10-TP-NT-SM-63B53-SM-63B54	21	31538597	33076158	73	1537561	0.03169	0.000560033602016121	0.98565	4	3.97087	0	0	3.97087	3.69480216121481	0	0.98565	0.74598	1.22533	1	3	1	3	0	0	0.08	0	0.38002	0.78	0.48685	0.97457	0	0	0	0	0	1	3
AC-P10-TP-NT-SM-63B53-SM-63B54	21	33318415	43236126	521	9917711	0.01094	0.00358021481288877	0.90865	3	3	0	0	3	3.09667377602919	0	0.90865	0.73366	1.08364	1	2	1	2	0	1	0.13	0.00999	0.26936	0.23	0.08157	0.36539	0	0	0	0	0	1	2
AC-P10-TP-NT-SM-63B53-SM-63B54	21	43242325	48084222	518	4841897	0.01038	0.00175010500630038	0.85961	3	3	0	0	3	2.71573590577591	0	0.85961	0.73007	0.98916	1	2	1	2	0	1	0.15	0.01177	0.29855	0.14	0.00953	0.29253	0	0	0	0	0	1	2
AC-P10-TP-NT-SM-63B53-SM-63B54	22	16282534	39357538	1607	23075004	0.0069	0.0083405004300258	1.007	4	4	0	0	4	3.86064684983446	0	1.007	1.00689	1.00712	2	2	2	2	0	0	0.07	0	0.15683	0.07	0	0.15604	0	0	0	0	0	2	2
AC-P10-TP-NT-SM-63B53-SM-63B54	22	39358506	39387483	6	28977	0.15502	1.00006000360022e-05	1.38361	7	6.35989	0	0	6.35989	6.78611608548066	0	1.38361	1.38361	1.38361	3	3	3.27535	3.27535	0	0	0.39	0.01758	0.96239	0.39	0.01758	0.96239	0	0	0	0	0	3.27535	3.27535
AC-P10-TP-NT-SM-63B53-SM-63B54	22	39388442	51237387	994	11848945	0.00896	0.00428025681540892	1.02779	4	4	0	0	4	4.02214151383458	0	1.02779	1.02779	1.02779	2	2	2	2	0	0	0.01	0	0.10716	0.01	0	0.10716	0	0	0	0	0	2	2
