sample	Chromosome	Start.bp	End.bp	n_probes	length	seg_sigma	W	total_copy_ratio	modal_total_cn	expected_total_cn	total_HZ	total_amp	corrected_total_cn	rescaled_total_cn	bi.allelic	copy.ratio	hscr.a1	hscr.a2	modal.a1	modal.a2	expected.a1	expected.a2	subclonal.a1	subclonal.a2	cancer.cell.frac.a1	ccf.ci95.low.a1	ccf.ci95.high.a1	cancer.cell.frac.a2	ccf.ci95.low.a2	ccf.ci95.high.a2	LOH	HZ	SC_HZ	amp.a1	amp.a2	rescaled.cn.a1	rescaled.cn.a2
AC-P09-TR-NT-SM-63B52-SM-63B51	1	69549	6692996	517	6623447	0.00979	0.00239009560382415	1.00679	2	2	0	0	2	2.03318952334671	0	1.00679	1.00679	1.00679	1	1	1	1	0	0	0.02	0	0.05153	0.02	0	0.05153	0	0	0	0	0	1	1
AC-P09-TR-NT-SM-63B52-SM-63B51	1	6697328	7798280	22	1100952	0.04213	0.000400016000640026	0.89354	2	2	0	0	2	1.69296772113477	0	0.89354	0.89354	0.89354	1	1	0.9891	0.9891	0	0	0.15	0.00465	0.74643	0.15	0.00465	0.74643	0	0	0	0	0	0.9891	0.9891
AC-P09-TR-NT-SM-63B52-SM-63B51	1	7806027	16343635	763	8537608	0.00806	0.0030801232049282	1.00771	2	2	0	0	2	2.03595335608874	0	1.00771	1.00771	1.00771	1	1	1	1	0	0	0.02	0	0.05361	0.02	0	0.05361	0	0	0	0	0	1	1
AC-P09-TR-NT-SM-63B52-SM-63B51	1	16351321	16359707	16	8386	0.07642	0	1.38482	3	3.00249	0	0	3.00249	3.16885440537918	NA	NA	NA	NA	NA	NA	NA	NA	NA	NA	NA	NA	NA	NA	NA	NA	NA	NA	NA	NA	NA	NA	NA
AC-P09-TR-NT-SM-63B52-SM-63B51	1	16373093	16918428	92	545335	0.02268	0.000200008000320013	0.98407	2	2	0	0	2	1.96493487128264	0	0.98407	0.98407	0.98407	1	1	1	1	0	0	0.02	0	0.09486	0.02	0	0.09486	0	0	0	0	0	1	1
AC-P09-TR-NT-SM-63B52-SM-63B51	1	17250896	17275357	11	24461	0.08624	1.00004000160006e-05	1.2955	3	2.99859	0	0	2.99859	2.90052229612028	0	1.2955	0.79826	1.79274	1	2	0.81723	2.03726	0	0	0.3	0.01395	0.9342	0.2	0.00936	0.91441	0	0	0	0	0	0.81723	2.03726
AC-P09-TR-NT-SM-63B52-SM-63B51	1	17292302	152384640	7007	135092338	0.00266	0.0487419496779871	1.00763	2	2	0	0	2	2.03571302280682	0	1.00763	1.00763	1.00763	1	1	1	1	0	0	0.02	0	0.04399	0.02	0	0.04399	0	0	0	0	0	1	1
AC-P09-TR-NT-SM-63B52-SM-63B51	1	152538544	153362940	47	824396	0.04003	0.000300012000480019	1.24278	3	3	0	0	3	2.74214266333783	0	1.24278	1.24278	1.24278	1	1	1	1	1	1	0.37	0.27335	0.45858	0.37	0.27335	0.45858	0	0	0	0	0	1	1
AC-P09-TR-NT-SM-63B52-SM-63B51	1	153391702	161561975	1524	8170273	0.00564	0.00295011800472019	0.9969	2	2	0	0	2	2.00347832136988	0	0.9969	0.9969	0.9969	1	1	1	1	0	0	0	0	0.03396	0	0	0.03396	0	0	0	0	0	1	1
AC-P09-TR-NT-SM-63B52-SM-63B51	1	161569499	161599696	4	30197	0.14407	1.00004000160006e-05	1.30502	3	2.9994	0	0	2.9994	2.92912195666825	NA	NA	NA	NA	NA	NA	NA	NA	NA	NA	NA	NA	NA	NA	NA	NA	NA	NA	NA	NA	NA	NA	NA
AC-P09-TR-NT-SM-63B52-SM-63B51	1	161640051	249211681	4405	87571630	0.00334	0.031591263650546	1.00338	2	2	0	0	2	2.02294531720505	0	1.00338	1.00338	1.00338	1	1	1	1	0	0	0.01	0	0.03826	0.01	0	0.03826	0	0	0	0	0	1	1
AC-P09-TR-NT-SM-63B52-SM-63B51	2	45912	8928859	128	8882947	0.01931	0.00320012800512021	0.98845	2	2	0	0	2	1.97809311846753	0	0.98845	0.98845	0.98845	1	1	1	1	0	0	0.01	0	0.06398	0.01	0	0.06398	0	0	0	0	0	1	1
AC-P09-TR-NT-SM-63B52-SM-63B51	2	8931271	9552465	48	621194	0.03537	0.000220008800352014	1.10919	2	2	0	0	2	2.34081612419882	0	1.10919	1.10919	1.10919	1	1	1	1	0	0	0.17	0.00505	0.48238	0.17	0.00505	0.48238	0	0	0	0	0	1	1
AC-P09-TR-NT-SM-63B52-SM-63B51	2	9558790	54001470	2013	44442680	0.00496	0.016030641225649	1.00765	2	2	0	0	2	2.0357731061273	0	1.00765	1.00765	1.00765	1	1	1	1	0	0	0.02	0	0.04677	0.02	0	0.04677	0	0	0	0	0	1	1
AC-P09-TR-NT-SM-63B52-SM-63B51	2	54024690	54102827	16	78137	0.03854	3.00012000480019e-05	0.69603	1	1	0	0	1	1.09961488974511	NA	NA	NA	NA	NA	NA	NA	NA	NA	NA	NA	NA	NA	NA	NA	NA	NA	NA	NA	NA	NA	NA	NA
AC-P09-TR-NT-SM-63B52-SM-63B51	2	54115060	97757320	1709	43642260	0.00535	0.015740629625185	1.00035	2	2	0	0	2	2.01384269415249	0	1.00035	1.00035	1.00035	1	1	1	1	0	0	0.01	0	0.03722	0.01	0	0.03722	0	0	0	0	0	1	1
AC-P09-TR-NT-SM-63B52-SM-63B51	2	97783857	98177163	9	393306	0.05732	0.000140005600224009	0.77699	1	1.01579	0	0	1.01579	1.34283217104382	0	0.77699	0.77699	0.77699	1	1	0.94383	0.94383	0	0	0.33	0.02063	0.82798	0.33	0.02063	0.82798	0	0	0	0	0	0.94383	0.94383
AC-P09-TR-NT-SM-63B52-SM-63B51	2	98263566	120020773	881	21757207	0.00741	0.0078503140125605	0.99506	2	2	0	0	2	1.99795065588581	0	0.99506	0.99506	0.99506	1	1	1	1	0	0	0	0	0.03588	0	0	0.03588	0	0	0	0	0	1	1
AC-P09-TR-NT-SM-63B52-SM-63B51	2	120125190	120925062	67	799872	0.02683	0.000290011600464019	0.99374	2	2	0	0	2	1.99398515673421	0	0.99374	0.27998	1.70749	0	2	0.05215	1.97878	0	0	1	0.16494	0.98848	0.07	0.00489	0.8758	1	0	0	0	0	0.05215	1.97878
AC-P09-TR-NT-SM-63B52-SM-63B51	2	120932449	133721367	354	12788918	0.01183	0.0046101844073763	1.00737	2	2	0	0	2	2.0349319396406	0	1.00737	1.00737	1.00737	1	1	1	1	0	0	0.02	0	0.0691	0.02	0	0.0691	0	0	0	0	0	1	1
AC-P09-TR-NT-SM-63B52-SM-63B51	2	135028038	143799678	263	8771640	0.01778	0.0031601264050562	1.30633	3	3	0	0	3	2.93305741415962	0	1.30633	0.95429	1.65837	1	2	1	2	0	0	0.06	0	0.17709	1	0.86037	1	0	0	0	0	0	1	2
AC-P09-TR-NT-SM-63B52-SM-63B51	2	143959736	152739824	216	8780088	0.01459	0.0031701268050722	0.96993	2	2	0	0	2	1.92245596370404	0	0.96993	0.31025	1.6296	0	2	0	2	0	0	1	0.92355	1	0.95	0.865	1	1	0	0	0	0	0	2
AC-P09-TR-NT-SM-63B52-SM-63B51	2	152977201	162274263	307	9297062	0.01669	0.00335013400536021	1.32461	3	3	0	0	3	2.98797356907736	0	1.32461	1.04689	1.60234	1	2	1	2	0	0	0.08	0	0.19102	0.91	0.78755	0.98947	0	0	0	0	0	1	2
AC-P09-TR-NT-SM-63B52-SM-63B51	2	162275481	169826639	308	7551158	0.01599	0.00272010880435217	1.27116	3	3	0	0	3	2.82740089509743	0	1.27116	0.91457	1.62776	1	2	1	2	0	0	0.12	0.01478	0.22987	0.95	0.827	1	0	0	0	0	0	1	2
AC-P09-TR-NT-SM-63B52-SM-63B51	2	169830287	179296902	558	9466615	0.01241	0.00342013680547222	1.32734	3	3	0	0	3	2.99617494232274	0	1.32734	1.04614	1.60855	1	2	1	2	0	0	0.08	0.00033	0.16323	0.92	0.82307	0.98854	0	0	0	0	0	1	2
AC-P09-TR-NT-SM-63B52-SM-63B51	2	179306383	183731041	444	4424658	0.01288	0.0016000640025601	1.22929	3	3	0	0	3	2.70161646367479	0	1.22929	0.89825	1.56033	1	2	1	2	0	0	0.15	0.05299	0.22976	0.85	0.75425	0.93136	0	0	0	0	0	1	2
AC-P09-TR-NT-SM-63B52-SM-63B51	2	183791588	188332569	91	4540981	0.03138	0.0016400656026241	1.35594	3	3	0	0	3	3.0820940906076	0	1.35594	1.35594	1.35594	2	2	1.99216	1.99216	1	1	0.54	0.36128	0.71074	0.54	0.36128	0.71074	0	0	0	0	0	1.99216	1.99216
AC-P09-TR-NT-SM-63B52-SM-63B51	2	188348896	193059164	263	4710268	0.01744	0.00170006800272011	1.28083	3	3	0	0	3	2.85645118054899	0	1.28083	0.94409	1.61757	1	2	1	2	0	0	0.08	0	0.18398	0.93	0.81686	1	0	0	0	0	0	1	2
AC-P09-TR-NT-SM-63B52-SM-63B51	2	196548526	204822563	590	8274037	0.00881	0.00299011960478419	0.96835	2	2	0	0	2	1.91770938138621	0	0.96835	0.96747	0.96924	1	1	1	1	0	0	0.04	0	0.09414	0.04	0	0.09109	0	0	0	0	0	1	1
AC-P09-TR-NT-SM-63B52-SM-63B51	2	205969193	215609836	359	9640643	0.00764	0.00348013920556822	0.65351	1	1	0	0	1	0.971877750406911	0	0.65351	0.32189	0.98513	0	1	0	1	0	0	1	0.93495	1	0.02	0	0.0757	1	0	0	0	0	0	1
AC-P09-TR-NT-SM-63B52-SM-63B51	2	215617224	234835240	1283	19218016	0.00612	0.00693027721108844	0.99257	2	2	0	0	2	1.99047028248619	0	0.99257	0.99257	0.99257	1	1	1	1	0	0	0	0	0.03473	0	0	0.03473	0	0	0	0	0	1	1
AC-P09-TR-NT-SM-63B52-SM-63B51	2	234846074	242814645	413	7968571	0.01053	0.00287011480459218	0.96775	2	2	0	0	2	1.91590688177184	0	0.96775	0.9489	0.98659	1	1	1	1	0	0	0.07	0	0.17415	0.01	0	0.12578	0	0	0	0	0	1	1
AC-P09-TR-NT-SM-63B52-SM-63B51	3	369943	14862202	689	14492259	0.00848	0.00523020920836834	1.00685	2	2	0	0	2	2.03336977330814	0	1.00685	1.00685	1.00685	1	1	1	1	0	0	0.02	0	0.04799	0.02	0	0.04799	0	0	0	0	0	1	1
AC-P09-TR-NT-SM-63B52-SM-63B51	3	14922107	14960300	4	38193	0.0783	1.00004000160006e-05	0.70717	1	1.00401	0	0	1.00401	1.13308129925188	0	0.70717	0.70717	0.70717	1	1	0.94975	0.94975	1	1	0.43	0.12293	0.74136	0.43	0.12293	0.74136	0	0	0	0	0	0.94975	0.94975
AC-P09-TR-NT-SM-63B52-SM-63B51	3	14965579	48608563	1600	33642984	0.00553	0.0121404856194248	1.00164	2	2	0	0	2	2.01771806832338	0	1.00164	1.00164	1.00164	1	1	1	1	0	0	0.01	0	0.03779	0.01	0	0.03779	0	0	0	0	0	1	1
AC-P09-TR-NT-SM-63B52-SM-63B51	3	48609833	48628960	68	19127	0.02944	1.00004000160006e-05	1.09872	2	2	0	0	2	2.3093625059281	0	1.09872	1.09872	1.09872	1	1	1	1	0	0	0.15	0.0032	0.48508	0.15	0.0032	0.48508	0	0	0	0	0	1	1
AC-P09-TR-NT-SM-63B52-SM-63B51	3	48629388	189526187	5780	140896799	0.00287	0.0508320332813313	0.98702	2	2	0	0	2	1.97379716105329	0	0.98702	0.987	0.98704	1	1	1	1	0	0	0.01	0	0.03929	0.01	0	0.03926	0	0	0	0	0	1	1
AC-P09-TR-NT-SM-63B52-SM-63B51	3	189584528	189612142	8	27614	0.10337	1.00004000160006e-05	1.32429	3	3.00232	0	0	3.00232	2.9870122359497	NA	NA	NA	NA	NA	NA	NA	NA	NA	NA	NA	NA	NA	NA	NA	NA	NA	NA	NA	NA	NA	NA	NA
AC-P09-TR-NT-SM-63B52-SM-63B51	3	189681816	197765487	416	8083671	0.01103	0.00292011680467219	1.01802	2	2	0	0	2	2.06692630779563	0	1.01802	1.01802	1.01802	1	1	1	1	0	0	0.03	0	0.07929	0.03	0	0.07929	0	0	0	0	0	1	1
AC-P09-TR-NT-SM-63B52-SM-63B51	4	59385	88536328	2799	88476943	0.00419	0.031921276851074	1.00246	2	2	0	0	2	2.02018148446302	0	1.00246	1.00246	1.00246	1	1	1	1	0	0	0.01	0	0.03809	0.01	0	0.03809	0	0	0	0	0	1	1
AC-P09-TR-NT-SM-63B52-SM-63B51	4	88580387	88901237	11	320850	0.078	0.000120004800192008	1.17127	3	2.73994	0	0	2.73994	2.52731475096542	0	1.17127	1.17127	1.17127	1	1	1.00002	1.00002	0	0	0.26	0.02609	0.55593	0.26	0.02609	0.55593	0	0	0	0	0	1.00002	1.00002
AC-P09-TR-NT-SM-63B52-SM-63B51	4	88903845	166000878	1965	77097033	0.00496	0.0278111124444978	0.99521	2	2	0	0	2	1.99840128078941	0	0.99521	0.99521	0.99521	1	1	1	1	0	0	0	0	0.0301	0	0	0.0301	0	0	0	0	0	1	1
AC-P09-TR-NT-SM-63B52-SM-63B51	4	166021911	170327822	104	4305911	0.02305	0.0015500620024801	1.0639	2	2	0	0	2	2.20475744497429	0	1.0639	0.99885	1.12894	1	1	1	1	0	0	0	0	0.26641	0.2	0.01562	0.43315	0	0	0	0	0	1	1
AC-P09-TR-NT-SM-63B52-SM-63B51	4	170354755	189068250	461	18713495	0.01027	0.00675027001080043	0.99756	2	2	0	0	2	2.00546107094568	0	0.99756	0.99756	0.99756	1	1	1	1	0	0	0	0	0.03808	0	0	0.03808	0	0	0	0	0	1	1
AC-P09-TR-NT-SM-63B52-SM-63B51	4	190873379	191012705	17	139326	0.04345	5.00020000800032e-05	0.8097	1	1.09344	0	0	1.09344	1.4410984416871	0	0.8097	0.8097	0.8097	1	1	0.9719	0.9719	0	0	0.28	0.01414	0.79145	0.28	0.01414	0.79145	0	0	0	0	0	0.9719	0.9719
AC-P09-TR-NT-SM-63B52-SM-63B51	5	143556	95124513	2789	94980957	0.00416	0.0342713708548342	0.9948	2	2	0	0	2	1.99716957271959	0	0.9948	0.9948	0.9948	1	1	1	1	0	0	0	0	0.02983	0	0	0.02983	0	0	0	0	0	1	1
AC-P09-TR-NT-SM-63B52-SM-63B51	5	95152273	95748107	18	595834	0.05741	0.000210008400336013	1.10249	2	2.005	0	0	2.005	2.32068821183838	0	1.10249	1.10249	1.10249	1	1	1	1	0	0	0.16	0.00598	0.39761	0.16	0.00598	0.39761	0	0	0	0	0	1	1
AC-P09-TR-NT-SM-63B52-SM-63B51	5	95757621	147516549	1925	51758928	0.00503	0.0186707468298732	0.99801	2	2	0	0	2	2.00681294565646	0	0.99801	0.99801	0.99801	1	1	1	1	0	0	0	0	0.03213	0	0	0.03213	0	0	0	0	0	1	1
AC-P09-TR-NT-SM-63B52-SM-63B51	5	147585609	147781626	12	196017	0.07574	7.00028001120045e-05	1.18794	3	2.88342	0	0	2.88342	2.5773941985846	0	1.18794	0.8701	1.50578	1	2	0.97703	1.92992	0	0	0.19	0.0068	0.79383	0.77	0.16759	0.98031	0	0	0	0	0	0.97703	1.92992
AC-P09-TR-NT-SM-63B52-SM-63B51	5	147784316	180794756	1551	33010440	0.00564	0.0119104764190568	1.0054	2	2	0	0	2	2.02901373257342	0	1.0054	1.00529	1.00551	1	1	1	1	0	0	0.01	0	0.04337	0.01	0	0.04376	0	0	0	0	0	1	1
AC-P09-TR-NT-SM-63B52-SM-63B51	6	345890	31132510	1243	30786620	0.00627	0.0111104444177767	1.00069	2	2	0	0	2	2.01486411060063	0	1.00069	1.00069	1.00069	1	1	1	1	0	0	0.01	0	0.03793	0.01	0	0.03793	0	0	0	0	0	1	1
AC-P09-TR-NT-SM-63B52-SM-63B51	6	31133763	31322425	11	188662	0.05508	7.00028001120045e-05	0.8257	2	1.652	0	0	1.652	1.48916509807025	0	0.8257	0.8257	0.8257	1	1	1	1	1	0	0.26	0.10038	0.40098	0.26	0.10038	0.40098	0	0	0	0	0	1	1
AC-P09-TR-NT-SM-63B52-SM-63B51	6	31323231	31324599	3	1368	0.20196	0	1.58531	4	3.80816	0	0	3.80816	3.7711596515202	0	1.58531	1.58531	1.58531	2	2	1.99134	1.99134	0	0	0.89	0.29669	0.98746	0.89	0.29669	0.98746	0	0	0	0	0	1.99134	1.99134
AC-P09-TR-NT-SM-63B52-SM-63B51	6	31583118	32497951	539	914833	0.00937	0.000330013200528021	0.98364	2	2	0	0	2	1.96364307989235	0	0.98364	0.98364	0.98364	1	1	1	1	0	0	0.02	0	0.05065	0.02	0	0.05065	0	0	0	0	0	1	1
AC-P09-TR-NT-SM-63B52-SM-63B51	6	32903370	33162774	77	259404	0.02365	9.00036001440058e-05	0.93865	2	2	0	0	2	1.828485650475	0	0.93865	0.91071	0.96659	1	1	1	1	0	0	0.13	0.00478	0.29006	0.04	0	0.2159	0	0	0	0	0	1	1
AC-P09-TR-NT-SM-63B52-SM-63B51	6	33163412	125139573	3585	91976161	0.00366	0.0331813272530901	0.99228	2	2	0	0	2	1.98959907433924	0	0.99228	0.99228	0.99228	1	1	1	1	0	0	0.01	0	0.03402	0.01	0	0.03402	0	0	0	0	0	1	1
AC-P09-TR-NT-SM-63B52-SM-63B51	6	125231696	125619910	15	388214	0.06474	0.000140005600224009	1.13509	2	2.1758	0	0	2.1758	2.41862402421903	0	1.13509	1.13509	1.13509	1	1	1.04484	1.04484	0	0	0.21	0.00836	0.84073	0.21	0.00836	0.84073	0	0	0	0	0	1.04484	1.04484
AC-P09-TR-NT-SM-63B52-SM-63B51	6	126072985	167754379	1673	41681394	0.00537	0.015040601624065	0.99309	2	2	0	0	2	1.99203244881864	0	0.99309	0.99309	0.99309	1	1	1	1	0	0	0	0	0.03336	0	0	0.03336	0	0	0	0	0	1	1
AC-P09-TR-NT-SM-63B52-SM-63B51	6	167787888	167794716	4	6828	0.07365	0	0.66495	1	1.00014	0	0	1.00014	1.00624540972086	NA	NA	NA	NA	NA	NA	NA	NA	NA	NA	NA	NA	NA	NA	NA	NA	NA	NA	NA	NA	NA	NA	NA
AC-P09-TR-NT-SM-63B52-SM-63B51	6	168344118	170892713	101	2548595	0.02213	0.000920036801472059	1.0061	2	2	0	0	2	2.03111664879018	0	1.0061	0.99366	1.01855	1	1	1	1	0	0	0	0	0.11443	0.03	0	0.13857	0	0	0	0	0	1	1
AC-P09-TR-NT-SM-63B52-SM-63B51	7	540563	99831261	3371	99290698	0.00377	0.0358214328573143	0.98934	2	2	0	0	2	1.98076682622884	0	0.98934	0.98934	0.98934	1	1	1	1	0	0	0.01	0	0.03905	0.01	0	0.03905	0	0	0	0	0	1	1
AC-P09-TR-NT-SM-63B52-SM-63B51	7	99908091	99912338	4	4247	0.14664	0	1.32837	3	3.04228	0	0	3.04228	2.9992692333274	NA	NA	NA	NA	NA	NA	NA	NA	NA	NA	NA	NA	NA	NA	NA	NA	NA	NA	NA	NA	NA	NA	NA
AC-P09-TR-NT-SM-63B52-SM-63B51	7	99914735	100369554	137	454819	0.01877	0.00016000640025601	0.99386	2	2	0	0	2	1.99434565665708	0	0.99386	0.99386	0.99386	1	1	1	1	0	0	0	0	0.17488	0	0	0.17488	0	0	0	0	0	1	1
AC-P09-TR-NT-SM-63B52-SM-63B51	7	100373073	140107546	1762	39734473	0.00528	0.0143405736229449	1.00279	2	2	0	0	2	2.02117285925092	0	1.00279	1.00279	1.00279	1	1	1	1	0	0	0.01	0	0.0409	0.01	0	0.0409	0	0	0	0	0	1	1
AC-P09-TR-NT-SM-63B52-SM-63B51	7	140111736	140268587	15	156851	0.04963	6.00024000960038e-05	0.86912	2	1.99794	0	0	1.99794	1.61960598683	0	0.86912	0.86912	0.86912	1	1	1	1	0	0	0.19	0.0123	0.42808	0.19	0.0123	0.42808	0	0	0	0	0	1	1
AC-P09-TR-NT-SM-63B52-SM-63B51	7	140273707	142104528	110	1830821	0.02196	0.000660026401056042	1.04238	2	2	0	0	2	2.14010779213896	0	1.04238	1.04181	1.04295	1	1	1	1	0	0	0.07	0.00829	0.12334	0.07	0.01001	0.12518	0	0	0	0	0	1	1
AC-P09-TR-NT-SM-63B52-SM-63B51	7	142119968	142124540	4	4572	0.16113	0	1.46008	3	3.43009	0	0	3.43009	3.39494794034139	0	1.46008	1.01434	1.90581	1	2	1.023	2.10622	0	0	0.03	0.00749	0.93656	0.37	0.01651	0.96172	0	0	0	0	0	1.023	2.10622
AC-P09-TR-NT-SM-63B52-SM-63B51	7	142131852	150761993	448	8630141	0.01047	0.0031101244049762	1.00307	2	2	0	0	2	2.02201402573763	0	1.00307	1.00285	1.00329	1	1	1	1	0	0	0.01	0	0.04553	0.01	0	0.04609	0	0	0	0	0	1	1
AC-P09-TR-NT-SM-63B52-SM-63B51	7	150764008	150768584	7	4576	0.06859	0	0.82028	2	1.59534	0	0	1.59534	1.47288251822046	0	0.82028	0.82028	0.82028	1	1	0.99989	0.99989	0	0	0.26	0.02187	0.58334	0.26	0.02187	0.58334	0	0	0	0	0	0.99989	0.99989
AC-P09-TR-NT-SM-63B52-SM-63B51	7	150769125	158935187	342	8166062	0.01218	0.00295011800472019	1.01913	2	2	0	0	2	2.07026093208221	0	1.01913	1.01913	1.01913	1	1	1	1	0	0	0.04	0	0.07973	0.04	0	0.07973	0	0	0	0	0	1	1
AC-P09-TR-NT-SM-63B52-SM-63B51	8	190901	100205194	2905	100014293	0.00408	0.0360814432577303	0.99486	2	2	0	0	2	1.99734982268103	0	0.99486	0.99486	0.99486	1	1	1	1	0	0	0	0	0.02954	0	0	0.02954	0	0	0	0	0	1	1
AC-P09-TR-NT-SM-63B52-SM-63B51	8	100403858	135649829	1052	35245971	0.00899	0.0127205088203528	1.32032	3	3	0	0	3	2.97508569683463	0	1.32032	1.00596	1.63468	1	2	1	2	0	0	0.02	0	0.07431	0.96	0.89357	1	0	0	0	0	0	1	2
AC-P09-TR-NT-SM-63B52-SM-63B51	8	135817153	144732847	284	8915694	0.01325	0.00322012880515221	1.01035	2	2	0	0	2	2.04388435439196	0	1.01035	1.01035	1.01035	1	1	1	1	0	0	0.02	0	0.07587	0.02	0	0.07587	0	0	0	0	0	1	1
AC-P09-TR-NT-SM-63B52-SM-63B51	8	144800231	144803490	6	3259	0.10609	0	1.1765	3	2.72641	0	0	2.72641	2.54302653927066	0	1.1765	1.1765	1.1765	1	1	1.18007	1.18007	0	0	0.27	0.01282	0.93811	0.27	0.01282	0.93811	0	0	0	0	0	1.18007	1.18007
AC-P09-TR-NT-SM-63B52-SM-63B51	8	144803985	146279473	295	1475488	0.01266	0.000530021200848034	0.9839	2	2	0	0	2	1.96442416305857	0	0.9839	0.98369	0.98411	1	1	1	1	0	0	0.02	0	0.06084	0.02	0	0.06002	0	0	0	0	0	1	1
AC-P09-TR-NT-SM-63B52-SM-63B51	9	286572	37020715	1367	36734143	0.00596	0.0132505300212008	0.99635	2	2	0	0	2	2.00182603005671	0	0.99635	0.30696	1.68574	0	2	0	2	0	0	1	0.96478	1	0.04	0	0.07661	1	0	0	0	0	0	2
AC-P09-TR-NT-SM-63B52-SM-63B51	9	37126634	79828189	517	42701555	0.00947	0.015410616424657	0.97458	2	2	0	0	2	1.93642533571539	0	0.97458	0.97458	0.97458	1	1	1	1	0	0	0.03	0	0.06473	0.03	0	0.06473	0	0	0	0	0	1	1
AC-P09-TR-NT-SM-63B52-SM-63B51	9	79840872	86570425	172	6729553	0.01679	0.00243009720388816	0.99655	2	2	0	0	2	2.0024268632615	0	0.99655	0.97082	1.02228	1	1	1	1	0	0	0.04	0	0.19782	0.04	0	0.19959	0	0	0	0	0	1	1
AC-P09-TR-NT-SM-63B52-SM-63B51	9	86584279	136265598	2922	49681319	0.00411	0.0179207168286731	1.00602	2	2	0	0	2	2.03087631550827	0	1.00602	1.00602	1.00602	1	1	1	1	0	0	0.02	0	0.0426	0.02	0	0.0426	0	0	0	0	0	1	1
AC-P09-TR-NT-SM-63B52-SM-63B51	9	136268887	136291391	15	22504	0.04584	1.00004000160006e-05	0.80229	1	1.04414	0	0	1.04414	1.41883757144966	0	0.80229	0.75595	0.84862	1	1	1	1	1	0	0.36	0.14707	0.56388	0.22	0.03137	0.42544	0	0	0	0	0	1	1
AC-P09-TR-NT-SM-63B52-SM-63B51	9	136298792	140328733	536	4029941	0.00922	0.00145005800232009	0.9661	2	2	0	0	2	1.91095000783233	0	0.9661	0.9661	0.9661	1	1	1	1	0	0	0.04	0.00257	0.07782	0.04	0.00257	0.07782	0	0	0	0	0	1	1
AC-P09-TR-NT-SM-63B52-SM-63B51	9	140329722	141016185	96	686463	0.02221	0.000250010000400016	0.98471	2	2	0	0	2	1.96685753753797	0	0.98471	0.96065	1.00877	1	1	1	1	0	0	0.05	0	0.20773	0.02	0	0.18111	0	0	0	0	0	1	1
AC-P09-TR-NT-SM-63B52-SM-63B51	10	94609	45799376	1529	45704767	0.00563	0.0164906596263851	0.99615	2	2	0	0	2	2.00122519685192	0	0.99615	0.99615	0.99615	1	1	1	1	0	0	0	0	0.03091	0	0	0.03091	0	0	0	0	0	1	1
AC-P09-TR-NT-SM-63B52-SM-63B51	10	45878029	46969350	9	1091321	0.07701	0.000390015600624025	1.04554	2	2.00278	0	0	2.00278	2.14960095677463	0	1.04554	0.49971	1.59138	0	2	0.00028	2	0	0	0.75	0.40283	0.97165	0.89	0.53594	1	1	0	0	0	0	0.00028	2
AC-P09-TR-NT-SM-63B52-SM-63B51	10	47903182	135440157	4242	87536975	0.0034	0.03158126325053	1.0012	2	2	0	0	2	2.01639623527285	0	1.0012	1.0012	1.0012	1	1	1	1	0	0	0.01	0	0.03629	0.01	0	0.03629	0	0	0	0	0	1	1
AC-P09-TR-NT-SM-63B52-SM-63B51	10	135484507	135490828	3	6321	0.09211	0	0.72058	1	1.03899	0	0	1.03899	1.173367165633	NA	NA	NA	NA	NA	NA	NA	NA	NA	NA	NA	NA	NA	NA	NA	NA	NA	NA	NA	NA	NA	NA	NA
AC-P09-TR-NT-SM-63B52-SM-63B51	11	194433	129246023	7468	129051590	0.00255	0.046561862474499	0.99556	2	2	0	0	2	1.99945273889779	0	0.99556	0.99556	0.99556	1	1	1	1	0	0	0	0	0.02853	0	0	0.02853	0	0	0	0	0	1	1
AC-P09-TR-NT-SM-63B52-SM-63B51	11	129312771	129727280	6	414509	0.11694	0.00015000600024001	1.29729	3	2.98858	0	0	2.98858	2.90589975330315	0	1.29729	1.29729	1.29729	1	1	1.27224	1.27224	0	0	0.45	0.04691	0.90716	0.45	0.04691	0.90716	0	0	0	0	0	1.27224	1.27224
AC-P09-TR-NT-SM-63B52-SM-63B51	11	129739772	134257497	198	4517725	0.01592	0.0016300652026081	1.0134	2	2	0	0	2	2.05304706076499	0	1.0134	1.0134	1.0134	1	1	1	1	0	0	0.03	0	0.07698	0.03	0	0.07698	0	0	0	0	0	1	1
AC-P09-TR-NT-SM-63B52-SM-63B51	12	266776	31242380	1889	30975604	0.00512	0.0111804472178887	1.00697	2	2	0	0	2	2.03373027323102	0	1.00697	1.00697	1.00697	1	1	1	1	0	0	0.02	0	0.04509	0.02	0	0.04509	0	0	0	0	0	1	1
AC-P09-TR-NT-SM-63B52-SM-63B51	12	31245802	31247722	3	1920	0.09021	0	0.70562	1	1.01822	0	0	1.01822	1.12842484191476	NA	NA	NA	NA	NA	NA	NA	NA	NA	NA	NA	NA	NA	NA	NA	NA	NA	NA	NA	NA	NA	NA	NA
AC-P09-TR-NT-SM-63B52-SM-63B51	12	31249624	122369721	5444	91120097	0.003	0.0328713148525941	1.00191	2	2	0	0	2	2.01852919314985	0	1.00191	1.00191	1.00191	1	1	1	1	0	0	0.01	0	0.03666	0.01	0	0.03666	0	0	0	0	0	1	1
AC-P09-TR-NT-SM-63B52-SM-63B51	12	122380840	122395076	4	14236	0.15079	1.00004000160006e-05	1.3661	3	3.12757	0	0	3.12757	3.1126164174109	0	1.3661	1.3661	1.3661	2	2	1.50611	1.50611	0	0	0.56	0.0383	0.96483	0.56	0.0383	0.96483	0	0	0	0	0	1.50611	1.50611
AC-P09-TR-NT-SM-63B52-SM-63B51	12	122396924	130831021	457	8434097	0.01037	0.00304012160486419	1.00254	2	2	0	0	2	2.02042181774493	0	1.00254	1.00244	1.00264	1	1	1	1	0	0	0.01	0	0.04434	0.01	0	0.04463	0	0	0	0	0	1	1
AC-P09-TR-NT-SM-63B52-SM-63B51	12	130833882	130842061	7	8179	0.10651	0	1.27622	3	2.9817	0	0	2.9817	2.84260197517859	0	1.27622	1.27622	1.27622	1	1	1.2177	1.2177	0	0	0.42	0.03405	0.90681	0.42	0.03405	0.90681	0	0	0	0	0	1.2177	1.2177
AC-P09-TR-NT-SM-63B52-SM-63B51	12	130846094	133779095	258	2933001	0.01376	0.00106004240169607	1.00007	2	2	0	0	2	2.01300152766579	0	1.00007	0.98292	1.01721	1	1	1	1	0	0	0.02	0	0.13459	0.03	0	0.14502	0	0	0	0	0	1	1
AC-P09-TR-NT-SM-63B52-SM-63B51	13	19751406	21721402	100	1969996	0.02257	0.000710028401136046	1.02125	2	2	0	0	2	2.07662976405297	0	1.02125	1.01227	1.03023	1	1	1	1	0	0	0.02	0	0.12142	0.05	0	0.14497	0	0	0	0	0	1	1
AC-P09-TR-NT-SM-63B52-SM-63B51	13	21732162	21742332	3	10170	0.18412	0	1.44486	3	3.40847	0	0	3.40847	3.34922453345692	0	1.44486	0.93878	1.95094	1	2	0.93938	2.14689	0	0	0.09	0.009	0.94494	0.43	0.01876	0.96597	0	0	0	0	0	0.93938	2.14689
AC-P09-TR-NT-SM-63B52-SM-63B51	13	21751209	115090536	2425	93339327	0.00437	0.0336713468538742	0.97254	2	2	0	0	2	1.93029683702654	0	0.97254	0.97254	0.97254	1	1	1	1	0	0	0.03	0	0.06243	0.03	0	0.06243	0	0	0	0	0	1	1
AC-P09-TR-NT-SM-63B52-SM-63B51	14	19558773	19563472	3	4699	0.08381	0	0.65523	1	1.00079	0	0	1.00079	0.977044915968099	NA	NA	NA	NA	NA	NA	NA	NA	NA	NA	NA	NA	NA	NA	NA	NA	NA	NA	NA	NA	NA	NA	NA
AC-P09-TR-NT-SM-63B52-SM-63B51	14	19571382	24435558	683	4864176	0.00833	0.00175007000280011	0.98472	2	2	0	0	2	1.96688757919821	0	0.98472	0.98472	0.98472	1	1	1	1	0	0	0.02	0	0.04807	0.02	0	0.04807	0	0	0	0	0	1	1
AC-P09-TR-NT-SM-63B52-SM-63B51	14	24459479	24470659	5	11180	0.12077	0	1.22284	3	2.87584	0	0	2.87584	2.68223959282033	0	1.22284	1.22284	1.22284	1	1	1	1	1	1	0.34	0.12442	0.549	0.34	0.12442	0.549	0	0	0	0	0	1	1
AC-P09-TR-NT-SM-63B52-SM-63B51	14	24511923	105644050	3694	81132127	0.00363	0.0292711708468339	0.99836	2	2	0	0	2	2.00786440376484	0	0.99836	0.99836	0.99836	1	1	1	1	0	0	0	0	0.0318	0	0	0.0318	0	0	0	0	0	1	1
AC-P09-TR-NT-SM-63B52-SM-63B51	14	105684008	106845751	118	1161743	0.0204	0.000420016800672027	1.00255	2	2	0	0	2	2.02045185940517	0	1.00255	0.99414	1.01097	1	1	1	1	0	0	0	0	0.08663	0.02	0	0.10242	0	0	0	0	0	1	1
AC-P09-TR-NT-SM-63B52-SM-63B51	14	106877771	106926621	3	48850	0.19736	2.00008000320013e-05	1.54908	4	3.71137	0	0	3.71137	3.66231871647262	0	1.54908	0.58899	2.50918	1	3	0.6137	2.65347	0	0	0.61	0.02184	0.97359	0.27	0.01405	0.96478	0	0	0	0	0	0.6137	2.65347
AC-P09-TR-NT-SM-63B52-SM-63B51	14	106963343	107283203	27	319860	0.03895	0.000120004800192008	0.91541	2	2	0	0	2	1.75866883207848	0	0.91541	0.91541	0.91541	1	1	1	1	0	0	0.12	0.02925	0.20439	0.12	0.02925	0.20439	0	0	0	0	0	1	1
AC-P09-TR-NT-SM-63B52-SM-63B51	15	20170331	25213131	76	5042800	0.02494	0.00182007280291212	0.98379	2	2	0	0	2	1.96409370479594	0	0.98379	0.91143	1.05614	1	1	1	1	0	0	0.13	0.00117	0.36843	0.09	0	0.33726	0	0	0	0	0	1	1
AC-P09-TR-NT-SM-63B52-SM-63B51	15	25220580	34673712	392	9453132	0.01087	0.00341013640545622	0.97363	2	2	0	0	2	1.93357137799264	0	0.97363	0.97363	0.97363	1	1	1	1	0	0	0.03	0	0.06718	0.03	0	0.06718	0	0	0	0	0	1	1
AC-P09-TR-NT-SM-63B52-SM-63B51	15	34674310	34822425	20	148115	0.03656	5.00020000800032e-05	0.7385	1	1	0	0	1	1.22720182078212	NA	NA	NA	NA	NA	NA	NA	NA	NA	NA	NA	NA	NA	NA	NA	NA	NA	NA	NA	NA	NA	NA	NA
AC-P09-TR-NT-SM-63B52-SM-63B51	15	34823689	102500730	4310	67677041	0.00335	0.0244209768390736	0.99637	2	2	0	0	2	2.00188611337719	0	0.99637	0.99637	0.99637	1	1	1	1	0	0	0	0	0.02919	0	0	0.02919	0	0	0	0	0	1	1
AC-P09-TR-NT-SM-63B52-SM-63B51	16	105503	16278853	1410	16173350	0.00587	0.00583023320932837	0.9966	2	2	0	0	2	2.00257707156269	0	0.9966	0.9966	0.9966	1	1	1	1	0	0	0	0	0.03322	0	0	0.03322	0	0	0	0	0	1	1
AC-P09-TR-NT-SM-63B52-SM-63B51	16	16284122	16346334	14	62212	0.06725	2.00008000320013e-05	1.13901	2	2.24745	0	0	2.24745	2.4304003550329	0	1.13901	1.13901	1.13901	1	1	1.00022	1.00022	0	0	0.22	0.00939	0.58825	0.22	0.00939	0.58825	0	0	0	0	0	1.00022	1.00022
AC-P09-TR-NT-SM-63B52-SM-63B51	16	16349939	16357001	3	7062	0.09775	0	0.76493	1	1.22998	0	0	1.22998	1.30660192879502	NA	NA	NA	NA	NA	NA	NA	NA	NA	NA	NA	NA	NA	NA	NA	NA	NA	NA	NA	NA	NA	NA	NA
AC-P09-TR-NT-SM-63B52-SM-63B51	16	16358967	69988356	3026	53629389	0.00405	0.0193507740309612	1.00756	2	2	0	0	2	2.03550273118515	0	1.00756	1.00756	1.00756	1	1	1	1	0	0	0.02	0	0.04494	0.02	0	0.04494	0	0	0	0	0	1	1
AC-P09-TR-NT-SM-63B52-SM-63B51	16	69993423	70218846	32	225423	0.03076	8.00032001280051e-05	0.78622	1	1	0	0	1	1.37056062344484	0	0.78622	0.78622	0.78622	1	1	0.99992	0.99992	0	0	0.31	0.05537	0.58941	0.31	0.05537	0.58941	0	0	0	0	0	0.99992	0.99992
AC-P09-TR-NT-SM-63B52-SM-63B51	16	70286716	72094399	280	1807683	0.01319	0.000650026001040042	0.99868	2	2	0	0	2	2.0088257368925	0	0.99868	0.99845	0.99891	1	1	1	1	0	0	0	0	0.06647	0	0	0.06694	0	0	0	0	0	1	1
AC-P09-TR-NT-SM-63B52-SM-63B51	16	72108233	72110590	3	2357	0.21801	0	1.71167	4	4.13563	0	0	4.13563	4.15076607030607	0	1.71167	0.79339	2.62994	1	3	0.96458	3.08925	0	0	0.3	0.01745	0.80135	0.45	0.05125	0.90007	0	0	0	0	0	0.96458	3.08925
AC-P09-TR-NT-SM-63B52-SM-63B51	16	72122961	84012102	391	11889141	0.01113	0.00429017160686427	0.99614	2	2	0	0	2	2.00119515519168	0	0.99614	0.99614	0.99614	1	1	1	1	0	0	0	0	0.03769	0	0	0.03769	0	0	0	0	0	1	1
AC-P09-TR-NT-SM-63B52-SM-63B51	16	84014683	84050818	10	36135	0.08456	1.00004000160006e-05	1.21073	3	2.94188	0	0	2.94188	2.64585914227034	0	1.21073	0.83284	1.58861	1	2	0.86857	1.88431	0	0	0.24	0.01127	0.91956	0.89	0.10604	0.98404	0	0	0	0	0	0.86857	1.88431
AC-P09-TR-NT-SM-63B52-SM-63B51	16	84067003	90141820	444	6074817	0.01036	0.00219008760350414	0.98786	2	2	0	0	2	1.9763206605134	0	0.98786	0.98786	0.98786	1	1	1	1	0	0	0.01	0	0.06181	0.01	0	0.06181	0	0	0	0	0	1	1
AC-P09-TR-NT-SM-63B52-SM-63B51	17	96988	4210366	516	4113378	0.00981	0.00148005920236809	1.00821	2	2	0	0	2	2.03745543910071	0	1.00821	1.00821	1.00821	1	1	1	1	0	0	0.02	0	0.05263	0.02	0	0.05263	0	0	0	0	0	1	1
AC-P09-TR-NT-SM-63B52-SM-63B51	17	4348394	4585832	69	237438	0.02584	9.00036001440058e-05	0.97106	2	2	0	0	2	1.9258506713111	0	0.97106	0.69494	1.24718	1	1	0.89987	1.00633	1	0	0.45	0.13746	0.76133	0.38	0.078	0.68828	0	0	0	0	0	0.89987	1.00633
AC-P09-TR-NT-SM-63B52-SM-63B51	17	4594704	8193216	1029	3598512	0.007	0.00130005200208008	1.01548	2	2	0	0	2	2.0592957260948	0	1.01548	1.01548	1.01548	1	1	1	1	0	0	0.03	0	0.05884	0.03	0	0.05884	0	0	0	0	0	1	1
AC-P09-TR-NT-SM-63B52-SM-63B51	17	8194726	9739739	129	1545013	0.02043	0.000560022400896036	1.05004	2	2	0	0	2	2.16311970388239	0	1.05004	1.05004	1.05004	1	1	1	1	0	0	0.08	0	0.34369	0.08	0	0.34369	0	0	0	0	0	1	1
AC-P09-TR-NT-SM-63B52-SM-63B51	17	9757864	72278047	5475	62520183	0.00298	0.0225609024360974	0.99799	2	2	0	0	2	2.00675286233598	0	0.99799	0.99799	0.99799	1	1	1	1	0	0	0	0	0.03094	0	0	0.03094	0	0	0	0	0	1	1
AC-P09-TR-NT-SM-63B52-SM-63B51	17	72283176	72287215	3	4039	0.17514	0	1.37415	3	3.19605	0	0	3.19605	3.13679995390367	NA	NA	NA	NA	NA	NA	NA	NA	NA	NA	NA	NA	NA	NA	NA	NA	NA	NA	NA	NA	NA	NA	NA
AC-P09-TR-NT-SM-63B52-SM-63B51	17	72306228	81052160	1204	8745932	0.00632	0.0031601264050562	0.99255	2	2	0	0	2	1.99041019916571	0	0.99255	0.98988	0.99522	1	1	1	1	0	0	0.01	0	0.05304	0	0	0.04699	0	0	0	0	0	1	1
AC-P09-TR-NT-SM-63B52-SM-63B51	18	166802	77960703	2064	77793901	0.00493	0.0280711228449138	1.01336	2	2	0	0	2	2.05292689412404	0	1.01336	1.01336	1.01336	1	1	1	1	0	0	0.03	0	0.05382	0.03	0	0.05382	0	0	0	0	0	1	1
AC-P09-TR-NT-SM-63B52-SM-63B51	19	111137	3061206	404	2950069	0.01455	0.00106004240169607	1.32427	3	3	0	0	3	2.98695215262922	0	1.32427	0.98977	1.65878	1	2	1	2	0	0	0.01	0	0.09968	1	0.89349	1	0	0	0	0	0	1	2
AC-P09-TR-NT-SM-63B52-SM-63B51	19	3113404	6678424	464	3565020	0.01027	0.00129005160206408	1.00119	2	2	0	0	2	2.01636619361261	0	1.00119	0.98416	1.01823	1	1	1	1	0	0	0.02	0	0.12503	0.03	0	0.1381	0	0	0	0	0	1	1
AC-P09-TR-NT-SM-63B52-SM-63B51	19	6679462	42840290	3979	36160828	0.00349	0.0130505220208808	0.99526	2	2	0	0	2	1.9985514890906	0	0.99526	0.99526	0.99526	1	1	1	1	0	0	0	0	0.02944	0	0	0.02944	0	0	0	0	0	1	1
AC-P09-TR-NT-SM-63B52-SM-63B51	19	42841296	43585215	78	743919	0.02574	0.000270010800432017	1.02881	2	2	0	0	2	2.09934125919401	0	1.02881	0.76636	1.29126	1	1	0.81017	1.32591	0	0	0.34	0.01754	0.92649	0.44	0.02709	0.94695	0	0	0	0	0	0.81017	1.32591
AC-P09-TR-NT-SM-63B52-SM-63B51	19	43674268	52133569	1330	8459301	0.00622	0.0030501220048802	1.02678	2	2	0	0	2	2.0932428021654	0	1.02678	1.02678	1.02678	1	1	1	1	0	0	0.05	0.00361	0.07979	0.05	0.00361	0.07979	0	0	0	0	0	1	1
AC-P09-TR-NT-SM-63B52-SM-63B51	19	52146857	52148756	3	1899	0.0806	0	0.62996	1	1.00009	0	0	1.00009	0.901129640542972	NA	NA	NA	NA	NA	NA	NA	NA	NA	NA	NA	NA	NA	NA	NA	NA	NA	NA	NA	NA	NA	NA	NA
AC-P09-TR-NT-SM-63B52-SM-63B51	19	52149701	59082558	868	6932857	0.00737	0.00250010000400016	0.98257	2	2	0	0	2	1.96042862224672	0	0.98257	0.98243	0.98271	1	1	1	1	0	0	0.02	0	0.04896	0.02	0	0.04869	0	0	0	0	0	1	1
AC-P09-TR-NT-SM-63B52-SM-63B51	20	76851	1438881	89	1362030	0.01564	0.000490019600784031	0.66585	1	1	0	0	1	1.00894915914241	0	0.66585	0.30288	1.02882	0	1	0	1	0	0	1	0.88915	1	0.05	0	0.16643	1	0	0	0	0	0	1
AC-P09-TR-NT-SM-63B52-SM-63B51	20	1456896	2097667	22	640771	0.03678	0.000230009200368015	0.77956	1	1.00003	0	0	1.00003	1.35055287772536	0	0.77956	0.21825	1.34087	0	2	0	1.60059	0	1	1	0.7396	1	0.52	0.20365	0.82153	1	0	0	0	0	0	1.60059
AC-P09-TR-NT-SM-63B52-SM-63B51	20	2290943	58475265	2948	56184322	0.00406	0.0202708108324333	0.99753	2	2	0	0	2	2.00537094596496	0	0.99753	0.99753	0.99753	1	1	1	1	0	0	0	0	0.03065	0	0	0.03065	0	0	0	0	0	1	1
AC-P09-TR-NT-SM-63B52-SM-63B51	20	58489234	58645807	21	156573	0.05572	6.00024000960038e-05	1.15598	2	2.47799	0	0	2.47799	2.48138105245928	0	1.15598	0.73679	1.57516	1	2	0.73577	1.8814	0	0	0.39	0.02028	0.94401	0.87	0.10766	0.98362	0	0	0	0	0	0.73577	1.8814
AC-P09-TR-NT-SM-63B52-SM-63B51	20	60419801	62904763	400	2484962	0.01109	0.000900036001440058	1.00378	2	2	0	0	2	2.02414698361463	0	1.00378	1.00378	1.00378	1	1	1	1	0	0	0.01	0	0.04926	0.01	0	0.04926	0	0	0	0	0	1	1
AC-P09-TR-NT-SM-63B52-SM-63B51	21	10862908	15535791	33	4672883	0.03401	0.00169006760270411	0.88344	2	2	0	0	2	1.66262564429291	0	0.88344	0.88344	0.88344	1	1	0.99982	0.99982	0	0	0.17	0.00426	0.57304	0.17	0.00426	0.57304	0	0	0	0	0	0.99982	0.99982
AC-P09-TR-NT-SM-63B52-SM-63B51	21	15538727	43816150	893	28277423	0.00734	0.0102004080163207	0.99171	2	2	0	0	2	1.98788669970559	0	0.99171	0.99171	0.99171	1	1	1	1	0	0	0.01	0	0.0378	0.01	0	0.0378	0	0	0	0	0	1	1
AC-P09-TR-NT-SM-63B52-SM-63B51	21	43829623	43867235	10	37612	0.1028	1.00004000160006e-05	1.47294	3	3.37652	0	0	3.37652	3.43358151540934	0	1.47294	1.47294	1.47294	2	2	1.7602	1.7602	0	0	0.72	0.07498	0.97683	0.72	0.07498	0.97683	0	0	0	0	0	1.7602	1.7602
AC-P09-TR-NT-SM-63B52-SM-63B51	21	43896082	48084222	432	4188140	0.01045	0.0015100604024161	0.98245	2	2	0	0	2	1.96006812232385	0	0.98245	0.98245	0.98245	1	1	1	1	0	0	0.02	0	0.05984	0.02	0	0.05984	0	0	0	0	0	1	1
AC-P09-TR-NT-SM-63B52-SM-63B51	22	16282534	43870728	2064	27588194	0.0049	0.00995039801592064	1.00805	2	2	0	0	2	2.03697477253688	0	1.00805	1.00805	1.00805	1	1	1	1	0	0	0.02	0	0.04673	0.02	0	0.04673	0	0	0	0	0	1	1
AC-P09-TR-NT-SM-63B52-SM-63B51	22	43924793	43930659	3	5866	0.16893	0	1.32528	3	3.06526	0	0	3.06526	2.98998636031341	NA	NA	NA	NA	NA	NA	NA	NA	NA	NA	NA	NA	NA	NA	NA	NA	NA	NA	NA	NA	NA	NA	NA
AC-P09-TR-NT-SM-63B52-SM-63B51	22	43936121	51237387	551	7301266	0.00947	0.00263010520420817	1.00622	2	2	0	0	2	2.03147714871306	0	1.00622	1.00622	1.00622	1	1	1	1	0	0	0.02	0	0.05254	0.02	0	0.05254	0	0	0	0	0	1	1
