sample	Chromosome	Start.bp	End.bp	n_probes	length	seg_sigma	W	total_copy_ratio	modal_total_cn	expected_total_cn	total_HZ	total_amp	corrected_total_cn	rescaled_total_cn	bi.allelic	copy.ratio	hscr.a1	hscr.a2	modal.a1	modal.a2	expected.a1	expected.a2	subclonal.a1	subclonal.a2	cancer.cell.frac.a1	ccf.ci95.low.a1	ccf.ci95.high.a1	cancer.cell.frac.a2	ccf.ci95.low.a2	ccf.ci95.high.a2	LOH	HZ	SC_HZ	amp.a1	amp.a2	rescaled.cn.a1	rescaled.cn.a2
AC-P02-TP-NT-SM-63B4K-SM-63B4L	1	69549	31906978	2768	31837429	0.00372	0.01176	0.81841	1	1	0	0	1	1.01879316108652	0	0.81841	0.59533	1.04149	0	1	0	1	0	0	1	0.93329	1	0.03	0	0.08814	1	0	0	0	0	0	1
AC-P02-TP-NT-SM-63B4K-SM-63B4L	1	32044836	55266552	2235	23221716	0.00522	0.00858	1.03461	2	2	0	0	2	2.02727757767415	0	1.03461	1.03461	1.03461	1	1	1	1	0	0	0.01	0	0.06159	0.01	0	0.06159	0	0	0	0	0	1	1
AC-P02-TP-NT-SM-63B4K-SM-63B4L	1	55273280	55280649	6	7369	0.14442	0	1.48387	4	4.10272	0	0	4.10272	4.12289140281827	NA	NA	NA	NA	NA	NA	NA	NA	NA	NA	NA	NA	NA	NA	NA	NA	NA	NA	NA	NA	NA	NA	NA
AC-P02-TP-NT-SM-63B4K-SM-63B4L	1	55307318	67207036	460	11899718	0.01173	0.0044	1.0539	2	2	0	0	2	2.11725752400151	0	1.0539	1.05364	1.05417	1	1	1	1	0	0	0.06	0	0.12183	0.06	0	0.12323	0	0	0	0	0	1	1
AC-P02-TP-NT-SM-63B4K-SM-63B4L	1	67242023	79474648	430	12232625	0.01417	0.00452	1.23162	3	3	0	0	3	2.94624850696152	0	1.23162	1.06272	1.40053	1	2	1	2	0	0	0.08	0	0.23944	0.87	0.70081	0.98303	0	0	0	0	0	1	2
AC-P02-TP-NT-SM-63B4K-SM-63B4L	1	82372808	82456451	20	83643	0.04308	3e-05	0.80616	1	1.00001	0	0	1.00001	0.961651930266912	0	0.80616	0.49104	1.12128	0	1	0.01689	1.12528	0	0	1	0.23855	1	0.22	0.01004	0.91565	1	0	0	0	0	0.01689	1.12528
AC-P02-TP-NT-SM-63B4K-SM-63B4L	1	84348732	94362274	545	10013542	0.01069	0.0037	1.04573	2	2	0	0	2	2.07914782148754	0	1.04573	1.04571	1.04574	1	1	1	1	0	0	0.04	0	0.09329	0.04	0	0.09338	0	0	0	0	0	1	1
AC-P02-TP-NT-SM-63B4K-SM-63B4L	1	94461707	103548444	365	9086737	0.01023	0.00336	0.81778	1	1	0	0	1	1.01585446921579	0	0.81778	0.57277	1.06278	0	1	0	1	0	0	1	0.87467	1	0.08	0	0.21852	1	0	0	0	0	0	1
AC-P02-TP-NT-SM-63B4K-SM-63B4L	1	104114804	108313303	71	4198499	0.02635	0.00155	0.92971	2	1.94746	0	0	1.94746	1.5379620582475	0	0.92971	0.48716	1.37226	0	2	0.00187	1.91223	0	0	1	0.38918	1	0.8	0.13536	0.98195	1	0	0	0	0	0.00187	1.91223
AC-P02-TP-NT-SM-63B4K-SM-63B4L	1	108417580	110235872	245	1818292	0.01223	0.00067	0.80139	1	1	0	0	1	0.939401834674299	0	0.80139	0.53809	1.0647	0	1	0	1	1	0	NA	NA	NA	0.08	0	0.19993	1	0	0	0	0	0	1
AC-P02-TP-NT-SM-63B4K-SM-63B4L	1	110255277	116534757	257	6279480	0.0118	0.00232	0.79188	1	1	0	0	1	0.895041581197202	0	0.79188	0.63672	0.94704	0	1	0	1	0	1	0.91	0.795	0.98976	0.19	0.07305	0.29833	1	0	0	0	0	0	1
AC-P02-TP-NT-SM-63B4K-SM-63B4L	1	116569578	143767600	251	27198022	0.01522	0.01005	1.00992	2	2	0	0	2	1.91210884388345	0	1.00992	1.00992	1.00992	1	1	1	1	0	0	0.04	0	0.11603	0.04	0	0.11603	0	0	0	0	0	1	1
AC-P02-TP-NT-SM-63B4K-SM-63B4L	1	144852398	145273314	55	420916	0.03193	0.00016	0.99206	2	2	0	0	2	1.82879926164361	0	0.99206	0.46488	1.51923	0	2	0	2	1	0	NA	NA	NA	0.14	0.00545	0.33994	1	0	0	0	0	0	2
AC-P02-TP-NT-SM-63B4K-SM-63B4L	1	145281536	155041530	1193	9759994	0.00705	0.0036	1.02045	2	2	0	0	2	1.96122697943696	0	1.02045	1.02045	1.02045	1	1	1	1	0	0	0.02	0	0.0671	0.02	0	0.0671	0	0	0	0	0	1	1
AC-P02-TP-NT-SM-63B4K-SM-63B4L	1	155058642	161736191	1137	6677549	0.0109	0.00247	1.54239	4	4	0	0	4	4.3958632254765	0	1.54239	1.02065	2.06413	1	3	1	3	0	1	0.02	0	0.1321	0.41	0.30104	0.5186	0	0	0	0	0	1	3
AC-P02-TP-NT-SM-63B4K-SM-63B4L	1	161753832	177936966	692	16183134	0.01524	0.00598	1.68239	5	5	0	0	5	5.04890586341484	0	1.68239	1.03444	2.33034	1	4	1	4	0	0	0.01	0	0.14327	0.04	0	0.16068	0	0	0	0	0	1	4
AC-P02-TP-NT-SM-63B4K-SM-63B4L	1	178269189	196799720	760	18530531	0.00905	0.00684	1.04547	2	2	0	0	2	2.07793502801708	0	1.04547	1.04537	1.04557	1	1	1	1	0	0	0.04	0	0.10046	0.04	0	0.10102	0	0	0	0	0	1	1
AC-P02-TP-NT-SM-63B4K-SM-63B4L	1	196857309	196887437	6	30128	0.05753	1e-05	0.58862	0	0.03746	1	0	0.03746	-0.0530830372838446	NA	NA	NA	NA	NA	NA	NA	NA	NA	NA	NA	NA	NA	NA	NA	NA	NA	NA	NA	NA	NA	NA	NA
AC-P02-TP-NT-SM-63B4K-SM-63B4L	1	196918681	227288816	1903	30370135	0.00563	0.01122	1.02899	2	2	0	0	2	2.0010625803512	0	1.02899	1.02892	1.02906	1	1	1	1	0	0	0	0	0.05	0	0	0.05035	0	0	0	0	0	1	1
AC-P02-TP-NT-SM-63B4K-SM-63B4L	1	227300492	232564233	321	5263741	0.01648	0.00194	1.2376	3	3	0	0	3	2.97414275678203	0	1.2376	1.06094	1.41427	1	2	1	2	0	0	0.08	0	0.20701	0.9	0.75926	0.98832	0	0	0	0	0	1	2
AC-P02-TP-NT-SM-63B4K-SM-63B4L	1	232575047	235955211	172	3380164	0.02201	0.00125	1.20998	3	3	0	0	3	2.84530677349734	0	1.20998	1.20998	1.20998	1	1	1	1	1	1	0.42	0.31849	0.51702	0.42	0.31849	0.51702	0	0	0	0	0	1	1
AC-P02-TP-NT-SM-63B4K-SM-63B4L	1	235964283	240256002	193	4291719	0.02071	0.00159	1.20632	3	3	0	0	3	2.82823437310552	0	1.20632	1.01307	1.39957	1	2	1	2	0	0	0.04	0	0.23342	0.86	0.67103	0.98544	0	0	0	0	0	1	2
AC-P02-TP-NT-SM-63B4K-SM-63B4L	1	240341294	247492685	260	7151391	0.01725	0.00264	1.16595	3	3	0	0	3	2.63992486386573	0	1.16595	1.15576	1.17614	1	1	1	1	1	1	0.3	0.12504	0.45756	0.34	0.17241	0.50516	0	0	0	0	0	1	1
AC-P02-TP-NT-SM-63B4K-SM-63B4L	1	247586591	248343809	30	757218	0.04146	0.00028	0.95097	2	1.98464	0	0	1.98464	1.6371312474087	0	0.95097	0.54958	1.35236	0	2	0	2	0	1	1	0.92001	1	0.75	0.6298	0.86964	1	0	0	0	0	0	2
AC-P02-TP-NT-SM-63B4K-SM-63B4L	1	248402698	249211681	37	808983	0.04364	3e-04	1.11244	2	2.10357	0	0	2.10357	2.39032263846516	0	1.11244	1.11244	1.11244	1	1	1	1	0	0	0.2	0.01848	0.40381	0.2	0.01848	0.40381	0	0	0	0	0	1	1
AC-P02-TP-NT-SM-63B4K-SM-63B4L	2	45912	42488347	1835	42442435	0.0056	0.01568	1.00503	2	2	0	0	2	1.88929899745832	0	1.00503	0.58397	1.42609	0	2	0	2	0	0	1	0.93837	1	0.93	0.85082	0.9855	1	0	0	0	0	0	2
AC-P02-TP-NT-SM-63B4K-SM-63B4L	2	42510037	42528456	7	18419	0.35378	1e-05	3.93327	7	6.93759	0	1	15.5483388125766	15.5483388125766	NA	NA	NA	NA	NA	NA	NA	NA	NA	NA	NA	NA	NA	NA	NA	NA	NA	NA	NA	NA	NA	NA	NA
AC-P02-TP-NT-SM-63B4K-SM-63B4L	2	42530520	42883390	13	352870	0.12555	0.00013	1.89999	6	5.91973	0	0	5.91973	6.06392070638185	NA	NA	NA	NA	NA	NA	NA	NA	NA	NA	NA	NA	NA	NA	NA	NA	NA	NA	NA	NA	NA	NA	NA
AC-P02-TP-NT-SM-63B4K-SM-63B4L	2	42935118	58449126	542	15514008	0.01291	0.00573	1.26038	3	3	0	0	3	3.08040212315514	0	1.26038	0.99805	1.5227	1	2	1	2	0	0	0.07	0	0.21169	0.15	0.02062	0.28792	0	0	0	0	0	1	2
AC-P02-TP-NT-SM-63B4K-SM-63B4L	2	60688548	62728482	154	2039934	0.03006	0.00075	1.5649	4	4.47671	0	0	4.47671	4.50086315247644	0	1.5649	1.5649	1.5649	2	2	2	2	1	1	0.25	0.07484	0.41868	0.25	0.07484	0.41868	0	0	0	0	0	2	2
AC-P02-TP-NT-SM-63B4K-SM-63B4L	2	62729877	64863532	79	2133655	0.03392	0.00079	1.26392	3	3	0	0	3	3.09691477271444	0	1.26392	1.03691	1.49094	1	2	1.0016	2.00374	0	0	0.02	0.00036	0.69814	0.08	0.00214	0.73663	0	0	0	0	0	1.0016	2.00374
AC-P02-TP-NT-SM-63B4K-SM-63B4L	2	65237813	97271152	1222	32033339	0.00693	0.01183	1.01544	2	2	0	0	2	1.93785738217931	0	1.01544	1.01544	1.01544	1	1	1	1	0	0	0.03	0	0.0804	0.03	0	0.0804	0	0	0	0	0	1	1
AC-P02-TP-NT-SM-63B4K-SM-63B4L	2	97275267	97361559	8	86292	0.11236	3e-05	1.33265	3	3.44089	0	0	3.44089	3.41751206203945	NA	NA	NA	NA	NA	NA	NA	NA	NA	NA	NA	NA	NA	NA	NA	NA	NA	NA	NA	NA	NA	NA	NA
AC-P02-TP-NT-SM-63B4K-SM-63B4L	2	97363447	98351815	81	988368	0.02623	0.00037	0.98883	2	2	0	0	2	1.81373263506831	0	0.98883	0.98883	0.98883	1	1	1	1	0	0	0.09	0	0.45173	0.09	0	0.45173	0	0	0	0	0	1	1
AC-P02-TP-NT-SM-63B4K-SM-63B4L	2	98354289	98409936	13	55647	0.07333	2e-05	1.10805	2	2.32379	0	0	2.32379	2.36984508717552	0	1.10805	0	2.2161	0	3	0.18835	2.92608	0	0	1	0.0592	0.9871	0.77	0.02071	0.97589	1	0	0	0	0	0.18835	2.92608
AC-P02-TP-NT-SM-63B4K-SM-63B4L	2	98413903	98744786	19	330883	0.05277	0.00012	0.96343	2	1.97824	0	0	1.97824	1.69525204218521	0	0.96343	0.96343	0.96343	1	1	0.97685	0.97685	0	0	0.15	0.00516	0.78876	0.15	0.00516	0.78876	0	0	0	0	0	0.97685	0.97685
AC-P02-TP-NT-SM-63B4K-SM-63B4L	2	98779376	100289025	149	1509649	0.0248	0.00056	1.26911	3	3	0	0	3	3.12112399622086	0	1.26911	0.99503	1.54318	1	2	1	2	0	0	0.08	0	0.32729	0.2	0.01501	0.43646	0	0	0	0	0	1	2
AC-P02-TP-NT-SM-63B4K-SM-63B4L	2	100623286	106694301	196	6071015	0.02661	0.00224	1.56274	4	4.34167	0	0	4.34167	4.49078763749111	0	1.56274	1.05298	2.07251	1	3	1	3.00028	0	1	0.06	0	0.25123	0.43	0.24161	0.61712	0	0	0	0	0	1	3.00028
AC-P02-TP-NT-SM-63B4K-SM-63B4L	2	106717543	109109137	53	2391594	0.05908	0.00088	1.80508	6	5.77068	0	0	5.77068	5.62120444376237	0	1.80508	1.05742	2.55274	1	5	1	4.65831	0	1	0.07	0	0.4085	0.55	0.23044	0.86157	0	0	0	0	0	1	4.65831
AC-P02-TP-NT-SM-63B4K-SM-63B4L	2	109113495	109289410	7	175915	0.098	6e-05	1.08654	2	2.31434	0	0	2.31434	2.26950975044656	NA	NA	NA	NA	NA	NA	NA	NA	NA	NA	NA	NA	NA	NA	NA	NA	NA	NA	NA	NA	NA	NA	NA
AC-P02-TP-NT-SM-63B4K-SM-63B4L	2	109294458	109964267	53	669809	0.05672	0.00025	1.73287	5	5.03463	0	0	5.03463	5.28437438029432	0	1.73287	0.84845	2.61729	1	4	0.63696	4.30184	0	0	0.42	0.01914	0.9623	0.7	0.03665	0.97596	0	0	0	0	0	0.63696	4.30184
AC-P02-TP-NT-SM-63B4K-SM-63B4L	2	110303720	112608419	128	2304699	0.01688	0.00085	0.79899	1	1	0	0	1	0.928206818023927	0	0.79899	0.51456	1.08343	0	1	3e-05	1.00278	0	0	1	0.5427	1	0.13	0.00264	0.66303	1	0	0	0	0	3e-05	1.00278
AC-P02-TP-NT-SM-63B4K-SM-63B4L	2	112614417	112620070	3	5653	0.17078	0	1.24012	3	3.11357	0	0	3.11357	2.98589752426492	NA	NA	NA	NA	NA	NA	NA	NA	NA	NA	NA	NA	NA	NA	NA	NA	NA	NA	NA	NA	NA	NA	NA
AC-P02-TP-NT-SM-63B4K-SM-63B4L	2	112622455	114251538	145	1629083	0.0158	6e-04	0.7959	1	1	0	0	1	0.913793234086574	0	0.7959	0.5756	1.0162	0	1	0	1	0	0	1	0.81105	1	0.03	0	0.23704	1	0	0	0	0	0	1
AC-P02-TP-NT-SM-63B4K-SM-63B4L	2	114253266	138414682	684	24161416	0.00902	0.00892	0.98817	2	2	0	0	2	1.81065400548946	0	0.98817	0.5784	1.39793	0	2	0	2	0	0	1	0.91918	1	0.86	0.76168	0.94913	1	0	0	0	0	0	2
AC-P02-TP-NT-SM-63B4K-SM-63B4L	2	138738880	149447862	164	10708982	0.02157	0.00396	1.15762	3	2.99981	0	0	2.99981	2.6010688269084	0	1.15762	0.55165	1.76358	0	3	0	2.99989	0	0	1	0.73312	1	0.71	0.41592	0.95421	1	0	0	0	0	0	2.99989
AC-P02-TP-NT-SM-63B4K-SM-63B4L	2	149528433	149542403	4	13970	0.24526	1e-05	2.05923	6	5.99681	0	0	5.99681	6.806710061134	NA	NA	NA	NA	NA	NA	NA	NA	NA	NA	NA	NA	NA	NA	NA	NA	NA	NA	NA	NA	NA	NA	NA
AC-P02-TP-NT-SM-63B4K-SM-63B4L	2	149818558	223066141	3775	73247583	0.00401	0.02705	1.03121	2	2	0	0	2	2.01141797075279	0	1.03121	0.60249	1.45994	0	2	0	2	0	0	0.99	0.91405	1	0.01	0	0.07583	1	0	0	0	0	0	2
AC-P02-TP-NT-SM-63B4K-SM-63B4L	2	223084965	225750840	103	2665875	0.02939	0.00098	1.2504	3	3	0	0	3	3.03384951225068	0	1.2504	1.2504	1.2504	2	2	1.55459	1.55459	0	0	0.52	0.13905	0.87758	0.52	0.13905	0.87758	0	0	0	0	0	1.55459	1.55459
AC-P02-TP-NT-SM-63B4K-SM-63B4L	2	226378237	242814645	925	16436408	0.00669	0.00607	0.85167	1	1	0	0	1	1.17393743349958	0	0.85167	0.62237	1.08096	0	1	0	1	0	0	0.95	0.87391	1	0.12	0.04911	0.18495	1	0	0	0	0	0	1
AC-P02-TP-NT-SM-63B4K-SM-63B4L	3	369943	4716828	106	4346885	0.02757	0.00161	1.18981	3	3	0	0	3	2.75122198773151	0	1.18981	0.96037	1.41926	1	2	0.99578	1.99794	0	0	0.16	0.00426	0.68126	0.91	0.36322	0.98911	0	0	0	0	0	0.99578	1.99794
AC-P02-TP-NT-SM-63B4K-SM-63B4L	3	4722305	15466528	644	10744223	0.01143	0.00397	1.216	3	3	0	0	3	2.87338760692869	0	1.216	1.08501	1.34699	1	2	1	2	0	0	0.13	0.00454	0.30483	0.74	0.56118	0.91061	0	0	0	0	0	1	2
AC-P02-TP-NT-SM-63B4K-SM-63B4L	3	15467905	15755090	40	287185	0.04284	0.00011	1.13561	3	2.57908	0	0	2.57908	2.49840119504395	0	1.13561	0.70609	1.56513	0	2	0.05025	2.02461	0	0	0.75	0.18451	0.9793	0.25	0.01099	0.80786	1	0	0	0	0	0.05025	2.02461
AC-P02-TP-NT-SM-63B4K-SM-63B4L	3	15762527	25502757	119	9740230	0.02642	0.0036	1.20835	3	3	0	0	3	2.83770349135563	0	1.20835	1.1844	1.2323	1	1	1.00001	1.09129	1	1	0.36	0.14243	0.57442	0.47	0.25334	0.68611	0	0	0	0	0	1.00001	1.09129
AC-P02-TP-NT-SM-63B4K-SM-63B4L	3	25611328	45077215	929	19465887	0.0078	0.00719	0.99553	2	2	0	0	2	1.84498538988393	0	0.99553	0.99553	0.99553	1	1	1	1	0	0	0.08	0.01718	0.12855	0.08	0.01718	0.12855	0	0	0	0	0	1	1
AC-P02-TP-NT-SM-63B4K-SM-63B4L	3	45132847	45136949	3	4102	0.19116	0	1.38863	4	3.71914	0	0	3.71914	3.67863582540937	0	1.38863	1.38863	1.38863	2	2	1.78708	1.78708	0	0	0.84	0.05661	0.9807	0.84	0.05661	0.9807	0	0	0	0	0	1.78708	1.78708
AC-P02-TP-NT-SM-63B4K-SM-63B4L	3	45153755	47703952	295	2550197	0.01407	0.00094	1.01267	2	2	0	0	2	1.92493646712867	0	1.01267	1.00739	1.01795	1	1	1	1	0	0	0.05	0	0.14894	0.03	0	0.12807	0	0	0	0	0	1	1
AC-P02-TP-NT-SM-63B4K-SM-63B4L	3	47718195	47734760	5	16565	0.18255	1e-05	1.71288	5	5.01666	0	0	5.01666	5.19112922077727	NA	NA	NA	NA	NA	NA	NA	NA	NA	NA	NA	NA	NA	NA	NA	NA	NA	NA	NA	NA	NA	NA	NA
AC-P02-TP-NT-SM-63B4K-SM-63B4L	3	47752235	56183082	1470	8430847	0.00635	0.00311	1.01992	2	2	0	0	2	1.95875474659333	0	1.01992	1.01992	1.01992	1	1	1	1	0	0	0.02	0	0.07112	0.02	0	0.07112	0	0	0	0	0	1	1
AC-P02-TP-NT-SM-63B4K-SM-63B4L	3	56330254	64672443	348	8342189	0.01042	0.00308	0.81371	1	1	0	0	1	0.996869586812873	0	0.81371	0.62617	1.00125	0	1	0	1	0	0	0.94	0.78592	1	0.06	0	0.20679	1	0	0	0	0	0	1
AC-P02-TP-NT-SM-63B4K-SM-63B4L	3	65344782	112256659	820	46911877	0.00943	0.01733	1.13201	2	2.01604	0	0	2.01604	2.48160867006839	0	1.13201	1.10313	1.16089	1	1	1	1	0	1	0.17	0.01309	0.37037	0.31	0.10463	0.50352	0	0	0	0	0	1	1
AC-P02-TP-NT-SM-63B4K-SM-63B4L	3	112267433	113563422	121	1295989	0.02103	0.00048	0.96905	2	2	0	0	2	1.72146703950817	0	0.96905	0.58397	1.35413	0	2	0	2	0	0	1	0.79605	1	0.76	0.55661	0.93988	1	0	0	0	0	0	2
AC-P02-TP-NT-SM-63B4K-SM-63B4L	3	113594382	113619935	4	25553	0.03661	1e-05	0.30381	0	0	1	0	0	-1.38160499236397	NA	NA	NA	NA	NA	NA	NA	NA	NA	NA	NA	NA	NA	NA	NA	NA	NA	NA	NA	NA	NA	NA	NA
AC-P02-TP-NT-SM-63B4K-SM-63B4L	3	113627885	115805286	55	2177401	0.03096	8e-04	0.96161	2	1.99985	0	0	1.99985	1.68676248789202	0	0.96161	0.67912	1.2441	0	1	7e-05	1.46208	0	1	0.82	0.44512	0.98406	0.5	0.15089	0.8431	1	0	0	0	0	7e-05	1.46208
AC-P02-TP-NT-SM-63B4K-SM-63B4L	3	118621587	125313562	543	6691975	0.01209	0.00247	1.18053	3	3	0	0	3	2.70793459001674	0	1.18053	1.01191	1.34915	1	2	1	2	0	1	0.04	0	0.15931	0.75	0.62362	0.86055	0	0	0	0	0	1	2
AC-P02-TP-NT-SM-63B4K-SM-63B4L	3	125648302	142522919	1025	16874617	0.00797	0.00623	1.06983	2	2	0	0	2	2.19156444701835	0	1.06983	1.06983	1.06983	1	1	1	1	0	0	0.1	0.02959	0.15282	0.1	0.02959	0.15282	0	0	0	0	0	1	1
AC-P02-TP-NT-SM-63B4K-SM-63B4L	3	142524963	146311816	67	3786853	0.0295	0.0014	1.0117	2	2	0	0	2	1.92041181456581	0	1.0117	0.69134	1.33206	0	2	0.00097	1.99269	0	0	0.79	0.37533	0.98144	0.71	0.30286	0.96872	1	0	0	0	0	0.00097	1.99269
AC-P02-TP-NT-SM-63B4K-SM-63B4L	3	148545645	153220231	207	4674586	0.02131	0.00173	1.28527	3	3	0	0	3	3.19650377500003	0	1.28527	0.6001	1.97043	0	3	0	3	0	0	1	0.79875	1	0.2	0.03244	0.36463	1	0	0	0	0	0	3
AC-P02-TP-NT-SM-63B4K-SM-63B4L	3	153943721	155632283	80	1688562	0.03163	0.00062	1.18597	3	2.99996	0	0	2.99996	2.73330996109091	0	1.18597	0.66378	1.70816	0	3	0.00181	2.72109	0	0	0.85	0.36199	0.98675	0.58	0.14048	0.94268	1	0	0	0	0	0.00181	2.72109
AC-P02-TP-NT-SM-63B4K-SM-63B4L	3	155643092	160249297	158	4606205	0.02559	0.0017	1.34887	3	3.42012	0	0	3.42012	3.49317171623488	0	1.34887	0.61162	2.08612	0	3	0	3.05638	0	1	0.97	0.67077	1	0.47	0.19382	0.72879	1	0	0	0	0	0	3.05638
AC-P02-TP-NT-SM-63B4K-SM-63B4L	3	160253463	179460061	438	19206598	0.01733	0.00709	1.52116	4	4	0	0	4	4.29683397402342	0	1.52116	0.56926	2.47306	0	4	0	4	0	1	1	0.89247	1	0.37	0.23543	0.49146	1	0	0	0	0	0	4
AC-P02-TP-NT-SM-63B4K-SM-63B4L	3	179470116	183495408	158	4025292	0.02379	0.00149	1.25375	3	3	0	0	3	3.04947588965849	0	1.25375	0.59594	1.91157	0	3	3e-05	3.00002	0	0	1	0.51082	1	0.06	0	0.52846	1	0	0	0	0	3e-05	3.00002
AC-P02-TP-NT-SM-63B4K-SM-63B4L	3	183508676	183547441	9	38765	0.13348	1e-05	1.68026	5	4.95207	0	0	4.95207	5.03897028613763	NA	NA	NA	NA	NA	NA	NA	NA	NA	NA	NA	NA	NA	NA	NA	NA	NA	NA	NA	NA	NA	NA	NA
AC-P02-TP-NT-SM-63B4K-SM-63B4L	3	183551562	184298297	244	746735	0.01929	0.00028	1.26342	3	3	0	0	3	3.09458247757894	0	1.26342	0.52344	2.00339	0	3	0	3	0	1	1	0.85287	1	0.27	0.0671	0.4767	1	0	0	0	0	0	3
AC-P02-TP-NT-SM-63B4K-SM-63B4L	3	184298856	193385013	372	9086157	0.01785	0.00336	1.44443	4	4	0	0	4	3.9389199625305	0	1.44443	0.91949	1.96938	1	3	1	3	1	1	0.25	0.11288	0.38695	0.19	0.05414	0.32599	0	0	0	0	0	1	3
AC-P02-TP-NT-SM-63B4K-SM-63B4L	3	193854453	197765487	286	3911034	0.01804	0.00144	1.27935	3	3	0	0	3	3.16888940059578	0	1.27935	0.95661	1.60209	1	2	1	2	0	1	0.17	0.02587	0.31375	0.34	0.18216	0.48218	0	0	0	0	0	1	2
AC-P02-TP-NT-SM-63B4K-SM-63B4L	4	59385	49052788	1521	48993403	0.00495	0.0181	0.80824	1	1	0	0	1	0.971354278030567	0	0.80824	0.59478	1.02171	0	1	0	1	0	0	1	0.93194	1	0.02	0	0.07889	1	0	0	0	0	0	1
AC-P02-TP-NT-SM-63B4K-SM-63B4L	4	52729855	57899418	284	5169563	0.01933	0.00191	1.36587	4	3.9992	0	0	3.9992	3.57246975084168	0	1.36587	1.0863	1.64544	1	2	1	2.00029	0	1	0.13	0.00512	0.30891	0.44	0.25587	0.61047	0	0	0	0	0	1	2.00029
AC-P02-TP-NT-SM-63B4K-SM-63B4L	4	62449404	65147234	15	2697830	0.06527	0.001	1.05919	2	2.03118	0	0	2.03118	2.14193320653504	0	1.05919	1.05919	1.05919	1	1	1	1	0	0	0.07	0	0.28556	0.07	0	0.28556	0	0	0	0	0	1	1
AC-P02-TP-NT-SM-63B4K-SM-63B4L	4	65170919	111553567	1705	46382648	0.0048	0.01713	0.8301	1	1	0	0	1	1.07332222135437	0	0.8301	0.60798	1.05221	0	1	0	1	0	0	0.98	0.90476	1	0.05	0	0.1177	1	0	0	0	0	0	1
AC-P02-TP-NT-SM-63B4K-SM-63B4L	4	113107971	113574312	48	466341	0.04421	0.00017	1.28428	3	3.00111	0	0	3.00111	3.19188583063176	0	1.28428	1.05252	1.51605	1	2	1.00003	2.00014	0	0	0.06	0	0.50449	0.14	0.00212	0.56843	0	0	0	0	0	1.00003	2.00014
AC-P02-TP-NT-SM-63B4K-SM-63B4L	4	114120215	118005994	67	3885779	0.03258	0.00144	1.11758	2	2.04589	0	0	2.04589	2.41429863245803	0	1.11758	0.56436	1.6708	0	2	0.06513	2.34217	0	0	1	0.13498	0.98775	0.5	0.02686	0.96271	1	0	0	0	0	0.06513	2.34217
AC-P02-TP-NT-SM-63B4K-SM-63B4L	4	119026216	130030487	416	11004271	0.00985	0.00406	0.84089	1	1	0	0	1	1.12365315037833	0	0.84089	0.63569	1.04609	0	1	0	1	0	0	0.92	0.80349	0.9897	0.04	0	0.14754	1	0	0	0	0	0	1
AC-P02-TP-NT-SM-63B4K-SM-63B4L	4	130032893	149041373	309	19008480	0.01242	0.00702	0.91435	1	1.00453	0	0	1.00453	1.46631395168512	0	0.91435	0.62873	1.19997	0	1	0	1.00015	0	1	0.93	0.7024	1	0.4	0.18211	0.60672	1	0	0	0	0	0	1.00015
AC-P02-TP-NT-SM-63B4K-SM-63B4L	4	149075876	151656463	37	2580587	0.04446	0.00095	1.13342	3	2.52392	0	0	2.52392	2.48818574235049	0	1.13342	1.13342	1.13342	1	1	1.00051	1.00051	0	0	0.24	0.01378	0.61193	0.24	0.01378	0.61193	0	0	0	0	0	1.00051	1.00051
AC-P02-TP-NT-SM-63B4K-SM-63B4L	4	151719263	191012705	965	39293442	0.00684	0.01451	0.88942	1	1	0	0	1	1.35002571622938	0	0.88942	0.66972	1.10912	0	1	0	1	0	1	0.84	0.75451	0.90971	0.19	0.10453	0.25974	1	0	0	0	0	0	1
AC-P02-TP-NT-SM-63B4K-SM-63B4L	5	143556	1221917	125	1078361	0.01866	4e-04	0.87363	1	1	0	0	1	1.27637183585048	0	0.87363	0.61962	1.12764	0	1	0	1	0	0	0.95	0.75234	1	0.23	0.05073	0.40912	1	0	0	0	0	0	1
AC-P02-TP-NT-SM-63B4K-SM-63B4L	5	1225672	13769156	266	12543484	0.01224	0.00463	0.83581	1	1	0	0	1	1.09995703180171	0	0.83581	0.48786	1.18375	0	1	0	1	1	1	NA	NA	NA	0.36	0.21274	0.49995	1	0	0	0	0	0	1
AC-P02-TP-NT-SM-63B4K-SM-63B4L	5	13769666	14508259	99	738593	0.01981	0.00027	0.8251	1	1	0	0	1	1.04999926999943	0	0.8251	0.63062	1.01959	0	1	0	1	0	0	0.93	0.60973	1	0.02	0	0.3422	1	0	0	0	0	0	1
AC-P02-TP-NT-SM-63B4K-SM-63B4L	5	14601337	14608991	5	7654	0.06635	0	0.61989	1	0.5127	0	0	0.5127	0.0927787004899542	NA	NA	NA	NA	NA	NA	NA	NA	NA	NA	NA	NA	NA	NA	NA	NA	NA	NA	NA	NA	NA	NA	NA
AC-P02-TP-NT-SM-63B4K-SM-63B4L	5	14673788	26988326	102	12314538	0.01952	0.00455	0.82504	1	1	0	0	1	1.04971939458317	0	0.82504	0.65973	0.99035	0	1	0.00081	0.99979	0	0	0.86	0.39193	0.98749	0.09	5e-05	0.55836	1	0	0	0	0	0.00081	0.99979
AC-P02-TP-NT-SM-63B4K-SM-63B4L	5	31294215	42566011	638	11271796	0.00977	0.00416	1.03427	2	2	0	0	2	2.02569161698201	0	1.03427	0.58833	1.48022	0	2	0	2	0	0	1	0.87426	1	0.05	0	0.17568	1	0	0	0	0	0	2
AC-P02-TP-NT-SM-63B4K-SM-63B4L	5	42695104	49724019	89	7028915	0.02054	0.0026	0.81095	1	1	0	0	1	0.983995317664945	0	0.81095	0.54911	1.0728	0	1	0	1	0	0	1	0.7172	1	0.1	0	0.42482	1	0	0	0	0	0	1
AC-P02-TP-NT-SM-63B4K-SM-63B4L	5	50090103	57790600	287	7700497	0.01481	0.00284	1.05098	2	2	0	0	2	2.10363692041023	0	1.05098	1.05087	1.05108	1	1	1	1	0	0	0.05	0	0.12486	0.05	0	0.12533	0	0	0	0	0	1	1
AC-P02-TP-NT-SM-63B4K-SM-63B4L	5	57913583	78264921	706	20351338	0.0074	0.00752	0.82327	1	1	0	0	1	1.04146306980352	0	0.82327	0.58179	1.06475	0	1	0	1	0	0	1	0.906	1	0.08	0.00108	0.18207	1	0	0	0	0	0	1
AC-P02-TP-NT-SM-63B4K-SM-63B4L	5	78322325	78752762	42	430437	0.03774	0.00016	1.0246	2	2	0	0	2	1.98058502906156	0	1.0246	1.0246	1.0246	1	1	1	1	0	0	0.01	0	0.14976	0.01	0	0.14976	0	0	0	0	0	1	1
AC-P02-TP-NT-SM-63B4K-SM-63B4L	5	78915539	90678769	309	11763230	0.01097	0.00434	0.80734	1	1	0	0	1	0.967156146786678	0	0.80734	0.59847	1.01622	0	1	0	1	0	0	1	0.87255	1	0.03	0	0.14222	1	0	0	0	0	0	1
AC-P02-TP-NT-SM-63B4K-SM-63B4L	5	92923886	131034652	954	38110766	0.00778	0.01408	1.00704	2	2	0	0	2	1.89867482390301	0	1.00704	1.00704	1.00704	1	1	1	1	0	0	0.05	0	0.11044	0.05	0	0.11044	0	0	0	0	0	1	1
AC-P02-TP-NT-SM-63B4K-SM-63B4L	5	131042171	131822733	73	780562	0.02612	0.00029	0.93462	2	1.98623	0	0	1.98623	1.56086519647805	0	0.93462	0.93462	0.93462	1	1	0.99998	0.99998	0	0	0.22	0.01229	0.53502	0.22	0.01229	0.53502	0	0	0	0	0	0.99998	0.99998
AC-P02-TP-NT-SM-63B4K-SM-63B4L	5	131825126	140358562	690	8533436	0.00934	0.00315	1.02754	2	2	0	0	2	1.99429892445826	0	1.02754	1.02737	1.0277	1	1	1	1	0	0	0	0	0.06681	0	0	0.0663	0	0	0	0	0	1	1
AC-P02-TP-NT-SM-63B4K-SM-63B4L	5	140389366	149437110	492	9047744	0.00882	0.00334	0.81888	1	1	0	0	1	1.02098551851388	0	0.81888	0.58604	1.05173	0	1	0	1	0	0	1	0.92435	1	0.05	0	0.13052	1	0	0	0	0	0	1
AC-P02-TP-NT-SM-63B4K-SM-63B4L	5	149441105	162945283	581	13504178	0.00798	0.00499	0.80536	1	1	0	0	1	0.957920258050121	0	0.80536	0.60427	1.00645	0	1	0	1	0	0	0.99	0.88227	1	0.05	0	0.14301	1	0	0	0	0	0	1
AC-P02-TP-NT-SM-63B4K-SM-63B4L	5	167420067	171583709	221	4163642	0.01665	0.00154	1.0371	2	2	0	0	2	2.03889240744891	0	1.0371	1.0371	1.0371	1	1	1	1	0	0	0.02	0	0.10005	0.02	0	0.10005	0	0	0	0	0	1	1
AC-P02-TP-NT-SM-63B4K-SM-63B4L	5	171661243	176016384	131	4355141	0.01642	0.00161	0.78645	1	1	0	0	1	0.869712856025736	0	0.78645	0.69934	0.87356	0	1	0.00171	0.97155	0	0	0.77	0.35527	0.97921	0.36	0.0405	0.75467	1	0	0	0	0	0.00171	0.97155
AC-P02-TP-NT-SM-63B4K-SM-63B4L	5	176017292	176019752	6	2460	0.05553	0	0.56801	0	0.00569	1	0	0.00569	-0.14922024276891	0	0.56801	0.42333	0.7127	0	0	0.00025	0.1157	0	0	1	0.49374	1	0.74	0.1215	0.9782	1	1	0	0	0	0.00025	0.1157
AC-P02-TP-NT-SM-63B4K-SM-63B4L	5	176025321	180794756	477	4769435	0.00889	0.00176	0.81292	1	1	0	0	1	0.993184560498792	0	0.81292	0.58534	1.0405	0	1	0	1	0	0	1	0.92154	1	0.03	0	0.11125	1	0	0	0	0	0	1
AC-P02-TP-NT-SM-63B4K-SM-63B4L	6	345890	11778915	356	11433025	0.01388	0.00422	1.09744	2	2	0	0	2	2.32035378440033	0	1.09744	1.09744	1.09744	1	1	1	1	1	1	0.16	0.07072	0.2396	0.16	0.07072	0.2396	0	0	0	0	0	1	1
AC-P02-TP-NT-SM-63B4K-SM-63B4L	6	12123112	26373627	425	14250515	0.01019	0.00526	0.87992	1	1	0	0	1	1.305712108655	0	0.87992	0.57963	1.18022	0	1	0	1	0	1	1	0.88019	1	0.35	0.22032	0.47645	1	0	0	0	0	0	1
AC-P02-TP-NT-SM-63B4K-SM-63B4L	6	26385416	30153993	225	3768577	0.01351	0.00139	0.84827	1	1	0	0	1	1.15807782657822	0	0.84827	0.60748	1.08907	0	1	0	1	0	0	0.98	0.86833	1	0.14	0.03667	0.23658	1	0	0	0	0	0	1
AC-P02-TP-NT-SM-63B4K-SM-63B4L	6	30157252	31602077	273	1444825	0.01178	0.00053	0.81458	1	1	0	0	1	1.00092778034863	0	0.81458	0.52387	1.10529	0	1	0	1	1	1	NA	NA	NA	0.18	0.09607	0.25043	1	0	0	0	0	0	1
AC-P02-TP-NT-SM-63B4K-SM-63B4L	6	31602641	35773653	978	4171012	0.00649	0.00154	0.84962	1	1	0	0	1	1.16437502344406	0	0.84962	0.58038	1.11887	0	1	0	1	0	1	1	0.92004	1	0.21	0.1134	0.29687	1	0	0	0	0	0	1
AC-P02-TP-NT-SM-63B4K-SM-63B4L	6	35806528	110777980	2808	74971452	0.00464	0.02769	1.03091	2	2	0	0	2	2.01001859367149	0	1.03091	1.03091	1.03091	1	1	1	1	0	0	0.01	0	0.0542	0.01	0	0.0542	0	0	0	0	0	1	1
AC-P02-TP-NT-SM-63B4K-SM-63B4L	6	110942439	124125372	393	13182933	0.01136	0.00487	0.94349	2	2	0	0	2	1.60224011218171	0	0.94349	0.90692	0.98005	1	1	1	1	1	0	0.28	0.05076	0.52888	0.11	0	0.36807	0	0	0	0	0	1	1
AC-P02-TP-NT-SM-63B4K-SM-63B4L	6	124676452	157496059	1240	32819607	0.00557	0.01212	0.82069	1	1	0	0	1	1.02942842690437	0	0.82069	0.5954	1.04598	0	1	0	1	0	0	1	0.92354	1	0.04	0	0.10696	1	0	0	0	0	0	1
AC-P02-TP-NT-SM-63B4K-SM-63B4L	6	157505466	157528162	7	22696	0.05609	1e-05	0.62011	0	0.17624	1	0	0.17624	0.0938049103495716	NA	NA	NA	NA	NA	NA	NA	NA	NA	NA	NA	NA	NA	NA	NA	NA	NA	NA	NA	NA	NA	NA	NA
AC-P02-TP-NT-SM-63B4K-SM-63B4L	6	157739882	170892713	558	13152831	0.00826	0.00486	0.81632	1	1	0	0	1	1.00904416742015	0	0.81632	0.61691	1.01573	0	1	0	1	0	0	0.96	0.86752	1	0.03	0	0.1148	1	0	0	0	0	0	1
AC-P02-TP-NT-SM-63B4K-SM-63B4L	7	540563	18066926	612	17526363	0.01341	0.00647	1.39159	4	4	0	0	4	3.69244301261149	0	1.39159	0.99379	1.78939	1	3	1	3	0	1	0.08	0	0.1907	0.77	0.65624	0.88155	0	0	0	0	0	1	3
AC-P02-TP-NT-SM-63B4K-SM-63B4L	7	18633591	23017977	144	4384386	0.02832	0.00162	1.42549	4	4	0	0	4	3.85057262279799	0	1.42549	0.90235	1.94862	1	3	1	3	1	0	0.29	0.08264	0.50187	0.15	0.00476	0.35631	0	0	0	0	0	1	3
AC-P02-TP-NT-SM-63B4K-SM-63B4L	7	23157556	27934936	198	4777380	0.02046	0.00176	1.20685	3	3	0	0	3	2.83070660594914	0	1.20685	1.13368	1.28003	1	2	1.00036	1.91473	0	0	0.24	0.01434	0.60357	0.59	0.22493	0.91	0	0	0	0	0	1.00036	1.91473
AC-P02-TP-NT-SM-63B4K-SM-63B4L	7	28527828	28858814	11	330986	0.0748	0.00012	1.03939	2	2.03046	0	0	2.03046	2.04957431916947	0	1.03939	0.63637	1.44242	0	2	0.20028	1.88696	0	0	0.92	0.06434	0.9826	0.96	0.07183	0.98378	1	0	0	0	0	0.20028	1.88696
AC-P02-TP-NT-SM-63B4K-SM-63B4L	7	28996444	66262426	966	37265982	0.00782	0.01376	1.0176	2	2	0	0	2	1.94793289716464	0	1.0176	1.0176	1.0176	1	1	1	1	0	0	0.03	0	0.07646	0.03	0	0.07645	0	0	0	0	0	1	1
AC-P02-TP-NT-SM-63B4K-SM-63B4L	7	66406931	74251450	298	7844519	0.01596	0.0029	1.15461	3	2.99999	0	0	2.99999	2.58702841019272	0	1.15461	0.93638	1.37283	1	2	0.9993	1.99933	0	0	0.22	0.00887	0.61538	0.8	0.39058	0.98311	0	0	0	0	0	0.9993	1.99933
AC-P02-TP-NT-SM-63B4K-SM-63B4L	7	74300289	74313859	7	13570	0.0719	1e-05	0.79603	1	1.01159	0	0	1.01159	0.914399630821803	NA	NA	NA	NA	NA	NA	NA	NA	NA	NA	NA	NA	NA	NA	NA	NA	NA	NA	NA	NA	NA	NA	NA
AC-P02-TP-NT-SM-63B4K-SM-63B4L	7	74470094	76071265	118	1601171	0.02599	0.00059	1.18332	3	3	0	0	3	2.72094879687279	0	1.18332	1.18332	1.18332	1	1	1.02219	1.02219	0	0	0.36	0.04193	0.7442	0.36	0.04193	0.7442	0	0	0	0	0	1.02219	1.02219
AC-P02-TP-NT-SM-63B4K-SM-63B4L	7	76112144	105207661	1554	29095517	0.00615	0.01075	1.01507	2	2	0	0	2	1.93613148377904	0	1.01507	0.58952	1.44062	0	2	0	2	0	0	1	0.92966	1	0.96	0.88115	1	1	0	0	0	0	0	2
AC-P02-TP-NT-SM-63B4K-SM-63B4L	7	105429101	105913039	23	483938	0.06558	0.00018	1.31885	3	3.19128	0	0	3.19128	3.35314071629981	0	1.31885	0.60732	2.03037	0	3	0.03739	3.09852	0	0	0.98	0.18328	0.98776	0.34	0.01685	0.92495	1	0	0	0	0	0.03739	3.09852
AC-P02-TP-NT-SM-63B4K-SM-63B4L	7	105917546	112724219	259	6806673	0.01463	0.00251	0.98612	2	2	0	0	2	1.80109159543394	0	0.98612	0.56144	1.4108	0	2	0	2	0	0	1	0.87996	1	0.89	0.736	0.98787	1	0	0	0	0	0	2
AC-P02-TP-NT-SM-63B4K-SM-63B4L	7	113522155	121019015	189	7496860	0.01426	0.00277	0.82051	1	1	0	0	1	1.02858880065559	0	0.82051	0.61658	1.02444	0	1	4e-05	0.99999	0	0	0.96	0.49575	1	0.01	0	0.47364	1	0	0	0	0	4e-05	0.99999
AC-P02-TP-NT-SM-63B4K-SM-63B4L	7	121164448	133749162	551	12584714	0.01039	0.00465	1.02194	2	2	0	0	2	1.96817721894073	0	1.02194	0.5945	1.44937	0	2	0	2	0	0	1	0.89684	1	0.98	0.87366	1	1	0	0	0	0	0	2
AC-P02-TP-NT-SM-63B4K-SM-63B4L	7	133827864	141762434	448	7934570	0.014	0.00293	1.24245	3	3	0	0	3	2.99676601959632	0	1.24245	0.54454	1.94037	0	3	0	3	0	0	1	0.90311	1	0.13	0.00821	0.26293	1	0	0	0	0	0	3
AC-P02-TP-NT-SM-63B4K-SM-63B4L	7	141765404	141776027	6	10623	0.06756	0	0.69197	1	0.97098	0	0	0.97098	0.429002367222778	NA	NA	NA	NA	NA	NA	NA	NA	NA	NA	NA	NA	NA	NA	NA	NA	NA	NA	NA	NA	NA	NA	NA
AC-P02-TP-NT-SM-63B4K-SM-63B4L	7	141794604	143270077	186	1475473	0.02121	0.00054	1.21241	3	3	0	0	3	2.85664172785584	0	1.21241	0.54294	1.88188	0	3	0	3	0	0	1	0.84663	1	0.99	0.76426	1	1	0	0	0	0	0	3
AC-P02-TP-NT-SM-63B4K-SM-63B4L	7	143417271	143560391	13	143120	0.04624	5e-05	0.69707	1	0.96225	0	0	0.96225	0.452791777604817	NA	NA	NA	NA	NA	NA	NA	NA	NA	NA	NA	NA	NA	NA	NA	NA	NA	NA	NA	NA	NA	NA	NA
AC-P02-TP-NT-SM-63B4K-SM-63B4L	7	143632802	158935187	627	15302385	0.01181	0.00565	1.23926	3	3	0	0	3	2.98188597663187	0	1.23926	0.58739	1.89114	0	3	0	3	0	0	1	0.91359	1	0.01	0	0.10368	1	0	0	0	0	0	3
AC-P02-TP-NT-SM-63B4K-SM-63B4L	8	190901	74891043	2327	74700142	0.00508	0.02759	1.02601	2	2	0	0	2	1.98716210134365	0	1.02601	1.02601	1.02601	1	1	1	1	0	0	0.01	0	0.05449	0.01	0	0.05449	0	0	0	0	0	1	1
AC-P02-TP-NT-SM-63B4K-SM-63B4L	8	74903733	104076990	793	29173257	0.01126	0.01077	1.33	3	3	0	0	3	3.40515089782133	0	1.33	1.00569	1.65431	1	2	1	2.00004	0	1	0.05	0	0.18426	0.46	0.32424	0.58365	0	0	0	0	0	1	2.00004
AC-P02-TP-NT-SM-63B4K-SM-63B4L	8	104080927	116631822	253	12550895	0.01756	0.00464	1.17063	3	3	0	0	3	2.66175514633395	0	1.17063	0.55993	1.78132	0	3	0	3	0	0	1	0.89293	1	0.76	0.61333	0.88686	1	0	0	0	0	0	3
AC-P02-TP-NT-SM-63B4K-SM-63B4L	8	117661104	126085480	374	8424376	0.01226	0.00311	0.99287	2	2	0	0	2	1.83257757976311	0	0.99287	0.57941	1.40633	0	2	0	2	0	0	1	0.8671	1	0.88	0.73449	0.98405	1	0	0	0	0	0	2
AC-P02-TP-NT-SM-63B4K-SM-63B4L	8	126088665	131916152	71	5827487	0.03174	0.00215	1.12068	2	2.06912	0	0	2.06912	2.4287588622981	0	1.12068	0.47281	1.76856	0	3	0	2.99975	0	0	1	0.79167	1	0.73	0.40602	0.96333	1	0	0	0	0	0	2.99975
AC-P02-TP-NT-SM-63B4K-SM-63B4L	8	131964178	141525285	227	9561107	0.01476	0.00353	0.93128	2	1.99928	0	0	1.99928	1.54528546497295	0	0.93128	0.6125	1.25006	0	2	0	1.96969	0	1	0.97	0.82609	1	0.52	0.38144	0.6407	1	0	0	0	0	0	1.96969
AC-P02-TP-NT-SM-63B4K-SM-63B4L	8	141542614	143558827	95	2016213	0.03012	0.00074	1.23089	3	3	0	0	3	2.9428433560637	0	1.23089	0.5895	1.87229	0	3	0	3	0	0	1	0.80727	1	0.97	0.76656	1	1	0	0	0	0	0	3
AC-P02-TP-NT-SM-63B4K-SM-63B4L	8	143561104	146279473	407	2718369	0.01632	0.001	1.38118	4	4	0	0	4	3.6438846278905	0	1.38118	0.59313	2.16922	0	4	0	4	0	1	1	0.8668	1	0.66	0.532	0.77779	1	0	0	0	0	0	4
AC-P02-TP-NT-SM-63B4K-SM-63B4L	9	286572	8389319	333	8102747	0.01061	0.00299	0.8101	1	1	0	0	1	0.980030415934606	0	0.8101	0.55508	1.06511	0	1	0	1	0	0	1	0.92555	1	0.08	0.00039	0.19027	1	0	0	0	0	0	1
AC-P02-TP-NT-SM-63B4K-SM-63B4L	9	8436640	8636771	21	200131	0.07311	7e-05	1.40514	4	3.90632	0	0	3.90632	3.75564821078338	0	1.40514	0.98877	1.82151	1	3	0.9304	2.51925	0	0	0.09	0.01064	0.95698	0.85	0.03067	0.97836	0	0	0	0	0	0.9304	2.51925
AC-P02-TP-NT-SM-63B4K-SM-63B4L	9	12695675	38016067	1078	25320392	0.00726	0.00935	0.99811	2	2	0	0	2	1.85702003278308	0	0.99811	0.99811	0.99811	1	1	1	1	0	0	0.07	0.01419	0.11916	0.07	0.01419	0.11916	0	0	0	0	0	1	1
AC-P02-TP-NT-SM-63B4K-SM-63B4L	9	38411471	97200746	1032	58789275	0.00608	0.02171	0.81687	1	1	0	0	1	1.0116096920692	0	0.81687	0.60558	1.02816	0	1	0	1	0	0	0.99	0.88846	1	0	0	0.09305	1	0	0	0	0	0	1
AC-P02-TP-NT-SM-63B4K-SM-63B4L	9	97207354	117072901	1022	19865547	0.00768	0.00734	1.02927	2	2	0	0	2	2.00236866562707	0	1.02927	0.57901	1.47952	0	2	0	2	0	0	1	0.93964	1	0.05	0	0.12258	1	0	0	0	0	0	2
AC-P02-TP-NT-SM-63B4K-SM-63B4L	9	117086013	117092241	5	6228	0.07279	0	0.68052	1	0.959	0	0	0.959	0.375592808619964	NA	NA	NA	NA	NA	NA	NA	NA	NA	NA	NA	NA	NA	NA	NA	NA	NA	NA	NA	NA	NA	NA	NA
AC-P02-TP-NT-SM-63B4K-SM-63B4L	9	117093106	139847411	1906	22754305	0.00561	0.0084	1.02571	2	2	0	0	2	1.98576272426235	0	1.02571	0.60194	1.44947	0	2	0	2	0	0	1	0.90987	1	0.98	0.89838	1	1	0	0	0	0	0	2
AC-P02-TP-NT-SM-63B4K-SM-63B4L	9	139873712	139983388	62	109676	0.03469	4e-05	1.14487	3	2.86098	0	0	2.86098	2.5415953009533	0	1.14487	0.53404	1.7557	0	3	8e-05	2.90639	0	0	1	0.51017	1	0.7	0.18236	0.97269	1	0	0	0	0	8e-05	2.90639
AC-P02-TP-NT-SM-63B4K-SM-63B4L	9	139994240	141016185	174	1021945	0.01992	0.00038	1.10091	2	2	0	0	2	2.33653991264066	0	1.10091	0.63007	1.57175	0	2	0	2	0	1	0.93	0.74398	1	0.27	0.09034	0.43424	1	0	0	0	0	0	2
AC-P02-TP-NT-SM-63B4K-SM-63B4L	10	94609	3212346	131	3117737	0.03074	0.00115	1.47587	4	4	0	0	4	4.08557468065037	0	1.47587	1.01486	1.93688	1	3	1	3	0	0	0.03	0	0.26447	0.12	0.00058	0.33584	0	0	0	0	0	1	3
AC-P02-TP-NT-SM-63B4K-SM-63B4L	10	3824119	16796928	504	12972809	0.01269	0.00479	1.19433	3	3	0	0	3	2.77230593575637	0	1.19433	0.95794	1.43071	1	2	1	2	0	0	0.17	0.03468	0.2911	0.94	0.79677	1	0	0	0	0	0	1	2
AC-P02-TP-NT-SM-63B4K-SM-63B4L	10	16824057	17636292	83	812235	0.02543	3e-04	0.97055	2	2	0	0	2	1.72846392491465	0	0.97055	0.5043	1.43679	0	2	0	2	0	0	1	0.86187	1	0.95	0.71435	1	1	0	0	0	0	0	2
AC-P02-TP-NT-SM-63B4K-SM-63B4L	10	17645602	21098780	118	3453178	0.02594	0.00128	1.18129	3	3	0	0	3	2.71147967862269	0	1.18129	0.89091	1.47166	1	2	0.96508	2.00004	0	0	0.32	0.02184	0.78364	0.03	0	0.55025	0	0	0	0	0	0.96508	2.00004
AC-P02-TP-NT-SM-63B4K-SM-63B4L	10	21102919	61967892	1052	40864973	0.0075	0.01509	1.01974	2	2	0	0	2	1.95791512034456	0	1.01974	1.01974	1.01974	1	1	1	1	0	0	0.02	0	0.07135	0.02	0	0.07135	0	0	0	0	0	1	1
AC-P02-TP-NT-SM-63B4K-SM-63B4L	10	62021665	70105596	174	8083931	0.01844	0.00299	1.01915	2	2	0	0	2	1.95516301208467	0	1.01915	1.01915	1.01915	1	1	1	1	0	0	0.02	0	0.26865	0.02	0	0.26865	0	0	0	0	0	1	1
AC-P02-TP-NT-SM-63B4K-SM-63B4L	10	70136669	70143612	4	6943	0.31929	0	2.68208	7	6.59748	0	1	9.71205011141896	9.71205011141896	NA	NA	NA	NA	NA	NA	NA	NA	NA	NA	NA	NA	NA	NA	NA	NA	NA	NA	NA	NA	NA	NA	NA
AC-P02-TP-NT-SM-63B4K-SM-63B4L	10	70154146	73591639	322	3437493	0.01382	0.00127	1.03892	2	2	0	0	2	2.04738196174211	0	1.03892	1.0387	1.03914	1	1	1	1	0	0	0.02	0	0.08848	0.02	0	0.08919	0	0	0	0	0	1	1
AC-P02-TP-NT-SM-63B4K-SM-63B4L	10	73767579	103735012	1822	29967433	0.00462	0.01107	0.82516	1	1	0	0	1	1.05027914541569	0	0.82516	0.5813	1.06901	0	1	0	1	0	0	1	0.94453	1	0.09	0.02238	0.15658	1	0	0	0	0	0	1
AC-P02-TP-NT-SM-63B4K-SM-63B4L	10	103751760	103769168	5	17408	0.13459	1e-05	1.26182	3	3.15692	0	0	3.15692	3.08711913314536	NA	NA	NA	NA	NA	NA	NA	NA	NA	NA	NA	NA	NA	NA	NA	NA	NA	NA	NA	NA	NA	NA	NA
AC-P02-TP-NT-SM-63B4K-SM-63B4L	10	103773752	105882783	338	2109031	0.01058	0.00078	0.81423	1	1	0	0	1	0.999295173753786	0	0.81423	0.50733	1.12113	0	1	0	1	1	0	NA	NA	NA	0.22	0.06151	0.36214	1	0	0	0	0	0	1
AC-P02-TP-NT-SM-63B4K-SM-63B4L	10	105885366	121436384	639	15551018	0.00815	0.00574	0.86291	1	1	0	0	1	1.22636742814549	0	0.86291	0.58919	1.13663	0	1	0	1	0	1	1	0.89025	1	0.25	0.13897	0.35446	1	0	0	0	0	0	1
AC-P02-TP-NT-SM-63B4K-SM-63B4L	10	121541214	126727594	290	5186380	0.01458	0.00192	1.04031	2	2	0	0	2	2.05386574221878	0	1.04031	1.04031	1.04031	1	1	1	1	0	0	0.03	0	0.10877	0.03	0	0.10877	0	0	0	0	0	1	1
AC-P02-TP-NT-SM-63B4K-SM-63B4L	10	127411669	129179586	103	1767917	0.03365	0.00065	1.43261	4	4	0	0	4	3.88378450552742	0	1.43261	1.03978	1.82544	1	3	1.00009	2.99709	0	0	0.03	0	0.53985	0.86	0.3612	0.98709	0	0	0	0	0	1.00009	2.99709
AC-P02-TP-NT-SM-63B4K-SM-63B4L	10	129200963	134041556	92	4840593	0.0261	0.00179	1.04901	2	2	0	0	2	2.09444767757638	0	1.04901	1.04901	1.04901	1	1	1	1	0	0	0.05	0	0.12521	0.05	0	0.12521	0	0	0	0	0	1	1
AC-P02-TP-NT-SM-63B4K-SM-63B4L	10	134145145	135372834	87	1227689	0.03777	0.00045	1.47795	4	4	0	0	4	4.09527702841403	0	1.47795	1.0697	1.8862	1	3	1	3	0	0	0.1	0	0.32073	1	0.74402	1	0	0	0	0	0	1	3
AC-P02-TP-NT-SM-63B4K-SM-63B4L	10	135439464	135490828	7	51364	0.08403	2e-05	0.93099	2	1.72943	0	0	1.72943	1.54393273379436	NA	NA	NA	NA	NA	NA	NA	NA	NA	NA	NA	NA	NA	NA	NA	NA	NA	NA	NA	NA	NA	NA	NA
AC-P02-TP-NT-SM-63B4K-SM-63B4L	11	194433	55433107	2705	55238674	0.00373	0.0204	0.81091	1	1	0	0	1	0.983808734054106	0	0.81091	0.60109	1.02073	0	1	0	1	0	0	1	0.935	1	0.02	0	0.06784	1	0	0	0	0	0	1
AC-P02-TP-NT-SM-63B4K-SM-63B4L	11	55563503	60296885	294	4733382	0.01372	0.00175	0.98524	2	2	0	0	2	1.79698675599547	0	0.98524	0.98327	0.9872	1	1	1	1	0	0	0.11	0.02223	0.18227	0.1	0.0148	0.17327	0	0	0	0	0	1	1
AC-P02-TP-NT-SM-63B4K-SM-63B4L	11	60470911	65304527	1020	4833616	0.00875	0.00179	1.17164	3	3	0	0	3	2.66646638250765	0	1.17164	0.91747	1.4258	1	2	1	2	1	0	0.26	0.14755	0.3615	0.93	0.81221	1	0	0	0	0	0	1	2
AC-P02-TP-NT-SM-63B4K-SM-63B4L	11	65308020	70507786	779	5199766	0.00837	0.00192	0.97859	2	2	0	0	2	1.76596723069339	0	0.97859	0.97854	0.97865	1	1	1	1	0	0	0.12	0.04286	0.18121	0.12	0.04265	0.1809	0	0	0	0	0	1	1
AC-P02-TP-NT-SM-63B4K-SM-63B4L	11	71148923	82935996	590	11787073	0.00803	0.00435	0.81649	1	1	0	0	1	1.00983714776622	0	0.81649	0.58929	1.04369	0	1	0	1	0	0	1	0.89554	1	0.03	0	0.13791	1	0	0	0	0	0	1
AC-P02-TP-NT-SM-63B4K-SM-63B4L	11	82951888	90602329	204	7650441	0.02006	0.00283	1.20111	3	3	0	0	3	2.80393185779367	0	1.20111	0.57452	1.82771	0	3	0	3	0	0	1	0.83743	1	0.86	0.68436	0.98366	1	0	0	0	0	0	3
AC-P02-TP-NT-SM-63B4K-SM-63B4L	11	92257956	104034593	366	11776637	0.01011	0.00435	0.80914	1	1	0	0	1	0.975552409274457	0	0.80914	0.58954	1.02874	0	1	0	1	0	0	1	0.88035	1	0	0	0.12629	1	0	0	0	0	0	1
AC-P02-TP-NT-SM-63B4K-SM-63B4L	11	104817864	108593956	203	3776092	0.01881	0.00139	1.12307	2	2.00324	0	0	2.00324	2.43990723304576	0	1.12307	0.57062	1.67552	0	3	0	2.65096	0	1	1	0.85313	1	0.51	0.34128	0.66576	1	0	0	0	0	0	2.65096
AC-P02-TP-NT-SM-63B4K-SM-63B4L	11	108712122	134257497	1527	25545375	0.00494	0.00943	0.80819	1	1	0	0	1	0.971121048517018	0	0.80819	0.56654	1.04984	0	1	0	1	0	0	1	0.95478	1	0.05	0	0.11566	1	0	0	0	0	0	1
AC-P02-TP-NT-SM-63B4K-SM-63B4L	12	266776	31256755	1908	30989979	0.00588	0.01145	1.07575	2	2	0	0	2	2.2191788214226	0	1.07575	1.07575	1.07575	1	1	1	1	0	0	0.11	0.05466	0.1545	0.11	0.05466	0.1545	0	0	0	0	0	1	1
AC-P02-TP-NT-SM-63B4K-SM-63B4L	12	31300935	31311903	4	10968	0.18169	0	1.52443	4	4.25829	0	0	4.25829	4.31208718420955	0	1.52443	1.08948	1.95937	1	3	1.11551	2.73145	0	0	0.14	0.01194	0.96185	0.17	0.01239	0.96275	0	0	0	0	0	1.11551	2.73145
AC-P02-TP-NT-SM-63B4K-SM-63B4L	12	31440642	93100660	3435	61660018	0.00428	0.02277	1.05142	2	2	0	0	2	2.10568934012946	0	1.05142	1.05142	1.05142	1	1	1	1	0	0	0.05	0.00273	0.09614	0.05	0.00273	0.09614	0	0	0	0	0	1	1
AC-P02-TP-NT-SM-63B4K-SM-63B4L	12	93135317	119978469	1709	26843152	0.0047	0.00991	0.81241	1	1	0	0	1	0.990805619460588	0	0.81241	0.59949	1.02533	0	1	0	1	0	0	1	0.91224	1	0.01	0	0.0847	1	0	0	0	0	0	1
AC-P02-TP-NT-SM-63B4K-SM-63B4L	12	120111815	133779095	1042	13667280	0.00752	0.00505	1.0168	2	2	0	0	2	1.94420122494785	0	1.0168	1.01642	1.01717	1	1	1	1	0	0	0.03	0	0.08327	0.03	0	0.08134	0	0	0	0	0	1	1
AC-P02-TP-NT-SM-63B4K-SM-63B4L	13	19751406	67205442	1454	47454036	0.00642	0.01753	1.02498	2	2	0	0	2	1.98235757336453	0	1.02498	1.02498	1.02498	1	1	1	1	0	0	0.01	0	0.0735	0.01	0	0.0735	0	0	0	0	0	1	1
AC-P02-TP-NT-SM-63B4K-SM-63B4L	13	67801054	80125203	265	12324149	0.01178	0.00455	0.80265	1	1	0	0	1	0.945279218415744	0	0.80265	0.54765	1.05764	0	1	0	1	0	0	1	0.88445	1	0.07	0	0.22539	1	0	0	0	0	0	1
AC-P02-TP-NT-SM-63B4K-SM-63B4L	13	84454596	115090536	824	30635940	0.00878	0.01132	1.05633	2	2	0	0	2	2.12859247836001	0	1.05633	0.6174	1.49525	0	2	0	2	0	0	0.96	0.85504	1	0.09	0.00373	0.17877	1	0	0	0	0	0	2
AC-P02-TP-NT-SM-63B4K-SM-63B4L	14	19558773	53570487	1766	34011714	0.0059	0.01256	1.03832	2	2	0	0	2	2.04458320757952	0	1.03832	1.03832	1.03832	1	1	1	1	0	0	0.02	0	0.06926	0.02	0	0.06926	0	0	0	0	0	1	1
AC-P02-TP-NT-SM-63B4K-SM-63B4L	14	54417177	59835472	233	5418295	0.01282	0.002	0.81867	1	1	0	0	1	1.02000595455697	0	0.81867	0.57867	1.05866	0	1	0	1	0	0	1	0.80839	1	0.07	0	0.26791	1	0	0	0	0	0	1
AC-P02-TP-NT-SM-63B4K-SM-63B4L	14	59939745	60194011	14	254266	0.08925	9e-05	1.40061	4	3.81717	0	0	3.81717	3.7345176168558	NA	NA	NA	NA	NA	NA	NA	NA	NA	NA	NA	NA	NA	NA	NA	NA	NA	NA	NA	NA	NA	NA	NA
AC-P02-TP-NT-SM-63B4K-SM-63B4L	14	60574702	68108991	416	7534289	0.00955	0.00278	0.81502	1	1	0	0	1	1.00298020006787	0	0.81502	0.59575	1.03429	0	1	0	1	0	0	1	0.8512	1	0.01	0	0.15525	1	0	0	0	0	0	1
AC-P02-TP-NT-SM-63B4K-SM-63B4L	14	68113407	68123219	6	9812	0.10444	0	1.07197	2	2.26975	0	0	2.26975	2.20154667019827	NA	NA	NA	NA	NA	NA	NA	NA	NA	NA	NA	NA	NA	NA	NA	NA	NA	NA	NA	NA	NA	NA	NA
AC-P02-TP-NT-SM-63B4K-SM-63B4L	14	68145088	105995651	2001	37850563	0.00435	0.01398	0.81484	1	1	0	0	1	1.00214057381909	0	0.81484	0.59745	1.03222	0	1	0	1	0	0	1	0.92975	1	0.01	0	0.0706	1	0	0	0	0	0	1
AC-P02-TP-NT-SM-63B4K-SM-63B4L	14	106054050	106110979	14	56929	0.07952	2e-05	1.24744	3	3.01753	0	0	3.01753	3.02004232504855	0	1.24744	0.6388	1.85608	0	3	0.01024	2.9879	0	0	0.91	0.27845	0.98792	0.93	0.29235	0.98863	1	0	0	0	0	0.01024	2.9879
AC-P02-TP-NT-SM-63B4K-SM-63B4L	14	106174301	106757804	48	583503	0.03606	0.00022	1.04669	2	2	0	0	2	2.08362582814769	0	1.04669	0.70889	1.3845	0	2	0.00012	1.99999	0	0	0.75	0.41627	0.97059	0.83	0.4934	0.98518	1	0	0	0	0	0.00012	1.99999
AC-P02-TP-NT-SM-63B4K-SM-63B4L	14	106780663	107283203	43	502540	0.02961	0.00019	0.81262	1	1	0	0	1	0.991785183417496	0	0.81262	0.51305	1.1122	0	1	0	1	0	0	1	0.84799	1	0.19	0.01619	0.41362	1	0	0	0	0	0	1
AC-P02-TP-NT-SM-63B4K-SM-63B4L	15	20170331	20659177	16	488846	0.03698	0.00018	0.61809	0	0.00015	1	0	0.00015	0.0843824380021754	NA	NA	NA	NA	NA	NA	NA	NA	NA	NA	NA	NA	NA	NA	NA	NA	NA	NA	NA	NA	NA	NA	NA
AC-P02-TP-NT-SM-63B4K-SM-63B4L	15	21042634	22382947	9	1340313	0.07334	5e-04	0.92132	2	1.66527	0	0	1.66527	1.4988261458739	NA	NA	NA	NA	NA	NA	NA	NA	NA	NA	NA	NA	NA	NA	NA	NA	NA	NA	NA	NA	NA	NA	NA
AC-P02-TP-NT-SM-63B4K-SM-63B4L	15	22466470	22483260	3	16790	0.22967	1e-05	1.66916	5	4.77007	0	0	4.77007	4.98719333412967	NA	NA	NA	NA	NA	NA	NA	NA	NA	NA	NA	NA	NA	NA	NA	NA	NA	NA	NA	NA	NA	NA	NA
AC-P02-TP-NT-SM-63B4K-SM-63B4L	15	22738244	25417822	82	2679578	0.02099	0.00099	0.79536	1	1	0	0	1	0.91127435534024	0	0.79536	0.59349	0.99723	0	1	0	1	0	0	1	0.6124	1	0.07	0	0.44257	1	0	0	0	0	0	1
AC-P02-TP-NT-SM-63B4K-SM-63B4L	15	25422019	25430818	6	8799	0.0338	0	0.34408	0	0	1	0	0	-1.19376194215128	NA	NA	NA	NA	NA	NA	NA	NA	NA	NA	NA	NA	NA	NA	NA	NA	NA	NA	NA	NA	NA	NA	NA
AC-P02-TP-NT-SM-63B4K-SM-63B4L	15	25434601	41829232	794	16394631	0.00684	0.00606	0.80626	1	1	0	0	1	0.962118389294011	0	0.80626	0.58569	1.02682	0	1	0	1	0	0	1	0.92184	1	0	0	0.09255	1	0	0	0	0	0	1
AC-P02-TP-NT-SM-63B4K-SM-63B4L	15	41854830	63571444	1716	21716614	0.00585	0.00802	1.01476	2	2	0	0	2	1.93468546079504	0	1.01476	1.01463	1.01489	1	1	1	1	0	0	0.03	0	0.08749	0.03	0	0.087	0	0	0	0	0	1	1
AC-P02-TP-NT-SM-63B4K-SM-63B4L	15	63594607	74738499	816	11143892	0.01181	0.00412	1.41549	4	4	0	0	4	3.80392672008811	0	1.41549	1.03443	1.79655	1	3	1	3	0	0	0.01	0	0.15765	0.79	0.65072	0.9196	0	0	0	0	0	1	3
AC-P02-TP-NT-SM-63B4K-SM-63B4L	15	74741610	76763614	204	2022004	0.01994	0.00075	1.19403	3	3	0	0	3	2.77090655867508	0	1.19403	1.11223	1.27583	1	2	1.00017	1.86933	0	0	0.19	0.00681	0.57445	0.58	0.20165	0.9113	0	0	0	0	0	1.00017	1.86933
AC-P02-TP-NT-SM-63B4K-SM-63B4L	15	76995266	77134173	9	138907	0.15167	5e-05	1.90982	6	5.88982	0	0	5.88982	6.10977362874567	NA	NA	NA	NA	NA	NA	NA	NA	NA	NA	NA	NA	NA	NA	NA	NA	NA	NA	NA	NA	NA	NA	NA
AC-P02-TP-NT-SM-63B4K-SM-63B4L	15	77239809	83832788	353	6592979	0.01844	0.00244	1.45307	4	4	0	0	4	3.97922202247184	0	1.45307	0.99326	1.91287	1	3	1	3	0	0	0.08	0	0.33045	0.06	0	0.31358	0	0	0	0	0	1	3
AC-P02-TP-NT-SM-63B4K-SM-63B4L	15	83932634	83936934	3	4300	0.27797	0	2.0211	6	5.74836	0	0	5.74836	6.62884923410123	NA	NA	NA	NA	NA	NA	NA	NA	NA	NA	NA	NA	NA	NA	NA	NA	NA	NA	NA	NA	NA	NA	NA
AC-P02-TP-NT-SM-63B4K-SM-63B4L	15	84237352	89801970	199	5564618	0.02431	0.00206	1.43823	4	4	0	0	4	3.90999950285038	0	1.43823	1.05404	1.82242	1	3	1	3	0	0	0.06	0	0.21446	0.85	0.69237	0.97561	0	0	0	0	0	1	3
AC-P02-TP-NT-SM-63B4K-SM-63B4L	15	89804893	89807195	4	2302	0.2315	0	1.94351	6	5.72335	0	0	5.72335	6.26692367497526	NA	NA	NA	NA	NA	NA	NA	NA	NA	NA	NA	NA	NA	NA	NA	NA	NA	NA	NA	NA	NA	NA	NA
AC-P02-TP-NT-SM-63B4K-SM-63B4L	15	89811692	102500730	578	12689038	0.01403	0.00469	1.41463	4	4	0	0	4	3.79991517245506	0	1.41463	1.06342	1.76584	1	3	1	3	0	1	0.08	0	0.19455	0.72	0.59741	0.83052	0	0	0	0	0	1	3
AC-P02-TP-NT-SM-63B4K-SM-63B4L	16	105503	618233	110	512730	0.02406	0.00019	1.05718	2	2	0	0	2	2.13255738009035	0	1.05718	1.05718	1.05718	1	1	1	1	0	0	0.07	0	0.17592	0.07	0	0.17592	0	0	0	0	0	1	1
AC-P02-TP-NT-SM-63B4K-SM-63B4L	16	628441	816948	101	188507	0.01995	7e-05	0.83925	1	1	0	0	1	1.11600322233391	0	0.83925	0.58528	1.09322	0	1	0	1	0	0	1	0.88527	1	0.15	0.03281	0.26196	1	0	0	0	0	0	1
AC-P02-TP-NT-SM-63B4K-SM-63B4L	16	818471	1797152	147	978681	0.01627	0.00036	0.82572	1	1	0	0	1	1.05289131596744	0	0.82572	0.65294	0.99849	0	1	0	1	0	0	0.88	0.68261	0.98764	0.07	0	0.26011	1	0	0	0	0	0	1
AC-P02-TP-NT-SM-63B4K-SM-63B4L	16	1798661	1869956	42	71295	0.03249	3e-05	0.88143	1	1.00116	0	0	1.00116	1.31275563996419	0	0.88143	0.40832	1.35453	0	2	0.00022	1.89488	0	0	1	0.50076	1	0.76	0.12831	0.9797	1	0	0	0	0	0.00022	1.89488
AC-P02-TP-NT-SM-63B4K-SM-63B4L	16	1872951	3633304	363	1760353	0.01	0.00065	0.79761	1	1	0	0	1	0.921769683449964	0	0.79761	0.57044	1.02479	0	1	0	1	0	0	1	0.93573	1	0.01	0	0.09877	1	0	0	0	0	0	1
AC-P02-TP-NT-SM-63B4K-SM-63B4L	16	3640156	15044094	487	11403938	0.01107	0.00421	1.02303	2	2	0	0	2	1.97326162233611	0	1.02303	1.02303	1.02303	1	1	1	1	0	0	0.01	0	0.08338	0.01	0	0.08338	0	0	0	0	0	1	1
AC-P02-TP-NT-SM-63B4K-SM-63B4L	16	15092229	15122778	11	30549	0.0993	1e-05	1.38125	4	3.69402	0	0	3.69402	3.64421114920947	NA	NA	NA	NA	NA	NA	NA	NA	NA	NA	NA	NA	NA	NA	NA	NA	NA	NA	NA	NA	NA	NA	NA
AC-P02-TP-NT-SM-63B4K-SM-63B4L	16	15126776	74446724	3585	59319948	0.00407	0.02191	1.02103	2	2	0	0	2	1.96393244179413	0	1.02103	1.02101	1.02106	1	1	1	1	0	0	0.02	0	0.06591	0.02	0	0.0658	0	0	0	0	0	1	1
AC-P02-TP-NT-SM-63B4K-SM-63B4L	16	74447525	82182960	304	7735435	0.01676	0.00286	1.2251	3	3	0	0	3	2.91583537839468	0	1.2251	0.99492	1.45529	1	2	1	2	0	0	0.08	0	0.21565	0.99	0.83493	1	0	0	0	0	0	1	2
AC-P02-TP-NT-SM-63B4K-SM-63B4L	16	82197742	90141820	476	7944078	0.01355	0.00293	1.23947	3	3	0	0	3	2.98286554058878	0	1.23947	1.0619	1.41704	1	2	1	2	0	0	0.08	0	0.18808	0.91	0.78557	0.98763	0	0	0	0	0	1	2
AC-P02-TP-NT-SM-63B4K-SM-63B4L	17	96988	12044520	2075	11947532	0.00423	0.00441	0.80712	1	1	0	0	1	0.966129936927061	0	0.80712	0.577	1.03724	0	1	0	1	0	0	1	0.95468	1	0.02	0	0.07941	1	0	0	0	0	0	1
AC-P02-TP-NT-SM-63B4K-SM-63B4L	17	12626244	20356354	593	7730110	0.01006	0.00286	1.02635	2	2	0	0	2	1.98874806203579	0	1.02635	1.02614	1.02655	1	1	1	1	0	0	0.01	0	0.07028	0.01	0	0.06962	0	0	0	0	0	1	1
AC-P02-TP-NT-SM-63B4K-SM-63B4L	17	20359928	28296096	461	7936168	0.01353	0.00293	1.21813	3	3	0	0	3	2.88332318420589	0	1.21813	1.11093	1.32534	1	2	1.00017	1.99357	0	0	0.19	0.00646	0.57406	0.69	0.30879	0.96277	0	0	0	0	0	1.00017	1.99357
AC-P02-TP-NT-SM-63B4K-SM-63B4L	17	28320260	28819733	68	499473	0.03667	0.00018	1.26781	3	3.00001	0	0	3.00001	3.11506002886858	0	1.26781	0.93067	1.60494	1	2	0.9112	2.13593	0	0	0.23	0.00985	0.87979	0.34	0.0179	0.91889	0	0	0	0	0	0.9112	2.13593
AC-P02-TP-NT-SM-63B4K-SM-63B4L	17	28846997	29631953	77	784956	0.02157	0.00029	0.79204	1	1	0	0	1	0.89578791564056	0	0.79204	0.52551	1.05857	0	1	0.00023	1.00276	0	0	1	0.47718	1	0.07	0.00095	0.66946	1	0	0	0	0	0.00023	1.00276
AC-P02-TP-NT-SM-63B4K-SM-63B4L	17	29647419	33434073	216	3786654	0.02083	0.0014	1.2836	3	3	0	0	3	3.18871390924748	0	1.2836	0.99679	1.5704	1	2	1	2	0	0	0.07	0	0.32403	0.26	0.04253	0.49822	0	0	0	0	0	1	2
AC-P02-TP-NT-SM-63B4K-SM-63B4L	17	33443966	41251844	1336	7807878	0.00676	0.00288	1.03497	2	2	0	0	2	2.02895683017171	0	1.03497	0.57266	1.49728	0	2	0	2	0	0	1	0.94949	1	0.09	0.01831	0.15912	1	0	0	0	0	0	2
AC-P02-TP-NT-SM-63B4K-SM-63B4L	17	41256928	41290847	3	33919	0.09589	1e-05	0.69446	1	0.99097	0	0	0.99097	0.440617196997538	NA	NA	NA	NA	NA	NA	NA	NA	NA	NA	NA	NA	NA	NA	NA	NA	NA	NA	NA	NA	NA	NA	NA
AC-P02-TP-NT-SM-63B4K-SM-63B4L	17	41341711	79864704	3397	38522993	0.00455	0.01423	1.11158	2	2	0	0	2	2.38631109083211	0	1.11158	0.57293	1.65024	0	2	0	2	0	1	1	0.96167	1	0.45	0.38573	0.50307	1	0	0	0	0	0	2
AC-P02-TP-NT-SM-63B4K-SM-63B4L	17	79866476	81052160	194	1185684	0.01534	0.00044	0.8948	1	1	0	0	1	1.3751212118873	0	0.8948	0.61196	1.17764	0	1	0	1	0	1	0.97	0.84609	1	0.35	0.22956	0.45525	1	0	0	0	0	0	1
AC-P02-TP-NT-SM-63B4K-SM-63B4L	18	166802	19996655	566	19829853	0.01036	0.00732	1.03252	2	2	0	0	2	2.01752858400778	0	1.03252	1.03247	1.03256	1	1	1	1	0	0	0.01	0	0.07698	0.01	0	0.07712	0	0	0	0	0	1	1
AC-P02-TP-NT-SM-63B4K-SM-63B4L	18	20529628	20602162	10	72534	0.11655	3e-05	1.54622	4	4.37258	0	0	4.37258	4.41372860621438	NA	NA	NA	NA	NA	NA	NA	NA	NA	NA	NA	NA	NA	NA	NA	NA	NA	NA	NA	NA	NA	NA	NA
AC-P02-TP-NT-SM-63B4K-SM-63B4L	18	20774457	29045350	320	8270893	0.01433	0.00305	1.07406	2	2	0	0	2	2.21129566386463	0	1.07406	1.07406	1.07406	1	1	1	1	0	0	0.11	0.02095	0.18345	0.11	0.02095	0.18345	0	0	0	0	0	1	1
AC-P02-TP-NT-SM-63B4K-SM-63B4L	18	29049181	40853951	265	11804770	0.012	0.00436	0.81727	1	1	0	0	1	1.01347552817759	0	0.81727	0.61314	1.02141	0	1	0	1	0	0	0.97	0.81474	1	0.02	0	0.16479	1	0	0	0	0	0	1
AC-P02-TP-NT-SM-63B4K-SM-63B4L	18	42449221	51025773	349	8576552	0.01302	0.00317	1.0186	2	2	0	0	2	1.95259748743563	0	1.0186	1.0186	1.0186	1	1	1	1	0	0	0.02	0	0.08327	0.02	0	0.08327	0	0	0	0	0	1	1
AC-P02-TP-NT-SM-63B4K-SM-63B4L	18	51056978	60612422	227	9555444	0.01273	0.00353	0.80248	1	1	0	0	1	0.944486238069676	0	0.80248	0.63605	0.96891	0	1	0	1	0	0	0.92	0.6208	1	0.14	0.00212	0.41676	1	0	0	0	0	0	1
AC-P02-TP-NT-SM-63B4K-SM-63B4L	18	60639843	67992708	177	7352865	0.01861	0.00272	1.03745	2	2	0	0	2	2.04052501404376	0	1.03745	0.59165	1.48325	0	2	0	2	0	0	1	0.85127	1	0.06	0	0.19932	1	0	0	0	0	0	2
AC-P02-TP-NT-SM-63B4K-SM-63B4L	18	70205947	77804248	152	7598301	0.01595	0.00281	0.82302	1	1	0	0	1	1.04029692223577	0	0.82302	0.60198	1.04406	0	1	0	1	0	0	1	0.82914	1	0.04	0	0.18482	1	0	0	0	0	0	1
AC-P02-TP-NT-SM-63B4K-SM-63B4L	18	77875479	77960703	5	85224	0.11584	3e-05	1.08542	2	2.37016	0	0	2.37016	2.26428540934306	0	1.08542	0.47519	1.69565	0	2	0.25695	2.24818	0	0	1	0.04724	0.9839	0.56	0.02014	0.97245	1	0	0	0	0	0.25695	2.24818
AC-P02-TP-NT-SM-63B4K-SM-63B4L	19	111137	10226427	1478	10115290	0.00636	0.00374	1.02461	2	2	0	0	2	1.98063167496427	0	1.02461	1.0246	1.02463	1	1	1	1	0	0	0.01	0	0.05767	0.01	0	0.05763	0	0	0	0	0	1	1
AC-P02-TP-NT-SM-63B4K-SM-63B4L	19	10229373	10249197	5	19824	0.15764	1e-05	1.47865	4	4.07882	0	0	4.07882	4.09854224160372	NA	NA	NA	NA	NA	NA	NA	NA	NA	NA	NA	NA	NA	NA	NA	NA	NA	NA	NA	NA	NA	NA	NA
AC-P02-TP-NT-SM-63B4K-SM-63B4L	19	10250862	10284563	22	33701	0.10154	1e-05	1.99924	6	6.38407	0	0	6.38407	6.52688129077742	0	1.99924	0.94617	3.05232	1	4	0.9445	4.31228	0	0	0.19	0.01369	0.96863	0.72	0.0201	0.97538	0	0	0	0	0	0.9445	4.31228
AC-P02-TP-NT-SM-63B4K-SM-63B4L	19	10288005	15290974	902	5002969	0.00813	0.00185	1.02306	2	2	0	0	2	1.97340156004424	0	1.02306	1.02306	1.02306	1	1	1	1	0	0	0.01	0	0.06836	0.01	0	0.06836	0	0	0	0	0	1	1
AC-P02-TP-NT-SM-63B4K-SM-63B4L	19	15296143	15383767	32	87624	0.03425	3e-05	0.81075	1	1	0	0	1	0.983062399610748	0	0.81075	0.81075	0.81075	1	1	0.5095	0.5095	0	0	0.51	0.07348	0.9239	0.51	0.07348	0.9239	0	0	0	0	0	0.5095	0.5095
AC-P02-TP-NT-SM-63B4K-SM-63B4L	19	15469825	22836769	825	7366944	0.00848	0.00272	1.02008	2	2	0	0	2	1.95950108103669	0	1.02008	1.02008	1.02008	1	1	1	1	0	0	0.02	0	0.07168	0.02	0	0.07168	0	0	0	0	0	1	1
AC-P02-TP-NT-SM-63B4K-SM-63B4L	19	22939095	22941065	4	1970	0.16566	0	1.38955	4	3.71288	0	0	3.71288	3.68292724845868	NA	NA	NA	NA	NA	NA	NA	NA	NA	NA	NA	NA	NA	NA	NA	NA	NA	NA	NA	NA	NA	NA	NA
AC-P02-TP-NT-SM-63B4K-SM-63B4L	19	22952062	45183582	1828	22231520	0.00563	0.00821	1.00768	2	2	0	0	2	1.90166016167644	0	1.00768	1.00768	1.00768	1	1	1	1	0	0	0.05	0	0.09557	0.05	0	0.09557	0	0	0	0	0	1	1
AC-P02-TP-NT-SM-63B4K-SM-63B4L	19	45208998	55317552	1571	10108554	0.00627	0.00373	1.04144	2	2	0	0	2	2.059136729225	0	1.04144	0.96099	1.12188	1	1	1	1	0	1	0.16	0.03703	0.27269	0.22	0.09276	0.33164	0	0	0	0	0	1	1
AC-P02-TP-NT-SM-63B4K-SM-63B4L	19	55325431	59082558	469	3757127	0.0121	0.00139	1.09793	2	2	0	0	2	2.32263943363312	0	1.09793	0.94239	1.25346	1	2	1	1.99992	1	1	0.2	0.0987	0.29447	0.52	0.42127	0.61703	0	0	0	0	0	1	1.99992
AC-P02-TP-NT-SM-63B4K-SM-63B4L	20	76851	480527	48	403676	0.03452	0.00015	1.00186	2	2	0	0	2	1.87451224629929	0	1.00186	1.00186	1.00186	1	1	1	1	0	0	0.06	0	0.16269	0.06	0	0.16269	0	0	0	0	0	1	1
AC-P02-TP-NT-SM-63B4K-SM-63B4L	20	629459	25666694	1049	25037235	0.00605	0.00925	0.81962	1	1	0	0	1	1.02443731531441	0	0.81962	0.6052	1.03404	0	1	0	1	0	0	0.99	0.90388	1	0.01	0	0.08624	1	0	0	0	0	0	1
AC-P02-TP-NT-SM-63B4K-SM-63B4L	20	29847348	62904763	2389	33057415	0.00484	0.01221	0.99012	2	2	0	0	2	1.81974995651789	0	0.99012	0.99012	0.99012	1	1	1	1	0	0	0.09	0.03582	0.13447	0.09	0.03582	0.13447	0	0	0	0	0	1	1
AC-P02-TP-NT-SM-63B4K-SM-63B4L	21	10862908	48084222	1384	37221314	0.00659	0.01375	1.02635	2	2	0	0	2	1.98874806203579	0	1.02635	1.02635	1.02635	1	1	1	1	0	0	0.01	0	0.05687	0.01	0	0.05687	0	0	0	0	0	1	1
AC-P02-TP-NT-SM-63B4K-SM-63B4L	22	16282534	18653603	108	2371069	0.02733	0.00088	1.19068	3	3	0	0	3	2.75528018126727	0	1.19068	1.14282	1.23854	1	1	1.00004	1.33633	0	1	0.27	0.02594	0.56347	0.49	0.18587	0.78327	0	0	0	0	0	1.00004	1.33633
AC-P02-TP-NT-SM-63B4K-SM-63B4L	22	18659561	21947197	188	3287636	0.01825	0.00121	1.04855	2	2	0	0	2	2.09230196605172	0	1.04855	1.04813	1.04897	1	1	1	1	0	0	0.05	0	0.12656	0.05	0	0.12818	0	0	0	0	0	1	1
AC-P02-TP-NT-SM-63B4K-SM-63B4L	22	21968873	22989287	71	1020414	0.03625	0.00038	1.28055	3	3.00003	0	0	3.00003	3.17448690892097	0	1.28055	1.03873	1.52236	1	2	1	2	0	0	0.02	0	0.27115	0.15	0.00488	0.37899	0	0	0	0	0	1	2
AC-P02-TP-NT-SM-63B4K-SM-63B4L	22	22990137	23241816	19	251679	0.05359	9e-05	0.97844	2	1.99184	0	0	1.99184	1.76526754215275	0	0.97844	0.72589	1.231	0	1	0	1.07347	0	1	0.71	0.48418	0.91227	0.47	0.24985	0.68369	1	0	0	0	0	0	1.07347
AC-P02-TP-NT-SM-63B4K-SM-63B4L	22	23247186	23917211	40	670025	0.04716	0.00025	1.2506	3	3.00009	0	0	3.00009	3.03478243030487	0	1.2506	0.99278	1.50842	1	2	0.99989	2.00015	0	0	0.08	0	0.54014	0.12	0.00126	0.56773	0	0	0	0	0	0.99989	2.00015
AC-P02-TP-NT-SM-63B4K-SM-63B4L	22	24300558	29195092	273	4894534	0.01481	0.00181	1.02514	2	2	0	0	2	1.98310390780789	0	1.02514	1.02514	1.02514	1	1	1	1	0	0	0.01	0	0.08806	0.01	0	0.08806	0	0	0	0	0	1	1
AC-P02-TP-NT-SM-63B4K-SM-63B4L	22	29439352	30572103	138	1132751	0.0254	0.00042	1.25093	3	3	0	0	3	3.0363217450943	0	1.25093	1.04815	1.45372	1	2	1	2	0	0	0.05	0	0.41991	0.99	0.59649	1	0	0	0	0	0	1	2
AC-P02-TP-NT-SM-63B4K-SM-63B4L	22	30640832	31345782	124	704950	0.02192	0.00026	1.02249	2	2	0	0	2	1.97074274358977	0	1.02249	1.02247	1.02252	1	1	1	1	0	0	0.01	0	0.09201	0.01	0	0.09191	0	0	0	0	0	1	1
AC-P02-TP-NT-SM-63B4K-SM-63B4L	22	31484723	34157410	239	2672687	0.01914	0.00099	1.24025	3	3	0	0	3	2.98650392100015	0	1.24025	1.00833	1.47217	1	2	1	2	0	0	0.05	0	0.29914	0.03	0	0.28876	0	0	0	0	0	1	2
AC-P02-TP-NT-SM-63B4K-SM-63B4L	22	35481566	38028466	219	2546900	0.01679	0.00094	1.04095	2	2	0	0	2	2.05685107999221	0	1.04095	1.04095	1.04095	1	1	1	1	0	0	0.03	0	0.09824	0.03	0	0.09824	0	0	0	0	0	1	1
AC-P02-TP-NT-SM-63B4K-SM-63B4L	22	38038731	39928463	254	1889732	0.01869	7e-04	1.24893	3	3	0	0	3	3.02699256455233	0	1.24893	1.05003	1.44782	1	2	1	2	0	0	0.05	0	0.38981	0.98	0.62029	1	0	0	0	0	0	1	2
AC-P02-TP-NT-SM-63B4K-SM-63B4L	22	39996591	47433030	639	7436439	0.01005	0.00275	1.06459	2	2	0	0	2	2.16712199399837	0	1.06459	1.06459	1.06459	1	1	1	1	0	0	0.08	0.00707	0.1579	0.08	0.00707	0.1579	0	0	0	0	0	1	1
AC-P02-TP-NT-SM-63B4K-SM-63B4L	22	47569204	50479660	35	2910456	0.05191	0.00107	1.28754	3	3.00879	0	0	3.00879	3.20709239491518	0	1.28754	1.02687	1.54822	1	2	1	2	0	0	0	0	0.22766	0.21	0.02884	0.40925	0	0	0	0	0	1	2
AC-P02-TP-NT-SM-63B4K-SM-63B4L	22	50487714	51237387	254	749673	0.01554	0.00028	1.03794	2	2	0	0	2	2.04281066327654	0	1.03794	1.03794	1.03794	1	1	1	1	0	0	0.02	0	0.12313	0.02	0	0.12313	0	0	0	0	0	1	1
