sample	Chromosome	Start.bp	End.bp	n_probes	length	seg_sigma	W	total_copy_ratio	modal_total_cn	expected_total_cn	total_HZ	total_amp	corrected_total_cn	rescaled_total_cn	bi.allelic	copy.ratio	hscr.a1	hscr.a2	modal.a1	modal.a2	expected.a1	expected.a2	subclonal.a1	subclonal.a2	cancer.cell.frac.a1	ccf.ci95.low.a1	ccf.ci95.high.a1	cancer.cell.frac.a2	ccf.ci95.low.a2	ccf.ci95.high.a2	LOH	HZ	SC_HZ	amp.a1	amp.a2	rescaled.cn.a1	rescaled.cn.a2
AC-P04-TR-NT-SM-63B4Q-SM-63B4P	1	69549	6741032	529	6671483	0.01198	0.002419975800242	1.11452	3	3	0	0	3	3.3534272405201	0	1.11452	0.88424	1.34481	1	2	1	2	0	0	0.81	0.65254	0.94902	0.16	0.02196	0.30954	0	0	0	0	0	1	2
AC-P04-TR-NT-SM-63B4Q-SM-63B4P	1	6885210	11199652	360	4314442	0.01416	0.001569984300157	1.08641	3	3	0	0	3	3.23478348110433	0	1.08641	0.75087	1.42194	1	2	1	2	0	1	0.09	0	0.24679	0.33	0.16357	0.47736	0	0	0	0	0	1	2
AC-P04-TR-NT-SM-63B4Q-SM-63B4P	1	11205063	13425257	280	2220194	0.015	0.000809991900080999	1.01475	3	3	0	0	3	2.93232841885835	0	1.01475	0.81144	1.21805	1	2	1	2	0	0	0.96	0.7777	1	0.1	0.00022	0.27041	0	0	0	0	0	1	2
AC-P04-TR-NT-SM-63B4Q-SM-63B4P	1	13449848	66036320	4245	52586472	0.00404	0.019079809201908	1.06455	3	3	0	0	3	3.14251907054478	0	1.06455	0.79771	1.3314	1	2	1	2	0	1	0.99	0.9188	1	0.13	0.06644	0.19217	0	0	0	0	0	1	2
AC-P04-TR-NT-SM-63B4Q-SM-63B4P	1	66062203	67786089	99	1723886	0.02352	0.000629993700062999	0.9459	3	3	0	0	3	2.64173351185814	0	0.9459	0.9459	0.9459	1	1	1	1	1	0	0.68	0.45495	0.88985	0.68	0.45495	0.88985	0	0	0	0	0	1	1
AC-P04-TR-NT-SM-63B4Q-SM-63B4P	1	67792474	76262792	241	8470318	0.01727	0.003069969300307	1.08392	3	3	0	0	3	3.22427394852001	0	1.08392	0.73663	1.43121	1	2	1	2	0	1	0.12	0.00286	0.28796	0.35	0.17075	0.50934	0	0	0	0	0	1	2
AC-P04-TR-NT-SM-63B4Q-SM-63B4P	1	76272745	86852653	327	10579908	0.01405	0.003839961600384	1.02726	3	3	0	0	3	2.98512932352898	0	1.02726	0.80397	1.25055	1	2	1	2	0	0	0.98	0.85058	1	0.04	0	0.15157	0	0	0	0	0	1	2
AC-P04-TR-NT-SM-63B4Q-SM-63B4P	1	86891090	86904673	6	13583	0.14456	0	1.43304	5	4.79834	0	0	4.79834	4.69780327214984	0	1.43304	1.14344	1.72265	2	3	1.791	2.89607	0	0	0.26	0.01218	0.92642	0.96	0.12143	0.98583	0	0	0	0	0	1.791	2.89607
AC-P04-TR-NT-SM-63B4Q-SM-63B4P	1	86909581	103548444	729	16638863	0.00949	0.00603993960060399	1.03596	3	3	0	0	3	3.02184937713685	0	1.03596	0.81309	1.25882	1	2	1	2	0	0	0.96	0.83445	1	0.02	0	0.13772	0	0	0	0	0	1	2
AC-P04-TR-NT-SM-63B4Q-SM-63B4P	1	104114804	104163239	14	48435	0.10384	1.9999800002e-05	1.5728	5	5.25231	0	0	5.25231	5.28768771953328	NA	NA	NA	NA	NA	NA	NA	NA	NA	NA	NA	NA	NA	NA	NA	NA	NA	NA	NA	NA	NA	NA	NA
AC-P04-TR-NT-SM-63B4Q-SM-63B4P	1	104164465	144923755	845	40759290	0.00899	0.014789852101479	1.05613	3	3	0	0	3	3.10698081176567	0	1.05613	0.81512	1.29715	1	2	1	2	0	0	0.96	0.8675	1	0.06	0	0.13851	0	0	0	0	0	1	2
AC-P04-TR-NT-SM-63B4Q-SM-63B4P	1	144931145	145015935	7	84790	0.09272	2.9999700003e-05	0.99157	3	2.98135	0	0	2.98135	2.83449268982038	0	0.99157	0.21227	1.77088	0	3	0.00563	2.98936	0	0	1	0.34149	1	0.06	0.00297	0.80426	1	0	0	0	0	0.00563	2.98936
AC-P04-TR-NT-SM-63B4Q-SM-63B4P	1	145021139	151849538	714	6828399	0.00981	0.002479975200248	1.06034	3	3	0	0	3	3.12474994115523	0	1.06034	1.02037	1.10032	1	2	1.17517	1.99996	1	1	0.52	0.28096	0.75303	0.35	0.11498	0.58449	0	0	0	0	0	1.17517	1.99996
AC-P04-TR-NT-SM-63B4Q-SM-63B4P	1	151861769	153362940	64	1501171	0.0419	0.000539994600053999	1.35625	4	4.02964	0	0	4.02964	4.37369604036268	0	1.35625	0.93817	1.77433	1	3	1	3	1	0	0.7	0.48093	0.89677	0.07	0	0.28622	0	0	0	0	0	1	3
AC-P04-TR-NT-SM-63B4Q-SM-63B4P	1	153391702	161029454	1386	7637752	0.00701	0.002769972300277	1.05492	3	3	0	0	3	3.10187376982711	0	1.05492	0.83992	1.26993	1	2	1	2	0	0	0.9	0.80952	0.9787	0	0	0.09792	0	0	0	0	0	1	2
AC-P04-TR-NT-SM-63B4Q-SM-63B4P	1	161042562	161059046	8	16484	0.13313	9.99990000099999e-06	1.5242	5	5.12584	0	0	5.12584	5.08256190282725	NA	NA	NA	NA	NA	NA	NA	NA	NA	NA	NA	NA	NA	NA	NA	NA	NA	NA	NA	NA	NA	NA	NA
AC-P04-TR-NT-SM-63B4Q-SM-63B4P	1	161069215	161565361	131	496146	0.02188	0.000179998200018	1.01217	3	3	0	0	3	2.9214390236505	0	1.01217	1.01217	1.01217	1	1	1.00003	1.00003	1	1	0.54	0.41425	0.65432	0.54	0.41425	0.65432	0	0	0	0	0	1.00003	1.00003
AC-P04-TR-NT-SM-63B4Q-SM-63B4P	1	161594366	161642891	7	48525	0.13098	1.9999800002e-05	1.40246	5	4.66944	0	0	4.66944	4.56873439406609	NA	NA	NA	NA	NA	NA	NA	NA	NA	NA	NA	NA	NA	NA	NA	NA	NA	NA	NA	NA	NA	NA	NA
AC-P04-TR-NT-SM-63B4Q-SM-63B4P	1	161643902	201195101	1745	39551199	0.0062	0.014349856501435	1.04677	3	3	0	0	3	3.06747509891858	0	1.04677	0.80565	1.2879	1	2	1	2	0	0	0.98	0.89994	1	0.04	0	0.10663	0	0	0	0	0	1	2
AC-P04-TR-NT-SM-63B4Q-SM-63B4P	1	201197520	201330451	11	132931	0.11513	4.99995000049999e-05	1.54569	5	5.17475	0	0	5.17475	5.1732646559345	NA	NA	NA	NA	NA	NA	NA	NA	NA	NA	NA	NA	NA	NA	NA	NA	NA	NA	NA	NA	NA	NA	NA
AC-P04-TR-NT-SM-63B4Q-SM-63B4P	1	201334376	206756655	586	5422279	0.01109	0.001969980300197	1.08581	3	3	0	0	3	3.23225106361413	0	1.08581	0.87456	1.29705	1	2	1	2	0	0	0.83	0.66201	0.96806	0.06	0	0.22719	0	0	0	0	0	1	2
AC-P04-TR-NT-SM-63B4Q-SM-63B4P	1	206758569	206767054	4	8485	0.18583	0	1.50439	5	5.10421	0	0	5.10421	4.99894991869255	NA	NA	NA	NA	NA	NA	NA	NA	NA	NA	NA	NA	NA	NA	NA	NA	NA	NA	NA	NA	NA	NA	NA
AC-P04-TR-NT-SM-63B4Q-SM-63B4P	1	206770497	207700185	123	929688	0.02379	0.000339996600034	1.06672	3	3	0	0	3	3.15167798046767	0	1.06672	1.06672	1.06672	2	2	1.96769	1.96769	1	1	0.42	0.13246	0.71041	0.42	0.13246	0.71041	0	0	0	0	0	1.96769	1.96769
AC-P04-TR-NT-SM-63B4Q-SM-63B4P	1	207702103	207734282	14	32179	0.0982	9.99990000099999e-06	1.48713	5	4.97963	0	0	4.97963	4.92610070889119	NA	NA	NA	NA	NA	NA	NA	NA	NA	NA	NA	NA	NA	NA	NA	NA	NA	NA	NA	NA	NA	NA	NA
AC-P04-TR-NT-SM-63B4Q-SM-63B4P	1	207737527	228646020	1018	20908493	0.00823	0.00758992410075899	1.0611	3	3	0	0	3	3.12795766997614	0	1.0611	0.86528	1.25691	1	2	1	2	0	0	0.85	0.74116	0.94629	0.02	0	0.12865	0	0	0	0	0	1	2
AC-P04-TR-NT-SM-63B4Q-SM-63B4P	1	228879259	231125932	137	2246673	0.02129	0.000819991800081999	1.00717	3	3	0	0	3	2.90033554456552	0	1.00717	0.73045	1.28389	1	2	1	2	0	0	0.13	0.00153	0.41329	0.03	0	0.3317	0	0	0	0	0	1	2
AC-P04-TR-NT-SM-63B4Q-SM-63B4P	1	231132937	249211681	755	18078744	0.00924	0.00655993440065599	1.02685	3	3	0	0	3	2.98339883824401	0	1.02685	0.83515	1.21854	1	2	1	2	0	0	0.91	0.82586	0.98178	0.1	0.0203	0.18005	0	0	0	0	0	1	2
AC-P04-TR-NT-SM-63B4Q-SM-63B4P	2	45912	17947900	473	17901988	0.01396	0.00649993500064999	1.22774	4	4	0	0	4	3.83129442092045	0	1.22774	0.74494	1.71055	1	3	1	3	0	0	0.1	0.00485	0.21532	0.93	0.81054	1	0	0	0	0	0	1	3
AC-P04-TR-NT-SM-63B4Q-SM-63B4P	2	17950041	50318546	1696	32368505	0.00616	0.011739882601174	1.02567	3	3	0	0	3	2.97841841717996	0	1.02567	0.79593	1.2554	1	2	1	2	0	0	1	0.90485	1	0.03	0	0.10205	0	0	0	0	0	1	2
AC-P04-TR-NT-SM-63B4Q-SM-63B4P	2	50573957	50723137	3	149180	0.10588	4.99995000049999e-05	0.74024	2	2.0018	0	0	2.0018	1.77370521013463	NA	NA	NA	NA	NA	NA	NA	NA	NA	NA	NA	NA	NA	NA	NA	NA	NA	NA	NA	NA	NA	NA	NA
AC-P04-TR-NT-SM-63B4Q-SM-63B4P	2	50765582	61121605	238	10356023	0.01614	0.003759962400376	1.00674	3	3	0	0	3	2.89852064536421	0	1.00674	0.77039	1.24309	1	2	1	2	0	0	0.05	0	0.22905	0.05	0	0.23104	0	0	0	0	0	1	2
AC-P04-TR-NT-SM-63B4Q-SM-63B4P	2	61145377	63666947	167	2521570	0.02063	0.000909990900090999	1.07787	3	3	0	0	3	3.19873873882718	0	1.07787	1.07787	1.07787	2	2	1.99674	1.99674	1	1	0.4	0.14036	0.65325	0.4	0.14036	0.65325	0	0	0	0	0	1.99674	1.99674
AC-P04-TR-NT-SM-63B4Q-SM-63B4P	2	63720031	95847350	1132	32127319	0.00745	0.011659883401166	1.01265	3	3	0	0	3	2.92346495764266	0	1.01265	0.7813	1.244	1	2	1	2	0	0	0.03	0	0.11513	0.05	0	0.13568	0	0	0	0	0	1	2
AC-P04-TR-NT-SM-63B4Q-SM-63B4P	2	95941778	95954712	13	12934	0.09317	0	1.35933	4	4.40256	0	0	4.40256	4.38669578347903	NA	NA	NA	NA	NA	NA	NA	NA	NA	NA	NA	NA	NA	NA	NA	NA	NA	NA	NA	NA	NA	NA	NA
AC-P04-TR-NT-SM-63B4Q-SM-63B4P	2	96040105	99725876	318	3685771	0.01349	0.001339986600134	0.97242	3	3	0	0	3	2.75366636492489	0	0.97242	0.72917	1.21567	1	2	0.99999	1.99999	0	0	0.14	0.00175	0.50984	0.11	9e-05	0.48776	0	0	0	0	0	0.99999	1.99999
AC-P04-TR-NT-SM-63B4Q-SM-63B4P	2	99767121	110372855	402	10605734	0.01277	0.003849961500385	1.03531	3	3	0	0	3	3.0191059248558	0	1.03531	0.87052	1.20011	1	2	1	2	0	0	0.84	0.61784	0.98175	0.14	0.00423	0.35433	0	0	0	0	0	1	2
AC-P04-TR-NT-SM-63B4Q-SM-63B4P	2	110561064	112740494	135	2179430	0.02051	0.000789992100078999	0.96302	3	3	0	0	3	2.71399182424512	0	0.96302	0.52004	1.406	1	2	0.58129	2.15673	0	0	0.58	0.02707	0.97095	0.29	0.01395	0.9541	0	0	0	0	0	0.58129	2.15673
AC-P04-TR-NT-SM-63B4Q-SM-63B4P	2	112752039	131801090	607	19049051	0.01056	0.00690993090069099	1.05174	3	3	0	0	3	3.08845195712906	0	1.05174	0.83312	1.27036	1	2	1	2	0	0	0.92	0.77819	1	0.01	0	0.14756	0	0	0	0	0	1	2
AC-P04-TR-NT-SM-63B4Q-SM-63B4P	2	131803686	135884189	95	4080503	0.02537	0.001479985200148	0.99941	3	3	0	0	3	2.86758294502563	0	0.99941	0.57779	1.42104	1	2	0.84951	2.004	1	0	0.46	0.10156	0.81595	0.32	0.03248	0.69131	0	0	0	0	0	0.84951	2.004
AC-P04-TR-NT-SM-63B4Q-SM-63B4P	2	135888206	136473191	37	584985	0.04434	0.000209997900021	1.09062	3	3.00222	0	0	3.00222	3.25255261049388	0	1.09062	0.44491	1.73633	0	3	3e-05	3	0	0	0.74	0.44238	0.96228	0.99	0.66069	1	1	0	0	0	0	3e-05	3
AC-P04-TR-NT-SM-63B4Q-SM-63B4P	2	136505887	169833141	1018	33327254	0.00772	0.012089879101209	0.99625	3	3	0	0	3	2.85424554624392	0	0.99625	0.33564	1.65685	0	3	0	3	0	1	0.97	0.89797	1	0.82	0.75355	0.87856	1	0	0	0	0	0	3
AC-P04-TR-NT-SM-63B4Q-SM-63B4P	2	169847372	178592826	516	8745454	0.011	0.003169968300317	1.0101	3	3	0	0	3	2.91270218330932	0	1.0101	0.30849	1.71172	0	3	0	3	0	0	1	0.91882	1	0.94	0.84936	1	1	0	0	0	0	0	3
AC-P04-TR-NT-SM-63B4Q-SM-63B4P	2	178705043	186689183	530	7984140	0.01202	0.00289997100029	1.11916	3	3	0	0	3	3.37301126911096	0	1.11916	0.40936	1.82897	0	3	0	3	1	1	0.81	0.7213	0.89155	0.18	0.09405	0.26487	1	0	0	0	0	0	3
AC-P04-TR-NT-SM-63B4Q-SM-63B4P	2	187366075	220090213	1752	32724138	0.00513	0.011869881301187	0.86673	2	2	0	0	2	2.30758102402653	0	0.86673	0.38842	1.34503	0	2	0	2	1	1	0.86	0.78761	0.91377	0.16	0.09494	0.22087	1	0	0	0	0	0	2
AC-P04-TR-NT-SM-63B4Q-SM-63B4P	2	220092513	223436665	207	3344152	0.01578	0.001209987900121	0.91737	3	2.98743	0	0	2.98743	2.52131706019923	0	0.91737	0.34532	1.48942	0	2	0	2.00029	0	1	0.95	0.80832	1	0.47	0.33504	0.59039	1	0	0	0	0	0	2.00029
AC-P04-TR-NT-SM-63B4Q-SM-63B4P	2	223478588	239307477	776	15828889	0.00758	0.00573994260057399	0.85272	2	2	0	0	2	2.2484490756304	0	0.85272	0.37615	1.32929	0	2	0	2	0	0	0.88	0.80359	0.94884	0.13	0.05226	0.19774	1	0	0	0	0	0	2
AC-P04-TR-NT-SM-63B4Q-SM-63B4P	2	239344502	241536228	70	2191726	0.02804	0.000799992000079999	0.94813	3	2.99997	0	0	2.99997	2.65114566353004	0	0.94813	0.25531	1.64096	0	3	0	3	0	0	1	0.81457	1	0.79	0.55312	0.96854	1	0	0	0	0	0	3
AC-P04-TR-NT-SM-63B4Q-SM-63B4P	2	241537791	242814645	169	1276854	0.01622	0.000459995400046	0.85189	2	2	0	0	2	2.2449458981023	0	0.85189	0.34619	1.35759	0	2	0	2	0	1	0.94	0.82824	1	0.19	0.07664	0.29286	1	0	0	0	0	0	2
AC-P04-TR-NT-SM-63B4Q-SM-63B4P	3	369943	121643835	5215	121273892	0.00268	0.0439995600044	0.78073	2	2	0	0	2	1.94460118376482	0	0.78073	0.78073	0.78073	1	1	1	1	0	0	0.03	0	0.06668	0.03	0	0.06668	0	0	0	0	0	1	1
AC-P04-TR-NT-SM-63B4Q-SM-63B4P	3	121649741	121659765	4	10024	0.14895	0	1.20504	4	3.9338	0	0	3.9338	3.73548462587463	NA	NA	NA	NA	NA	NA	NA	NA	NA	NA	NA	NA	NA	NA	NA	NA	NA	NA	NA	NA	NA	NA	NA
AC-P04-TR-NT-SM-63B4Q-SM-63B4P	3	121720227	136573921	991	14853694	0.00608	0.00538994610053899	0.77321	2	2	0	0	2	1.91286155122101	0	0.77321	0.77289	0.77354	1	1	1	1	0	0	0.04	0	0.09202	0.04	0	0.09022	0	0	0	0	0	1	1
AC-P04-TR-NT-SM-63B4Q-SM-63B4P	3	136664780	184106451	1691	47441671	0.00573	0.017209827901721	0.95235	3	3	0	0	3	2.66895699987777	0	0.95235	0.7727	1.13199	1	2	1	2	0	1	0.04	0	0.11672	0.29	0.20599	0.35682	0	0	0	0	0	1	2
AC-P04-TR-NT-SM-63B4Q-SM-63B4P	3	184290627	190326876	275	6036249	0.01562	0.002189978100219	1.04756	3	3	0	0	3	3.07080944861401	0	1.04756	0.78492	1.31019	1	2	1	2	0	0	0.02	0	0.13576	0.09	0.0013	0.19787	0	0	0	0	0	1	2
AC-P04-TR-NT-SM-63B4Q-SM-63B4P	3	190341168	192635520	25	2294352	0.05146	0.000829991700082999	1.04015	3	3.00015	0	0	3.00015	3.03953409261007	0	1.04015	1.04015	1.04015	2	2	1.93387	1.93387	1	1	0.48	0.30677	0.64369	0.48	0.30677	0.64369	0	0	0	0	0	1.93387	1.93387
AC-P04-TR-NT-SM-63B4Q-SM-63B4P	3	192980891	196033848	223	3052957	0.01744	0.001109988900111	1.05269	3	3	0	0	3	3.0924616181552	0	1.05269	0.79513	1.31025	1	2	1	2	0	0	1	0.8212	1	0.09	0	0.24009	0	0	0	0	0	1	2
AC-P04-TR-NT-SM-63B4Q-SM-63B4P	3	196051226	196083636	3	32410	0.20282	9.99990000099999e-06	1.42169	5	4.83054	0	0	4.83054	4.64989837462693	0	1.42169	1.42169	1.42169	2	2	2.1767	2.1767	0	0	0.32	0.01509	0.95932	0.32	0.01509	0.95932	0	0	0	0	0	2.1767	2.1767
AC-P04-TR-NT-SM-63B4Q-SM-63B4P	3	196089361	197765487	139	1676126	0.02182	0.000609993900060999	1.03982	3	3	0	0	3	3.03814126299046	0	1.03982	0.78036	1.29929	1	2	1	2	0	0	0.03	0	0.24912	0.07	0	0.2794	0	0	0	0	0	1	2
AC-P04-TR-NT-SM-63B4Q-SM-63B4P	4	59385	15937902	706	15878517	0.00822	0.00575994240057599	0.88263	2	2	0	0	2	2.37469008751677	0	0.88263	0.27162	1.49363	0	2	0	2	1	1	NA	NA	NA	0.48	0.40512	0.53818	1	0	0	0	0	0	2
AC-P04-TR-NT-SM-63B4Q-SM-63B4P	4	15989312	27162477	271	11173165	0.01222	0.004049959500405	0.81265	2	2	0	0	2	2.07932579424335	0	0.81265	0.30957	1.31572	0	2	0	2	0	0	1	0.8993	1	0.1	0.0096	0.19485	1	0	0	0	0	0	2
AC-P04-TR-NT-SM-63B4Q-SM-63B4P	4	30732392	42088120	267	11355728	0.0131	0.004119958800412	0.86457	2	2	0	0	2	2.29846432106181	0	0.86457	0.27985	1.44929	0	2	0	2	0	1	1	0.95498	1	0.38	0.30576	0.44998	1	0	0	0	0	0	2
AC-P04-TR-NT-SM-63B4Q-SM-63B4P	4	42127645	68459025	598	26331380	0.00855	0.00954990450095499	0.84443	2	2	0	0	2	2.2134595073075	0	0.84443	0.31272	1.37614	0	2	0	2	0	1	1	0.90601	1	0.23	0.13558	0.31183	1	0	0	0	0	0	2
AC-P04-TR-NT-SM-63B4Q-SM-63B4P	4	68703968	69342067	29	638099	0.04611	0.000229997700023	1.00364	3	2.99998	0	0	2.99998	2.88543648833152	0	1.00364	0.29103	1.71626	0	3	0	3	0	0	1	0.87339	1	0.95	0.79405	1	1	0	0	0	0	0	3
AC-P04-TR-NT-SM-63B4Q-SM-63B4P	4	69344637	75067033	299	5722396	0.01178	0.002079979200208	0.82269	2	2	0	0	2	2.121701580246	0	0.82269	0.32164	1.32374	0	2	0	2	0	0	1	0.85478	1	0.12	0.00997	0.23562	1	0	0	0	0	0	2
AC-P04-TR-NT-SM-63B4Q-SM-63B4P	4	75147204	75174840	3	27636	0.16538	9.99990000099999e-06	1.15849	4	3.80134	0	0	3.80134	3.53901123559344	NA	NA	NA	NA	NA	NA	NA	NA	NA	NA	NA	NA	NA	NA	NA	NA	NA	NA	NA	NA	NA	NA	NA
AC-P04-TR-NT-SM-63B4Q-SM-63B4P	4	75178821	79440559	247	4261738	0.01314	0.001549984500155	0.83378	2	2	0	0	2	2.16850909685649	0	0.83378	0.34107	1.3265	0	2	0	2	0	0	0.96	0.84498	1	0.12	0.02248	0.2203	1	0	0	0	0	0	2
AC-P04-TR-NT-SM-63B4Q-SM-63B4P	4	79442730	82092901	67	2650171	0.02519	0.000959990400095999	0.83278	2	2	0	0	2	2.16428840103949	0	0.83278	0.12069	1.54486	0	3	0	2.99999	1	1	NA	NA	NA	0.58	0.41621	0.74354	1	0	0	0	0	0	2.99999
AC-P04-TR-NT-SM-63B4Q-SM-63B4P	4	82096029	87724935	237	5628906	0.01412	0.002039979600204	0.8781	2	2	0	0	2	2.35557033546578	0	0.8781	0.3521	1.4041	0	2	0	2	0	1	0.93	0.78613	1	0.29	0.14642	0.41906	1	0	0	0	0	0	2
AC-P04-TR-NT-SM-63B4Q-SM-63B4P	4	87731029	87812640	9	81611	0.09629	2.9999700003e-05	1.1684	4	3.75551	0	0	3.75551	3.58083833113988	0	1.1684	0.37067	1.96613	0	3	0.53074	2.9768	0	0	0.89	0.02977	0.97868	0.47	0.01815	0.97065	1	0	0	0	0	0.53074	2.9768
AC-P04-TR-NT-SM-63B4Q-SM-63B4P	4	87968296	104640558	539	16672262	0.00915	0.00604993950060499	0.85804	2	2	0	0	2	2.27090317737683	0	0.85804	0.32508	1.39101	0	2	0	2	0	1	0.99	0.89863	1	0.26	0.17633	0.33409	1	0	0	0	0	0	2
AC-P04-TR-NT-SM-63B4Q-SM-63B4P	4	105412176	191012705	2085	85600529	0.00488	0.031059689403106	0.90015	2	2	0	0	2	2.44863667823055	0	0.90015	0.30665	1.49364	0	2	0	2	0	1	1	0.95325	1	0.48	0.41967	0.52471	1	0	0	0	0	0	2
AC-P04-TR-NT-SM-63B4Q-SM-63B4P	5	143556	16668481	529	16524925	0.01042	0.00599994000059999	0.96895	3	3	0	0	3	2.73902055043991	0	0.96895	0.72298	1.21491	1	2	1	2	1	0	0.15	0.03976	0.2516	0.11	0.01141	0.21399	0	0	0	0	0	1	2
AC-P04-TR-NT-SM-63B4Q-SM-63B4P	5	16671590	32101277	126	15429687	0.02213	0.00559994400055999	1.00406	3	3	0	0	3	2.88720918057466	0	1.00406	0.93486	1.07326	1	2	1.00064	1.96105	0	1	0.7	0.36896	0.95809	0.41	0.09505	0.73134	0	0	0	0	0	1.00064	1.96105
AC-P04-TR-NT-SM-63B4Q-SM-63B4P	5	32126529	32143920	3	17391	0.21165	9.99990000099999e-06	1.48381	5	5.05757	0	0	5.05757	4.91208799877876	NA	NA	NA	NA	NA	NA	NA	NA	NA	NA	NA	NA	NA	NA	NA	NA	NA	NA	NA	NA	NA	NA	NA
AC-P04-TR-NT-SM-63B4Q-SM-63B4P	5	32233959	147258393	4052	115024434	0.00369	0.041729582704173	0.94806	3	3	0	0	3	2.65085021482286	0	0.94806	0.74784	1.14828	1	2	1	2	0	1	0.1	0.03424	0.14946	0.25	0.18985	0.30504	0	0	0	0	0	1	2
AC-P04-TR-NT-SM-63B4Q-SM-63B4P	5	147281263	149011649	132	1730386	0.02285	0.000629993700062999	1.06141	3	3	0	0	3	3.12926608567941	0	1.06141	0.74774	1.37508	1	2	1	2	0	1	0.1	0	0.31305	0.23	0.03299	0.43449	0	0	0	0	0	1	2
AC-P04-TR-NT-SM-63B4Q-SM-63B4P	5	149206341	150886943	219	1680602	0.01555	0.000609993900060999	0.9298	3	3	0	0	3	2.5737803092045	0	0.9298	0.85794	1.00166	1	1	1.00003	1.14239	0	1	0.86	0.47344	0.98829	0.56	0.19328	0.89857	0	0	0	0	0	1.00003	1.14239
AC-P04-TR-NT-SM-63B4Q-SM-63B4P	5	150891946	150946862	19	54916	0.06485	1.9999800002e-05	1.14328	4	3.57165	0	0	3.57165	3.47481445221692	0	1.14328	0.81399	1.47257	1	2	1	2.00609	0	1	0.96	0.69127	1	0.43	0.18809	0.66696	0	0	0	0	0	1	2.00609
AC-P04-TR-NT-SM-63B4Q-SM-63B4P	5	151043721	167986099	426	16942378	0.01117	0.00614993850061499	0.9317	3	3	0	0	3	2.58179963125679	0	0.9317	0.77083	1.09257	1	2	1	2	0	1	0.05	0	0.19439	0.37	0.22191	0.50735	0	0	0	0	0	1	2
AC-P04-TR-NT-SM-63B4Q-SM-63B4P	5	167993144	170720935	137	2727791	0.01923	0.000989990100098999	0.9095	2	2.3807	0	0	2.3807	2.48810018411947	0	0.9095	0.9095	0.9095	1	1	1	1	1	1	0.76	0.60004	0.9012	0.76	0.60004	0.9012	0	0	0	0	0	1	1
AC-P04-TR-NT-SM-63B4Q-SM-63B4P	5	170818368	177463024	391	6644656	0.01231	0.002409975900241	0.98401	3	3	0	0	3	2.80258422944388	0	0.98401	0.73516	1.23287	1	2	1	2	0	0	0.12	0.00764	0.25909	0.07	0	0.21212	0	0	0	0	0	1	2
AC-P04-TR-NT-SM-63B4Q-SM-63B4P	5	177466399	177469210	3	2811	0.10567	0	0.73878	2	1.9976	0	0	1.9976	1.76754299424182	NA	NA	NA	NA	NA	NA	NA	NA	NA	NA	NA	NA	NA	NA	NA	NA	NA	NA	NA	NA	NA	NA	NA
AC-P04-TR-NT-SM-63B4Q-SM-63B4P	5	177482899	180794756	254	3311857	0.01544	0.00119998800012	0.99498	3	3	0	0	3	2.84888526255633	0	0.99498	0.77787	1.21209	1	2	1	2	0	0	0.03	0	0.17747	0.12	0.0055	0.25219	0	0	0	0	0	1	2
AC-P04-TR-NT-SM-63B4Q-SM-63B4P	6	345890	2623864	44	2277974	0.04558	0.000829991700082999	1.22305	4	3.99982	0	0	3.99982	3.81149935753874	0	1.22305	1.22305	1.22305	2	2	2	2	0	0	0.09	0	0.23549	0.09	0	0.23549	0	0	0	0	0	2	2
AC-P04-TR-NT-SM-63B4Q-SM-63B4P	6	2678529	2689137	7	10608	0.15984	0	1.71236	6	5.85872	0	0	5.85872	5.87672802775332	NA	NA	NA	NA	NA	NA	NA	NA	NA	NA	NA	NA	NA	NA	NA	NA	NA	NA	NA	NA	NA	NA	NA
AC-P04-TR-NT-SM-63B4Q-SM-63B4P	6	2769020	26598682	767	23829662	0.01116	0.00864991350086499	1.25075	4	4	0	0	4	3.92841263166954	0	1.25075	1.25062	1.25088	2	2	2	2	0	0	0.04	0	0.08525	0.04	0	0.08471	0	0	0	0	0	2	2
AC-P04-TR-NT-SM-63B4Q-SM-63B4P	6	27100338	28093414	41	993076	0.05207	0.000359996400036	1.34902	4	4.05745	0	0	4.05745	4.34318040960579	0	1.34902	1.34902	1.34902	2	2	2.00004	2.00004	0	0	0.17	0.00457	0.54292	0.17	0.00457	0.54292	0	0	0	0	0	2.00004	2.00004
AC-P04-TR-NT-SM-63B4Q-SM-63B4P	6	28097467	33543146	1150	5445679	0.00877	0.001979980200198	1.20299	4	4	0	0	4	3.72683219944979	0	1.20299	1.20299	1.20299	2	2	2	2	1	1	0.14	0.08251	0.17989	0.14	0.08251	0.17989	0	0	0	0	0	2	2
AC-P04-TR-NT-SM-63B4Q-SM-63B4P	6	33555518	33690730	53	135212	0.04699	4.99995000049999e-05	1.3844	5	4.53782	0	0	4.53782	4.49250862761113	0	1.3844	1.3844	1.3844	2	2	2.00227	2.00227	0	0	0.25	0.01208	0.67232	0.25	0.01208	0.67232	0	0	0	0	0	2.00227	2.00227
AC-P04-TR-NT-SM-63B4Q-SM-63B4P	6	33695970	105845764	2731	72149794	0.00589	0.026179738202618	1.24428	4	4	0	0	4	3.90110472973357	0	1.24428	1.24428	1.24428	2	2	2	2	0	0	0.05	0.002	0.08936	0.05	0.002	0.08936	0	0	0	0	0	2	2
AC-P04-TR-NT-SM-63B4Q-SM-63B4P	6	106543549	117923308	523	11379759	0.01332	0.004129958700413	1.23265	4	4	0	0	4	3.8520180373819	0	1.23265	1.21876	1.24655	2	2	2	2	0	0	0.1	0.00171	0.23884	0.04	0	0.1866	0	0	0	0	0	2	2
AC-P04-TR-NT-SM-63B4Q-SM-63B4P	6	118015268	170892713	1905	52877445	0.00696	0.019179808201918	1.22858	4	4	0	0	4	3.83483980540673	0	1.22858	1.22858	1.22858	2	2	2	2	0	0	0.08	0.03148	0.12405	0.08	0.03148	0.12405	0	0	0	0	0	2	2
AC-P04-TR-NT-SM-63B4Q-SM-63B4P	7	540563	76255348	2366	75714785	0.00567	0.027469725302747	1.11444	3	3	0	0	3	3.35308958485474	0	1.11444	0.81185	1.41703	1	2	1	2	0	1	0.96	0.89052	1	0.32	0.24447	0.37574	0	0	0	0	0	1	2
AC-P04-TR-NT-SM-63B4Q-SM-63B4P	7	76825948	80546045	112	3720097	0.02558	0.001349986500135	1.09457	3	3	0	0	3	3.26922435897102	0	1.09457	0.7229	1.46623	1	2	1	2.00051	0	1	0.15	0.00569	0.35884	0.42	0.20336	0.62464	0	0	0	0	0	1	2.00051
AC-P04-TR-NT-SM-63B4Q-SM-63B4P	7	81334778	99796522	858	18461744	0.00876	0.00669993300066999	1.03761	3	3	0	0	3	3.0288135252349	0	1.03761	0.80827	1.26695	1	2	1	2	0	0	0.97	0.85439	1	0	0	0.11327	0	0	0	0	0	1	2
AC-P04-TR-NT-SM-63B4Q-SM-63B4P	7	99797904	121719708	1067	21921804	0.0081	0.00794992050079499	1.07034	3	3	0	0	3	3.16695689932519	0	1.07034	0.79073	1.34996	1	2	1	2	0	1	0.01	0	0.10873	0.17	0.07201	0.26539	0	0	0	0	0	1	2
AC-P04-TR-NT-SM-63B4Q-SM-63B4P	7	121726149	130142522	420	8416373	0.01121	0.003049969500305	0.92827	3	3	0	0	3	2.56732264460449	0	0.92827	0.92414	0.9324	1	1	1	1	1	1	0.73	0.63513	0.80499	0.71	0.61791	0.78745	0	0	0	0	0	1	1
AC-P04-TR-NT-SM-63B4Q-SM-63B4P	7	130144838	135368940	221	5224102	0.01474	0.00189998100019	0.88529	2	2	0	0	2	2.38591713838998	0	0.88529	0.78702	0.98357	1	1	1	1.00627	0	1	0.01	0	0.31915	0.6	0.3187	0.86606	0	0	0	0	0	1	1.00627
AC-P04-TR-NT-SM-63B4Q-SM-63B4P	7	135376010	135392929	10	16919	0.09172	9.99990000099999e-06	1.17312	4	3.7861	0	0	3.7861	3.6007600153961	NA	NA	NA	NA	NA	NA	NA	NA	NA	NA	NA	NA	NA	NA	NA	NA	NA	NA	NA	NA	NA	NA	NA
AC-P04-TR-NT-SM-63B4Q-SM-63B4P	7	135418894	158935187	1151	23516293	0.00641	0.00852991470085299	0.87897	2	2	0	0	2	2.35924234082656	0	0.87897	0.87897	0.87897	1	1	1	1	1	1	0.82	0.73696	0.89384	0.82	0.73696	0.89384	0	0	0	0	0	1	1
AC-P04-TR-NT-SM-63B4Q-SM-63B4P	8	190901	11157594	235	10966693	0.01592	0.003979960200398	0.98653	3	3	0	0	3	2.81322038290271	0	0.98653	0.72892	1.24415	1	2	1	2	0	0	0.14	0.02833	0.2398	0.05	0	0.15677	0	0	0	0	0	1	2
AC-P04-TR-NT-SM-63B4Q-SM-63B4P	8	11163807	11967471	44	803664	0.03535	0.000289997100029	0.94776	3	2.99922	0	0	2.99922	2.64958400607776	0	0.94776	0.84336	1.05215	1	2	1.00003	1.7608	0	1	0.9	0.48178	0.98996	0.45	0.09412	0.82468	0	0	0	0	0	1.00003	1.7608
AC-P04-TR-NT-SM-63B4Q-SM-63B4P	8	11968981	12041164	4	72183	0.08778	2.9999700003e-05	0.7085	2	1.91761	0	0	1.91761	1.63974032490316	NA	NA	NA	NA	NA	NA	NA	NA	NA	NA	NA	NA	NA	NA	NA	NA	NA	NA	NA	NA	NA	NA	NA
AC-P04-TR-NT-SM-63B4Q-SM-63B4P	8	12043993	24811148	540	12767155	0.01078	0.00462995370046299	1.01271	3	3	0	0	3	2.92371819939168	0	1.01271	0.74412	1.28129	1	2	1	2	0	0	0.1	0.01534	0.18977	0.03	0	0.11859	0	0	0	0	0	1	2
AC-P04-TR-NT-SM-63B4Q-SM-63B4P	8	24813507	26365723	71	1552216	0.0324	0.000559994400055999	1.10397	3	3.00016	0	0	3.00016	3.30889889965079	0	1.10397	0.88476	1.32318	1	2	1.00001	2	0	0	0.81	0.47862	0.98235	0.12	0.00019	0.44584	0	0	0	0	0	1.00001	2
AC-P04-TR-NT-SM-63B4Q-SM-63B4P	8	26439528	39872943	551	13433415	0.0105	0.00486995130048699	0.99612	3	3	0	0	3	2.85369685578771	0	0.99612	0.68868	1.30356	1	2	1	2	1	0	0.22	0.09893	0.33531	0.08	0	0.19118	0	0	0	0	0	1	2
AC-P04-TR-NT-SM-63B4Q-SM-63B4P	8	40438731	42591693	140	2152962	0.01968	0.000779992200077999	0.94109	3	3	0	0	3	2.62143196497839	0	0.94109	0.77101	1.11117	1	2	0.99999	1.9836	0	0	0.05	0	0.48269	0.33	0.03034	0.72556	0	0	0	0	0	0.99999	1.9836
AC-P04-TR-NT-SM-63B4Q-SM-63B4P	8	42611477	55540071	225	12928594	0.01767	0.00468995310046899	1.07165	3	3	0	0	3	3.17248601084546	0	1.07165	0.74718	1.39612	1	2	1	2	0	1	0.1	0	0.28971	0.27	0.07948	0.4562	0	0	0	0	0	1	2
AC-P04-TR-NT-SM-63B4Q-SM-63B4P	8	56270337	143570747	2329	87300410	0.00522	0.031669683303167	1.01804	3	3	0	0	3	2.94621450809627	0	1.01804	0.81535	1.22073	1	2	1	2	0	0	0.95	0.8809	1	0.1	0.02689	0.16198	0	0	0	0	0	1	2
AC-P04-TR-NT-SM-63B4Q-SM-63B4P	8	143602234	143957733	18	355499	0.07815	0.000129998700013	1.34158	4	4.20256	0	0	4.20256	4.31177843272734	0	1.34158	1.34158	1.34158	2	2	2	2	0	0	0.16	0.00329	0.49109	0.16	0.00329	0.49109	0	0	0	0	0	2	2
AC-P04-TR-NT-SM-63B4Q-SM-63B4P	8	143958538	144877244	93	918706	0.02854	0.000329996700033	1.11312	3	3.00016	0	0	3.00016	3.34751826637631	0	1.11312	0.86108	1.36515	1	2	1	2	0	0	0.86	0.54016	0.98788	0.21	0.01059	0.50751	0	0	0	0	0	1	2
AC-P04-TR-NT-SM-63B4Q-SM-63B4P	8	144889752	145697805	211	808053	0.01871	0.000289997100029	1.09871	3	3	0	0	3	3.28669803965339	0	1.09871	1.04794	1.14948	2	2	1.83531	1.99999	1	0	0.46	0.17097	0.74822	0.25	0.02235	0.53697	0	0	0	0	0	1.83531	1.99999
AC-P04-TR-NT-SM-63B4Q-SM-63B4P	8	145722706	146279473	69	556767	0.0311	0.00019999800002	1.04454	3	3	0	0	3	3.05806294724668	0	1.04454	0.76682	1.32226	1	2	0.99892	2.00305	0	0	0.06	0.00033	0.64597	0.12	0.0025	0.68837	0	0	0	0	0	0.99892	2.00305
AC-P04-TR-NT-SM-63B4Q-SM-63B4P	9	286572	33395134	864	33108562	0.00797	0.012009879901201	0.94633	3	3	0	0	3	2.64354841105945	0	0.94633	0.65781	1.23486	1	2	1	2	1	0	0.29	0.19378	0.36994	0.07	0	0.15359	0	0	0	0	0	1	2
AC-P04-TR-NT-SM-63B4Q-SM-63B4P	9	33442908	34286658	73	843750	0.03032	0.000309996900031	1.04717	3	3	0	0	3	3.06916337724538	0	1.04717	1.04717	1.04717	2	2	1.6467	1.6467	1	1	0.47	0.06786	0.88387	0.47	0.06786	0.88387	0	0	0	0	0	1.6467	1.6467
AC-P04-TR-NT-SM-63B4Q-SM-63B4P	9	34306344	74360214	784	40053870	0.00829	0.014529854701453	0.93746	3	3	0	0	3	2.60611083916269	0	0.93746	0.63261	1.24231	1	2	1	2	1	0	0.34	0.24166	0.42882	0.05	0	0.14477	0	0	0	0	0	1	2
AC-P04-TR-NT-SM-63B4Q-SM-63B4P	9	74365123	95050132	604	20685009	0.01012	0.00749992500074999	1.00546	3	3	0	0	3	2.89311815471846	0	1.00546	0.77597	1.23496	1	2	1	2	0	0	0.04	0	0.15542	0.07	0	0.18284	0	0	0	0	0	1	2
AC-P04-TR-NT-SM-63B4Q-SM-63B4P	9	95062234	115336945	994	20274711	0.00797	0.00735992640073599	1.01591	3	3	0	0	3	2.93722442600607	0	1.01591	0.743	1.28883	1	2	1	2	0	0	0.11	0.02638	0.17923	0.04	0	0.11841	0	0	0	0	0	1	2
AC-P04-TR-NT-SM-63B4Q-SM-63B4P	9	115421945	117788893	223	2366948	0.01626	0.000859991400085999	0.98135	3	3	0	0	3	2.79135717857067	0	0.98135	0.82277	1.13994	1	2	1	2	0	1	0.94	0.69366	1	0.27	0.05405	0.4894	0	0	0	0	0	1	2
AC-P04-TR-NT-SM-63B4Q-SM-63B4P	9	117792608	118163530	25	370922	0.05601	0.000129998700013	1.13249	3	3.35221	0	0	3.35221	3.42927314435153	0	1.13249	0.74786	1.51713	1	3	1	2.83348	0	1	0.1	0	0.31703	0.53	0.30539	0.73726	0	0	0	0	0	1	2.83348
AC-P04-TR-NT-SM-63B4Q-SM-63B4P	9	118969807	141016185	2065	22046378	0.00559	0.00799992000079999	1.02644	3	3	0	0	3	2.98166835295904	0	1.02644	0.7352	1.31769	1	2	1	2	0	0	0.12	0.0476	0.18971	0.11	0.03022	0.17166	0	0	0	0	0	1	2
AC-P04-TR-NT-SM-63B4Q-SM-63B4P	10	94609	24923985	981	24829376	0.00617	0.00900990990090099	0.77988	2	2	0	0	2	1.94101359232037	0	0.77988	0.7798	0.77997	1	1	1	1	0	0	0.03	0	0.07475	0.03	0	0.07438	0	0	0	0	0	1	1
AC-P04-TR-NT-SM-63B4Q-SM-63B4P	10	25138796	25273749	9	134953	0.1067	4.99995000049999e-05	1.29504	4	4.15072	0	0	4.15072	4.11534724940432	NA	NA	NA	NA	NA	NA	NA	NA	NA	NA	NA	NA	NA	NA	NA	NA	NA	NA	NA	NA	NA	NA	NA
AC-P04-TR-NT-SM-63B4Q-SM-63B4P	10	25284686	48774300	588	23489614	0.00822	0.00851991480085199	0.80447	2	2	0	0	2	2.04480050246032	0	0.80447	0.80447	0.80447	1	1	1	1	0	0	0.98	0.91321	1	0.98	0.91321	1	0	0	0	0	0	1	1
AC-P04-TR-NT-SM-63B4Q-SM-63B4P	10	48798691	49379143	13	580452	0.07672	0.000209997900021	1.11866	3	3.3557	0	0	3.3557	3.37090092120247	NA	NA	NA	NA	NA	NA	NA	NA	NA	NA	NA	NA	NA	NA	NA	NA	NA	NA	NA	NA	NA	NA	NA
AC-P04-TR-NT-SM-63B4Q-SM-63B4P	10	49388948	97141498	1961	47752550	0.00438	0.017329826701733	0.78352	2	2	0	0	2	1.95637692509424	0	0.78352	0.78352	0.78352	1	1	1	1	0	0	0.02	0	0.06285	0.02	0	0.06285	0	0	0	0	0	1	1
AC-P04-TR-NT-SM-63B4Q-SM-63B4P	10	97144018	98392730	125	1248712	0.01606	0.000449995500045	0.7245	2	2	0	0	2	1.70727145797511	0	0.7245	0.7245	0.7245	1	1	1	1	0	0	0.15	0.00517	0.35345	0.15	0.00517	0.35345	0	0	0	0	0	1	1
AC-P04-TR-NT-SM-63B4Q-SM-63B4P	10	98408513	135490828	2105	37082315	0.00427	0.013449865501345	0.79141	2	2	0	0	2	1.98967821509034	0	0.79141	0.79141	0.79141	1	1	1	1	0	0	0.01	0	0.04807	0.01	0	0.04807	0	0	0	0	0	1	1
AC-P04-TR-NT-SM-63B4Q-SM-63B4P	11	194433	6703490	751	6509057	0.00963	0.002359976400236	1.06659	3	3	0	0	3	3.15112929001146	0	1.06659	0.83016	1.30301	1	2	1	2	0	0	0.92	0.84154	0.9859	0.07	0.00308	0.1466	0	0	0	0	0	1	2
AC-P04-TR-NT-SM-63B4Q-SM-63B4P	11	6704440	17418799	614	10714359	0.01069	0.003889961100389	1.07076	3	3	0	0	3	3.16872959156833	0	1.07076	0.89017	1.25134	1	2	1	2	1	0	0.8	0.67428	0.90873	0.03	0	0.15432	0	0	0	0	0	1	2
AC-P04-TR-NT-SM-63B4Q-SM-63B4P	11	17424253	19246295	188	1822042	0.0184	0.000659993400065999	1.02006	3	3	0	0	3	2.95474031364661	0	1.02006	0.76863	1.27149	1	2	1	2	0	0	0.05	0	0.21291	0.01	0	0.17746	0	0	0	0	0	1	2
AC-P04-TR-NT-SM-63B4Q-SM-63B4P	11	19247344	51515746	1134	32268402	0.00782	0.011709882901171	1.06498	3	3	0	0	3	3.14433396974609	0	1.06498	0.85646	1.2735	1	2	1	2	0	0	0.87	0.77211	0.95254	0.01	0	0.10648	0	0	0	0	0	1	2
AC-P04-TR-NT-SM-63B4Q-SM-63B4P	11	55035836	55418847	6	383011	0.05244	0.000139998600014	0.5173	1	0.99986	0	0	0.99986	0.83274328469342	0	0.5173	0.40949	0.62511	0	1	0	1	0	1	0.81	0.6216	0.9664	0.36	0.16739	0.53499	1	0	0	0	0	0	1
AC-P04-TR-NT-SM-63B4Q-SM-63B4P	11	55541385	56954836	41	1413451	0.03943	0.000509994900050999	1.0207	3	3	0	0	3	2.95744155896948	0	1.0207	0.74958	1.29181	1	2	1	2	0	0	0.09	0	0.27257	0.05	0	0.2362	0	0	0	0	0	1	2
AC-P04-TR-NT-SM-63B4Q-SM-63B4P	11	57068436	61505192	439	4436756	0.01235	0.001609983900161	1.04616	3	3	0	0	3	3.06490047447022	0	1.04616	0.93389	1.15844	1	2	1.00002	2	0	0	0.7	0.42574	0.94317	0.23	0.01927	0.50106	0	0	0	0	0	1.00002	2
AC-P04-TR-NT-SM-63B4Q-SM-63B4P	11	61507999	64088509	502	2580510	0.012	0.000939990600093999	1.08749	3	3	0	0	3	3.23934183258668	0	1.08749	0.87922	1.29575	1	2	1	2	0	0	0.82	0.65439	0.96133	0.06	0	0.22245	0	0	0	0	0	1	2
AC-P04-TR-NT-SM-63B4Q-SM-63B4P	11	64108434	64329822	24	221388	0.06167	7.99992000079999e-05	1.22214	4	3.99364	0	0	3.99364	3.80765852434527	0	1.22214	0.36975	2.07452	0	3	0.51064	3.1728	0	0	0.9	0.03095	0.97891	0.7	0.02447	0.97548	1	0	0	0	0	0.51064	3.1728
AC-P04-TR-NT-SM-63B4Q-SM-63B4P	11	64335177	73598450	1290	9263273	0.00753	0.003359966400336	1.09422	3	3	0	0	3	3.26774711543507	0	1.09422	0.87894	1.30951	1	2	1	2	1	0	0.82	0.72246	0.90831	0.09	0.00444	0.17676	0	0	0	0	0	1	2
AC-P04-TR-NT-SM-63B4Q-SM-63B4P	11	73620540	76903209	232	3282669	0.01639	0.001189988100119	1.00922	3	3	0	0	3	2.90898797099036	0	1.00922	0.99103	1.02741	1	1	1.00013	1.31156	1	1	0.58	0.38907	0.76872	0.51	0.31221	0.692	0	0	0	0	0	1.00013	1.31156
AC-P04-TR-NT-SM-63B4Q-SM-63B4P	11	76912587	85459390	196	8546803	0.01795	0.00309996900031	1.01607	3	3	0	0	3	2.93789973733679	0	1.01607	0.79318	1.23896	1	2	1	2	0	0	0	0	0.15958	0.06	0	0.20666	0	0	0	0	0	1	2
AC-P04-TR-NT-SM-63B4Q-SM-63B4P	11	85593636	86662847	63	1069211	0.03166	0.000389996100039	1.01579	3	3	0	0	3	2.93671794250803	0	1.01579	1.01579	1.01579	1	1	1.22916	1.22916	1	1	0.53	0.20672	0.84276	0.53	0.20672	0.84276	0	0	0	0	0	1.22916	1.22916
AC-P04-TR-NT-SM-63B4Q-SM-63B4P	11	86778799	89532932	59	2754133	0.03703	0.000999990000099999	1.15041	4	3.6909	0	0	3.6909	3.50490801339211	0	1.15041	0.8051	1.49572	1	2	1	2.25317	0	1	0.98	0.55261	1	0.48	0.11825	0.84091	0	0	0	0	0	1	2.25317
AC-P04-TR-NT-SM-63B4Q-SM-63B4P	11	89536913	104916020	426	15379107	0.01264	0.00557994420055799	1.0545	3	3	0	0	3	3.10010107758397	0	1.0545	0.87464	1.23436	1	2	1	2	0	0	0.83	0.71289	0.93524	0.07	0	0.17908	0	0	0	0	0	1	2
AC-P04-TR-NT-SM-63B4Q-SM-63B4P	11	104971372	105009672	3	38300	0.21192	9.99990000099999e-06	1.48567	5	5.06424	0	0	5.06424	4.91993849299837	0	1.48567	1.11741	1.85392	2	3	1.66899	2.99995	0	0	0.32	0.01485	0.95454	0.24	0.01204	0.9476	0	0	0	0	0	1.66899	2.99995
AC-P04-TR-NT-SM-63B4Q-SM-63B4P	11	105623826	120350903	1036	14727077	0.00808	0.00533994660053399	1.05087	3	3	0	0	3	3.08477995176827	0	1.05087	0.81703	1.28471	1	2	1	2	0	0	0.95	0.82821	1	0.04	0	0.15054	0	0	0	0	0	1	2
AC-P04-TR-NT-SM-63B4Q-SM-63B4P	11	120355181	124763604	244	4408423	0.01569	0.00159998400016	0.99061	3	3	0	0	3	2.83044082183606	0	0.99061	0.83294	1.14829	1	2	1	2	0	1	0.92	0.76627	1	0.25	0.10472	0.38934	0	0	0	0	0	1	2
AC-P04-TR-NT-SM-63B4Q-SM-63B4P	11	124764180	134257497	409	9493317	0.01291	0.003439965600344	1.0559	3	3	0	0	3	3.10601005172776	0	1.0559	0.80982	1.30198	1	2	1	2	0	0	0.97	0.84938	1	0.07	0	0.1753	0	0	0	0	0	1	2
AC-P04-TR-NT-SM-63B4Q-SM-63B4P	12	266776	10573055	1055	10306279	0.00783	0.003739962600374	1.02806	3	3	0	0	3	2.98850588018258	0	1.02806	0.75567	1.30044	1	2	1	2	0	0	0.08	0.00234	0.16544	0.07	0	0.15434	0	0	0	0	0	1	2
AC-P04-TR-NT-SM-63B4Q-SM-63B4P	12	10586465	49460784	1551	38874319	0.00622	0.01409985900141	0.98959	3	3	0	0	3	2.82613571210272	0	0.98959	0.77784	1.20134	1	2	1	2	0	1	0.03	0	0.10609	0.14	0.06087	0.20927	0	0	0	0	0	1	2
AC-P04-TR-NT-SM-63B4Q-SM-63B4P	12	49485041	52215216	374	2730175	0.01302	0.000989990100098999	1.0181	3	3	0	0	3	2.94646774984529	0	1.0181	0.69839	1.33781	1	2	1	2	1	0	0.2	0.05027	0.34737	0.15	0.01455	0.29454	0	0	0	0	0	1	2
AC-P04-TR-NT-SM-63B4Q-SM-63B4P	12	52282476	52776268	80	493792	0.02673	0.000179998200018	0.96613	3	3	0	0	3	2.72711818823598	0	0.96613	0.77357	1.1587	1	2	1	2	0	0	0.04	0	0.35413	0.23	0.01697	0.51663	0	0	0	0	0	1	2
AC-P04-TR-NT-SM-63B4Q-SM-63B4P	12	52777477	53242522	143	465045	0.0246	0.000169998300017	1.18983	4	4	0	0	4	3.67128784249811	0	1.18983	0.86357	1.51609	1	3	1	2.99564	0	1	0.85	0.723	0.96483	0.52	0.39446	0.64385	0	0	0	0	0	1	2.99564
AC-P04-TR-NT-SM-63B4Q-SM-63B4P	12	53292273	53298603	7	6330	0.06688	0	0.71411	2	1.96603	0	0	1.96603	1.66341842843651	0	0.71411	0.71411	0.71411	1	1	0.99976	0.99976	0	0	0.17	0.00425	0.58621	0.17	0.00425	0.58621	0	0	0	0	0	0.99976	0.99976
AC-P04-TR-NT-SM-63B4Q-SM-63B4P	12	53344152	54675978	254	1331826	0.01564	0.000479995200047999	1.00779	3	3	0	0	3	2.90295237597206	0	1.00779	0.73614	1.27944	1	2	0.99997	2	0	0	0.12	0.00098	0.52124	0.02	0	0.44614	0	0	0	0	0	0.99997	2
AC-P04-TR-NT-SM-63B4Q-SM-63B4P	12	54676402	54678069	3	1667	0.20211	0	1.41668	5	4.81194	0	0	4.81194	4.62875268858378	NA	NA	NA	NA	NA	NA	NA	NA	NA	NA	NA	NA	NA	NA	NA	NA	NA	NA	NA	NA	NA	NA	NA
AC-P04-TR-NT-SM-63B4Q-SM-63B4P	12	54688975	133779095	4610	79090120	0.00366	0.02869971300287	1.00403	3	3	0	0	3	2.88708255970015	0	1.00403	0.74744	1.26062	1	2	1	2	0	0	0.1	0.03387	0.15182	0.01	0	0.0726	0	0	0	0	0	1	2
AC-P04-TR-NT-SM-63B4Q-SM-63B4P	13	19751406	26125558	278	6374152	0.0175	0.002309976900231	1.18042	4	4	0	0	4	3.63157109486017	0	1.18042	1.16558	1.19526	2	2	2	2	1	0	0.22	0.05404	0.37168	0.15	0.01384	0.30976	0	0	0	0	0	2	2
AC-P04-TR-NT-SM-63B4Q-SM-63B4P	13	26129167	114078597	2150	87949430	0.00606	0.031909680903191	1.1368	3	3	0	0	3	3.44746434332278	0	1.1368	1.1368	1.1368	2	2	2	2	1	1	0.28	0.22517	0.31723	0.28	0.22517	0.31723	0	0	0	0	0	2	2
AC-P04-TR-NT-SM-63B4Q-SM-63B4P	13	114098821	115090536	87	991715	0.02922	0.000359996400036	1.10228	3	3.00002	0	0	3.00002	3.30176592372006	0	1.10228	1.10228	1.10228	2	2	1.70418	1.70418	0	0	0.35	0.01719	0.93902	0.35	0.01719	0.93902	0	0	0	0	0	1.70418	1.70418
AC-P04-TR-NT-SM-63B4Q-SM-63B4P	14	19558773	19583029	8	24256	0.06585	9.99990000099999e-06	0.75187	2	1.99609	0	0	1.99609	1.8227919024863	NA	NA	NA	NA	NA	NA	NA	NA	NA	NA	NA	NA	NA	NA	NA	NA	NA	NA	NA	NA	NA	NA	NA
AC-P04-TR-NT-SM-63B4Q-SM-63B4P	14	20248952	23652047	531	3403095	0.01114	0.001229987700123	1.03802	3	3	0	0	3	3.03054401051986	0	1.03802	0.76185	1.3142	1	2	1	2	0	0	0.07	0	0.15144	0.1	0.01194	0.18112	0	0	0	0	0	1	2
AC-P04-TR-NT-SM-63B4Q-SM-63B4P	14	23777192	24435558	145	658366	0.02078	0.000239997600024	1.01147	3	3	0	0	3	2.91848453657861	0	1.01147	0.99035	1.0326	1	2	1.00089	1.56936	1	1	0.59	0.36358	0.79694	0.5	0.27441	0.70786	0	0	0	0	0	1.00089	1.56936
AC-P04-TR-NT-SM-63B4Q-SM-63B4P	14	24459479	45639870	732	21180391	0.00944	0.00767992320076799	1.0327	3	3	0	0	3	3.00808990877344	0	1.0327	0.74868	1.31672	1	2	1	2	0	0	0.1	0.00409	0.19714	0.1	0.00764	0.20508	0	0	0	0	0	1	2
AC-P04-TR-NT-SM-63B4Q-SM-63B4P	14	45645226	47120616	18	1475390	0.04538	0.000539994600053999	0.77735	2	2	0	0	2	1.93033523190337	0	0.77735	0.22153	1.33317	0	2	0	2	0	0	1	0.78909	1	0.14	0.00189	0.425	1	0	0	0	0	0	2
AC-P04-TR-NT-SM-63B4Q-SM-63B4P	14	47324291	92170970	2087	44846679	0.00554	0.016269837301627	1.02397	3	3	0	0	3	2.97124323429106	0	1.02397	0.78226	1.26568	1	2	1	2	0	0	0.02	0	0.08692	0	0	0.06989	0	0	0	0	0	1	2
AC-P04-TR-NT-SM-63B4Q-SM-63B4P	14	92189462	93286116	92	1096654	0.02433	0.00039999600004	0.94317	3	2.99999	0	0	2.99999	2.63021101227774	0	0.94317	0.94317	0.94317	1	1	1	1	1	1	0.68	0.44822	0.90523	0.68	0.44822	0.90523	0	0	0	0	0	1	1
AC-P04-TR-NT-SM-63B4Q-SM-63B4P	14	93299579	107283203	924	13983624	0.00858	0.00506994930050699	1.05454	3	3	0	0	3	3.10026990541665	0	1.05454	0.80509	1.30398	1	2	1	2	0	0	0.98	0.88002	1	0.08	0.00151	0.15833	0	0	0	0	0	1	2
AC-P04-TR-NT-SM-63B4Q-SM-63B4P	15	20170331	21066760	23	896429	0.05194	0.000329996700033	1.00699	3	2.99988	0	0	2.99988	2.89957581931846	0	1.00699	1.00699	1.00699	1	1	1.41338	1.41338	0	0	0.55	0.03762	0.96417	0.55	0.03762	0.96417	0	0	0	0	0	1.41338	1.41338
AC-P04-TR-NT-SM-63B4Q-SM-63B4P	15	22382947	22736435	6	353488	0.17988	0.000129998700013	1.78424	6	6.08949	0	0	6.08949	6.18011164307903	0	1.78424	1.12116	2.44731	2	3	1.6068	3.36981	0	0	0.31	0.01495	0.97042	0.49	0.01701	0.97274	0	0	0	0	0	1.6068	3.36981
AC-P04-TR-NT-SM-63B4Q-SM-63B4P	15	22739419	34355717	377	11616298	0.01568	0.004209957900421	1.23149	4	4	0	0	4	3.84712203023419	0	1.23149	1.23149	1.23149	2	2	2	2	0	0	0.08	0.00842	0.13892	0.08	0.00842	0.13892	0	0	0	0	0	2	2
AC-P04-TR-NT-SM-63B4Q-SM-63B4P	15	34382586	34654814	51	272228	0.0508	9.99990000099999e-05	1.46823	5	4.99949	0	0	4.99949	4.84632955794995	0	1.46823	1.46823	1.46823	2	2	2.14137	2.14137	0	0	0.42	0.04395	0.87444	0.42	0.04395	0.87444	0	0	0	0	0	2.14137	2.14137
AC-P04-TR-NT-SM-63B4Q-SM-63B4P	15	34655890	45409989	1120	10754099	0.00932	0.00389996100039	1.2616	4	4	0	0	4	3.97420718128395	0	1.2616	1.2616	1.2616	2	2	2	2	0	0	0.01	0	0.06699	0.01	0	0.06699	0	0	0	0	0	2	2
AC-P04-TR-NT-SM-63B4Q-SM-63B4P	15	45412409	45558318	47	145909	0.05008	4.99995000049999e-05	1.38951	5	4.65409	0	0	4.65409	4.51407638323598	0	1.38951	1.38951	1.38951	2	2	2.00276	2.00276	0	0	0.26	0.01359	0.68023	0.26	0.01359	0.68023	0	0	0	0	0	2.00276	2.00276
AC-P04-TR-NT-SM-63B4Q-SM-63B4P	15	45559928	60919504	852	15359576	0.01042	0.00556994430055699	1.23082	4	4	0	0	4	3.8442941640368	0	1.23082	1.23073	1.23092	2	2	2	2	0	0	0.08	0.01727	0.12931	0.08	0.01686	0.12901	0	0	0	0	0	2	2
AC-P04-TR-NT-SM-63B4Q-SM-63B4P	15	62148546	62939577	62	791031	0.03607	0.000289997100029	1.14878	4	3.63117	0	0	3.63117	3.4980282792104	0	1.14878	1.14878	1.14878	2	2	1.74115	1.74115	0	0	0.25	0.01233	0.94537	0.25	0.01233	0.94537	0	0	0	0	0	1.74115	1.74115
AC-P04-TR-NT-SM-63B4Q-SM-63B4P	15	62944268	102500730	2233	39556462	0.00661	0.014349856501435	1.26294	4	4	0	0	4	3.97986291367873	0	1.26294	1.26294	1.26294	2	2	2	2	0	0	0.01	0	0.06657	0.01	0	0.06657	0	0	0	0	0	2	2
AC-P04-TR-NT-SM-63B4Q-SM-63B4P	16	105503	778980	198	673477	0.01839	0.000239997600024	1.04607	3	3	0	0	3	3.06452061184669	0	1.04607	0.71876	1.37337	1	2	1	2	0	1	0.16	0.01016	0.34595	0.22	0.04097	0.40876	0	0	0	0	0	1	2
AC-P04-TR-NT-SM-63B4Q-SM-63B4P	16	780921	4903042	726	4122121	0.01002	0.00149998500015	1.0916	3	3	0	0	3	3.25668889239454	0	1.0916	0.83536	1.34783	1	2	1	2	0	1	0.91	0.81074	0.98665	0.17	0.06804	0.25999	0	0	0	0	0	1	2
AC-P04-TR-NT-SM-63B4Q-SM-63B4P	16	4908616	4960900	32	52284	0.05231	1.9999800002e-05	1.19698	4	3.99008	0	0	3.99008	3.70146581758964	0	1.19698	0.70397	1.68998	1	3	0.98744	2.98674	0	0	0.19	0.00656	0.76266	0.89	0.28574	0.9875	0	0	0	0	0	0.98744	2.98674
AC-P04-TR-NT-SM-63B4Q-SM-63B4P	16	5038215	15044094	297	10005879	0.01465	0.003629963700363	1.02039	3	3	0	0	3	2.95613314326621	0	1.02039	0.85922	1.18157	1	2	1	2	0	0	0.86	0.63035	0.98695	0.18	0.01234	0.40076	0	0	0	0	0	1	2
AC-P04-TR-NT-SM-63B4Q-SM-63B4P	16	15092229	49407925	1816	34315696	0.00609	0.012449875501245	1.04929	3	3	0	0	3	3.07811125237742	0	1.04929	0.80109	1.29749	1	2	1	2	0	0	0.98	0.89014	1	0.06	0	0.1421	0	0	0	0	0	1	2
AC-P04-TR-NT-SM-63B4Q-SM-63B4P	16	49433115	50342640	39	909525	0.04059	0.000329996700033	1.0248	3	3	0	0	3	2.97474641181917	0	1.0248	1.0248	1.0248	1	1	1.20909	1.20909	1	1	0.51	0.31399	0.70113	0.51	0.31399	0.70113	0	0	0	0	0	1.20909	1.20909
AC-P04-TR-NT-SM-63B4Q-SM-63B4P	16	50345650	50346873	3	1223	0.20943	0	1.46819	5	5.00125	0	0	5.00125	4.84616073011727	NA	NA	NA	NA	NA	NA	NA	NA	NA	NA	NA	NA	NA	NA	NA	NA	NA	NA	NA	NA	NA	NA	NA
AC-P04-TR-NT-SM-63B4Q-SM-63B4P	16	50348259	62055181	663	11706922	0.01012	0.004249957500425	1.05398	3	3	0	0	3	3.09790631575913	0	1.05398	0.78022	1.32775	1	2	1	2	0	0	0.03	0	0.13685	0.13	0.02165	0.22788	0	0	0	0	0	1	2
AC-P04-TR-NT-SM-63B4Q-SM-63B4P	16	64984795	81157322	1292	16172527	0.00715	0.00586994130058699	1.03914	3	3	0	0	3	3.0352711898349	0	1.03914	0.87295	1.20532	1	2	1	2	0	0	0.83	0.71086	0.94354	0.13	0.01893	0.24436	0	0	0	0	0	1	2
AC-P04-TR-NT-SM-63B4Q-SM-63B4P	16	81161518	81971435	71	809917	0.03195	0.000289997100029	1.08857	3	3	0	0	3	3.24390018406904	0	1.08857	0.70303	1.47411	1	2	1	2.00246	0	1	0.19	0.01687	0.40158	0.44	0.21732	0.64393	0	0	0	0	0	1	2.00246
AC-P04-TR-NT-SM-63B4Q-SM-63B4P	16	81973580	82197742	12	224162	0.07519	7.99992000079999e-05	1.05313	3	3.03301	0	0	3.03301	3.09431872431468	0	1.05313	0.0822	2.02406	0	4	0	3.99141	1	1	NA	NA	NA	0.6	0.33968	0.84112	1	0	0	0	0	0	3.99141
AC-P04-TR-NT-SM-63B4Q-SM-63B4P	16	83251025	90141820	475	6890795	0.01192	0.00249997500025	1.04993	3	3	0	0	3	3.08081249770029	0	1.04993	0.78433	1.31553	1	2	1	2	0	0	0.02	0	0.12533	0.1	0.00776	0.19826	0	0	0	0	0	1	2
AC-P04-TR-NT-SM-63B4Q-SM-63B4P	17	96988	2598743	292	2501755	0.01537	0.000909990900090999	1.06156	3	3	0	0	3	3.12989919005196	0	1.06156	0.79974	1.32339	1	2	1	2	0	0	0.99	0.81738	1	0.12	0.00406	0.26307	0	0	0	0	0	1	2
AC-P04-TR-NT-SM-63B4Q-SM-63B4P	17	2600124	9923153	1476	7323029	0.00683	0.002659973400266	1.06161	3	3	0	0	3	3.13011022484281	0	1.06161	0.85338	1.26984	1	2	1	2	0	0	0.87	0.79	0.94863	0	0	0.08803	0	0	0	0	0	1	2
AC-P04-TR-NT-SM-63B4Q-SM-63B4P	17	10204952	39776798	2634	29571846	0.00503	0.010729892701073	1.04404	3	3	0	0	3	3.05595259933818	0	1.04404	0.79228	1.29579	1	2	1	2	0	0	0	0	0.06827	0.06	0.00046	0.11786	0	0	0	0	0	1	2
AC-P04-TR-NT-SM-63B4Q-SM-63B4P	17	39777280	39779242	4	1962	0.20823	0	1.68621	6	5.73957	0	0	5.73957	5.76635683213886	NA	NA	NA	NA	NA	NA	NA	NA	NA	NA	NA	NA	NA	NA	NA	NA	NA	NA	NA	NA	NA	NA	NA
AC-P04-TR-NT-SM-63B4Q-SM-63B4P	17	39846111	39973382	33	127271	0.05339	4.99995000049999e-05	1.24083	4	3.99967	0	0	3.99967	3.88654332916494	0	1.24083	0.82987	1.6518	1	3	1.00007	2.99833	0	0	0.92	0.46698	1	0.81	0.37398	0.984	0	0	0	0	0	1.00007	2.99833
AC-P04-TR-NT-SM-63B4Q-SM-63B4P	17	39974706	44067342	749	4092636	0.00958	0.001479985200148	1.05984	3	3	0	0	3	3.12263959324673	0	1.05984	0.81073	1.30894	1	2	1	2	0	0	0.96	0.83485	1	0.09	0.00012	0.20071	0	0	0	0	0	1	2
AC-P04-TR-NT-SM-63B4Q-SM-63B4P	17	44073897	46214648	216	2140751	0.01735	0.000779992200077999	1.03062	3	3	0	0	3	2.99931086147409	0	1.03062	1.03062	1.03062	1	1	1.48621	1.48621	1	1	0.5	0.24415	0.74652	0.5	0.24415	0.74652	0	0	0	0	0	1.48621	1.48621
AC-P04-TR-NT-SM-63B4Q-SM-63B4P	17	46247995	72308255	1782	26060260	0.00594	0.00945990540094599	1.01315	3	3	0	0	3	2.92557530555116	0	1.01315	0.79739	1.22891	1	2	1	2	0	0	0.99	0.90448	1	0.08	0.0078	0.15252	0	0	0	0	0	1	2
AC-P04-TR-NT-SM-63B4Q-SM-63B4P	17	72322507	72518957	25	196450	0.05385	6.99993000069999e-05	1.08868	3	3.01525	0	0	3.01525	3.24436446060891	0	1.08868	0.62903	1.54832	1	3	0.99744	2.93996	1	1	0.35	0.05409	0.67083	0.59	0.26032	0.89737	0	0	0	0	0	0.99744	2.93996
AC-P04-TR-NT-SM-63B4Q-SM-63B4P	17	72519753	73263904	131	744151	0.02376	0.000269997300027	1.09978	3	3	0	0	3	3.29121418417757	0	1.09978	0.88117	1.31839	1	2	1.00027	2.00002	0	0	0.82	0.41026	0.98436	0.11	0.00022	0.5148	0	0	0	0	0	1.00027	2.00002
AC-P04-TR-NT-SM-63B4Q-SM-63B4P	17	73265478	73831072	151	565594	0.02159	0.000209997900021	1.07256	3	3	0	0	3	3.17632684403893	0	1.07256	1.06076	1.08436	2	2	1.99958	2	1	1	0.44	0.25519	0.60819	0.39	0.20539	0.55836	0	0	0	0	0	1.99958	2
AC-P04-TR-NT-SM-63B4Q-SM-63B4P	17	73831792	81052160	884	7220368	0.00902	0.002619973800262	1.08495	3	3	0	0	3	3.22862126521151	0	1.08495	0.81091	1.35898	1	2	1	2	0	1	0.96	0.86858	1	0.19	0.10087	0.27472	0	0	0	0	0	1	2
AC-P04-TR-NT-SM-63B4Q-SM-63B4P	18	166802	22932039	762	22765237	0.01136	0.00825991740082599	1.26869	4	4	0	0	4	4.00413191462646	0	1.26869	1.26513	1.27225	2	2	2	2	0	0	0.01	0	0.0955	0.01	0	0.09836	0	0	0	0	0	2	2
AC-P04-TR-NT-SM-63B4Q-SM-63B4P	18	23615029	24436313	29	821284	0.03861	0.00029999700003	0.83982	2	2.00005	0	0	2.00005	2.19400209959115	0	0.83982	0.27602	1.40363	0	2	0	2.0003	0	0	1	0.67908	1	0.29	0.02757	0.61438	1	0	0	0	0	0	2.0003
AC-P04-TR-NT-SM-63B4Q-SM-63B4P	18	24441176	27878900	22	3437724	0.06385	0.001249987500125	1.21146	4	3.98448	0	0	3.98448	3.76258149301975	0	1.21146	0.98617	1.43675	1	2	1.27356	2.1194	0	0	0.59	0.0718	0.96267	0.36	0.0208	0.89981	0	0	0	0	0	1.27356	2.1194
AC-P04-TR-NT-SM-63B4Q-SM-63B4P	18	28576885	29055915	77	479030	0.05123	0.000169998300017	1.82037	6	6.02533	0	0	6.02533	6.33260538294712	0	1.82037	1.82037	1.82037	3	3	3	3	0	0	0.17	0.01048	0.36742	0.17	0.01048	0.36742	0	0	0	0	0	3	3
AC-P04-TR-NT-SM-63B4Q-SM-63B4P	18	29100846	61151745	851	32050899	0.01097	0.011629883701163	1.29492	4	4	0	0	4	4.11484076590628	0	1.29492	1.29492	1.29492	2	2	2	2	0	0	0.06	0.00076	0.11195	0.06	0.00076	0.11195	0	0	0	0	0	2	2
AC-P04-TR-NT-SM-63B4Q-SM-63B4P	18	61156638	61600359	53	443721	0.06157	0.000159998400016	1.81519	6	6.05063	0	0	6.05063	6.31074217861508	0	1.81519	1.81478	1.8156	3	3	3	3	0	0	0.15	0.01772	0.30108	0.16	0.01868	0.3029	0	0	0	0	0	3	3
AC-P04-TR-NT-SM-63B4Q-SM-63B4P	18	61621716	77960703	257	16338987	0.01976	0.00592994070059299	1.2817	4	4	0	0	4	4.05904316720558	0	1.2817	1.2817	1.2817	2	2	2	2	0	0	0.03	0	0.1144	0.03	0	0.1144	0	0	0	0	0	2	2
AC-P04-TR-NT-SM-63B4Q-SM-63B4P	19	111137	17641628	2768	17530491	0.00405	0.00635993640063599	0.86023	2	2	0	0	2	2.28014650121605	0	0.86023	0.86023	0.86023	1	1	1	1	1	1	0.86	0.8076	0.90219	0.86	0.8076	0.90219	0	0	0	0	0	1	1
AC-P04-TR-NT-SM-63B4Q-SM-63B4P	19	17644452	18958597	230	1314145	0.01309	0.000479995200047999	0.80146	2	2	0	0	2	2.03209620805116	0	0.80146	0.74711	0.8558	1	1	1	1	0	0	0.1	0	0.34347	0.87	0.61847	0.98836	0	0	0	0	0	1	1
AC-P04-TR-NT-SM-63B4Q-SM-63B4P	19	18963024	19049227	36	86203	0.03893	2.9999700003e-05	0.94402	3	2.99626	0	0	2.99626	2.63379860372219	0	0.94402	0.65703	1.23102	1	2	0.92877	1.98571	0	0	0.29	0.01386	0.87264	0.08	0.00236	0.75129	0	0	0	0	0	0.92877	1.98571
AC-P04-TR-NT-SM-63B4Q-SM-63B4P	19	19115215	29698759	248	10583544	0.01363	0.003839961600384	0.86696	2	2	0	0	2	2.30855178406443	0	0.86696	0.84841	0.8855	1	1	1	1	0	0	0.88	0.72658	0.98679	0.81	0.65039	0.94689	0	0	0	0	0	1	1
AC-P04-TR-NT-SM-63B4Q-SM-63B4P	19	30102807	51470502	2863	21367695	0.00385	0.00774992250077499	0.83107	2	2	0	0	2	2.15707101119243	0	0.83107	0.83107	0.83107	1	1	1	1	0	0	0.92	0.87005	0.96364	0.92	0.87005	0.96364	0	0	0	0	0	1	1
AC-P04-TR-NT-SM-63B4Q-SM-63B4P	19	51480869	51581339	22	100470	0.06247	3.9999600004e-05	1.18523	4	3.93973	0	0	3.93973	3.65187264173993	0	1.18523	1.18523	1.18523	2	2	2	2	0	0	0.17	0.01003	0.39676	0.17	0.01003	0.39676	0	0	0	0	0	2	2
AC-P04-TR-NT-SM-63B4Q-SM-63B4P	19	51585862	57723535	803	6137673	0.00751	0.002229977700223	0.85945	2	2	0	0	2	2.27685435847879	0	0.85945	0.85903	0.85987	1	1	1	1	1	1	0.86	0.80336	0.91097	0.86	0.80184	0.90922	0	0	0	0	0	1	1
AC-P04-TR-NT-SM-63B4Q-SM-63B4P	19	57743496	57746699	5	3203	0.13042	0	1.17951	4	3.80421	0	0	3.80421	3.62773026166671	NA	NA	NA	NA	NA	NA	NA	NA	NA	NA	NA	NA	NA	NA	NA	NA	NA	NA	NA	NA	NA	NA	NA
AC-P04-TR-NT-SM-63B4Q-SM-63B4P	19	57802832	59082558	153	1279726	0.01679	0.000459995400046	0.8388	2	2	0	0	2	2.18969698985781	0	0.8388	0.8388	0.8388	1	1	1	1	0	0	0.91	0.83559	0.9641	0.91	0.83559	0.9641	0	0	0	0	0	1	1
AC-P04-TR-NT-SM-63B4Q-SM-63B4P	20	76851	62904763	3463	62827912	0.00536	0.02279977200228	1.27599	4	4	0	0	4	4.03494299409053	0	1.27599	1.27599	1.27599	2	2	2	2	0	0	0.02	0	0.05944	0.02	0	0.05944	0	0	0	0	0	2	2
AC-P04-TR-NT-SM-63B4Q-SM-63B4P	21	10862908	15538727	35	4675819	0.04028	0.00169998300017	0.96306	3	2.99964	0	0	2.99964	2.7141606520778	0	0.96306	0.53009	1.39603	0	2	0.28003	2.00168	0	0	0.56	0.16923	0.90727	0.27	0.01723	0.66154	1	0	0	0	0	0.28003	2.00168
AC-P04-TR-NT-SM-63B4Q-SM-63B4P	21	15561547	38468911	617	22907364	0.00821	0.00830991690083099	0.82355	2	2	0	0	2	2.12533137864861	0	0.82355	0.346	1.30111	0	2	0	2	0	0	0.95	0.85437	1	0.07	1e-05	0.14988	1	0	0	0	0	0	2
AC-P04-TR-NT-SM-63B4Q-SM-63B4P	21	38495305	38877738	32	382433	0.05991	0.000139998600014	1.37133	4	4.34982	0	0	4.34982	4.43734413328299	NA	NA	NA	NA	NA	NA	NA	NA	NA	NA	NA	NA	NA	NA	NA	NA	NA	NA	NA	NA	NA	NA	NA
AC-P04-TR-NT-SM-63B4Q-SM-63B4P	21	38884523	44119099	276	5234576	0.01173	0.00189998100019	0.78704	2	2	0	0	2	1.97123377437007	0	0.78704	0.33943	1.23466	0	2	0	2	0	0	0.96	0.85512	1	0.07	0	0.16073	1	0	0	0	0	0	2
AC-P04-TR-NT-SM-63B4Q-SM-63B4P	21	44180975	48084222	408	3903247	0.01006	0.001419985800142	0.82044	2	2	0	0	2	2.11220501465775	0	0.82044	0.32039	1.32049	0	2	0	2	0	0	1	0.90901	1	0.11	0.03117	0.18263	1	0	0	0	0	0	2
AC-P04-TR-NT-SM-63B4Q-SM-63B4P	22	16282534	20458841	295	4176307	0.01522	0.001519984800152	1.057	3	3	0	0	3	3.11065281712646	0	1.057	0.82804	1.28596	1	2	1	2	0	0	0.93	0.7312	1	0.04	0	0.23118	0	0	0	0	0	1	2
AC-P04-TR-NT-SM-63B4Q-SM-63B4P	22	21947197	23090263	83	1143066	0.02301	0.000409995900041	0.84671	2	2	0	0	2	2.22308269377025	0	0.84671	0.76713	0.92628	1	1	1	1.00006	0	0	0.06	0	0.37294	0.72	0.41822	0.95809	0	0	0	0	0	1	1.00006
AC-P04-TR-NT-SM-63B4Q-SM-63B4P	22	23114930	38329082	1113	15214152	0.00593	0.00551994480055199	0.79894	2	2	0	0	2	2.02146005459233	0	0.79894	0.79894	0.79894	1	1	1	1	0	0	0.99	0.93504	1	0.99	0.93504	1	0	0	0	0	0	1	1
AC-P04-TR-NT-SM-63B4Q-SM-63B4P	22	38336776	38343378	5	6602	0.14857	0	1.34427	4	4.45904	0	0	4.45904	4.32313210447506	NA	NA	NA	NA	NA	NA	NA	NA	NA	NA	NA	NA	NA	NA	NA	NA	NA	NA	NA	NA	NA	NA	NA
AC-P04-TR-NT-SM-63B4Q-SM-63B4P	22	38349104	50987636	1065	12638532	0.00619	0.004589954100459	0.81627	2	2	0	0	2	2.09460471310088	0	0.81627	0.81627	0.81627	1	1	1	1	0	0	0.95	0.89561	1	0.95	0.89561	1	0	0	0	0	0	1	1
AC-P04-TR-NT-SM-63B4Q-SM-63B4P	22	51008050	51237387	52	229337	0.03654	7.99992000079999e-05	1.06536	3	3	0	0	3	3.14593783415655	0	1.06536	0.82038	1.31034	1	2	1.00339	2.0029	0	0	0.94	0.32133	0.98937	0.09	0.0018	0.69281	0	0	0	0	0	1.00339	2.0029
