sample	Chromosome	Start.bp	End.bp	n_probes	length	seg_sigma	W	total_copy_ratio	modal_total_cn	expected_total_cn	total_HZ	total_amp	corrected_total_cn	rescaled_total_cn	bi.allelic	copy.ratio	hscr.a1	hscr.a2	modal.a1	modal.a2	expected.a1	expected.a2	subclonal.a1	subclonal.a2	cancer.cell.frac.a1	ccf.ci95.low.a1	ccf.ci95.high.a1	cancer.cell.frac.a2	ccf.ci95.low.a2	ccf.ci95.high.a2	LOH	HZ	SC_HZ	amp.a1	amp.a2	rescaled.cn.a1	rescaled.cn.a2
AC-P07-TP-NT-SM-63B4V-SM-63B4W	1	69549	3643733	335	3574184	0.01123	0.00129005160206408	1.00221	2	2	0	0	2	2.052535644159	0	1.00221	1.00221	1.00221	1	1	1	1	0	0	0.03	0	0.09437	0.03	0	0.09437	0	0	0	0	0	1	1
AC-P07-TP-NT-SM-63B4V-SM-63B4W	1	3645951	6885210	194	3239259	0.01068	0.00117004680187207	0.72412	1	1	0	0	1	1.07215118273756	0	0.72412	0.46301	0.98522	0	1	0	1	0	0	0.92	0.79085	1	0	0	0.13946	1	0	0	0	0	0	1
AC-P07-TP-NT-SM-63B4V-SM-63B4W	1	7309618	11132185	322	3822567	0.00819	0.00138005520220809	0.71486	1	1	0	0	1	1.03950577976456	0	0.71486	0.39424	1.03547	0	1	0	1	0	0	1	0.94697	1	0.08	0.01545	0.14633	1	0	0	0	0	0	1
AC-P07-TP-NT-SM-63B4V-SM-63B4W	1	11134027	11345944	78	211917	0.01675	8.00032001280051e-05	0.71994	1	1	0	0	1	1.05741492092037	0	0.71994	0.53715	0.90273	0	1	0	1	0	0	0.79	0.48439	0.97911	0.15	0.00283	0.45349	1	0	0	0	0	0	1
AC-P07-TP-NT-SM-63B4V-SM-63B4W	1	11562844	40240615	2738	28677771	0.00397	0.0103504140165607	1.01183	2	2	0	0	2	2.08645019886745	0	1.01183	1.01183	1.01183	1	1	1	1	0	0	0.04	0.00248	0.07545	0.04	0.00248	0.07545	0	0	0	0	0	1	1
AC-P07-TP-NT-SM-63B4V-SM-63B4W	1	40309831	40366858	10	57027	0.08368	2.00008000320013e-05	1.2914	3	3.00838	0	0	3.00838	3.0720522840902	NA	NA	NA	NA	NA	NA	NA	NA	NA	NA	NA	NA	NA	NA	NA	NA	NA	NA	NA	NA	NA	NA	NA
AC-P07-TP-NT-SM-63B4V-SM-63B4W	1	40424434	144874792	3985	104450358	0.00322	0.0377115084603384	0.99129	2	2	0	0	2	2.01403804151697	0	0.99129	0.99129	0.99129	1	1	1	1	0	0	0.01	0	0.03947	0.01	0	0.03947	0	0	0	0	0	1	1
AC-P07-TP-NT-SM-63B4V-SM-63B4W	1	144876002	145115811	38	239809	0.03043	9.00036001440058e-05	0.91409	2	2	0	0	2	1.74187550269236	0	0.91409	0.28992	1.53825	0	2	0	2	0	0	1	0.78062	1	0.97	0.63515	1	1	0	0	0	0	0	2
AC-P07-TP-NT-SM-63B4V-SM-63B4W	1	145248875	249211681	6730	103962806	0.00248	0.0375415016600664	0.99064	2	2	0	0	2	2.01174651755018	0	0.99064	0.99064	0.99064	1	1	1	1	0	0	0.01	0	0.0385	0.01	0	0.0385	0	0	0	0	0	1	1
AC-P07-TP-NT-SM-63B4V-SM-63B4W	2	45912	207026132	8384	206980220	0.00219	0.0747329893195728	0.9767	2	2	0	0	2	1.96260214201631	0	0.9767	0.9767	0.9767	1	1	1	1	0	0	0.02	0	0.04934	0.02	0	0.04934	0	0	0	0	0	1	1
AC-P07-TP-NT-SM-63B4V-SM-63B4W	2	207026794	207509166	23	482372	0.04669	0.000170006800272011	1.09193	2	2.01586	0	0	2.01586	2.36883646000542	0	1.09193	1.09193	1.09193	1	1	1	1	0	0	0.18	0.00996	0.43388	0.18	0.00996	0.43388	0	0	0	0	0	1	1
AC-P07-TP-NT-SM-63B4V-SM-63B4W	2	207527872	242814645	1982	35286773	0.00455	0.0127405096203848	0.98802	2	2	0	0	2	2.00250991325328	0	0.98802	0.98802	0.98802	1	1	1	1	0	0	0	0	0.03778	0	0	0.03778	0	0	0	0	0	1	1
AC-P07-TP-NT-SM-63B4V-SM-63B4W	3	369943	160254605	7060	159884662	0.0024	0.0577323092923717	0.98326	2	2	0	0	2	1.98572890697343	0	0.98326	0.98326	0.98326	1	1	1	1	0	0	0.01	0	0.0392	0.01	0	0.0392	0	0	0	0	0	1	1
AC-P07-TP-NT-SM-63B4V-SM-63B4W	3	160474295	168840441	125	8366146	0.05812	0.00302012080483219	3.17845	7	7	0	1	9.72469890182304	9.72469890182304	0	3.17845	0.97991	5.377	1	7	1	7	0	0	0.01	0	0.2714	NA	NA	NA	0	0	0	0	1	1	8.7377571564351
AC-P07-TP-NT-SM-63B4V-SM-63B4W	3	168861552	169513335	14	651783	0.17007	0.000240009600384015	3.11228	7	6.99953	0	1	9.49142176200407	9.49142176200407	0	3.11228	1.24802	4.97655	1	7	1.3884	6.9678	0	0	0.46	0.02235	0.96216	NA	NA	NA	0	0	0	0	1	1.3884	8.03187963912737
AC-P07-TP-NT-SM-63B4V-SM-63B4W	3	169514609	183670965	482	14156356	0.02939	0.00511020440817633	3.15599	7	7	0	1	9.64551793521681	9.64551793521681	0	3.15599	0.9576	5.35438	1	7	1	7	0	0	0.05	0	0.18093	NA	NA	NA	0	0	0	0	1	1	8.697884639413
AC-P07-TP-NT-SM-63B4V-SM-63B4W	3	183679370	183754257	18	74887	0.18794	3.00012000480019e-05	3.90104	7	7	0	1	12.2721332143784	12.2721332143784	0	3.90104	0.49203	7.31004	0	7	0.5832	6.96637	0	0	0.87	0.02392	0.97735	NA	NA	NA	1	0	0	0	1	0.5832	12.1451475324035
AC-P07-TP-NT-SM-63B4V-SM-63B4W	3	183756304	194369471	610	10613167	0.02666	0.00383015320612825	3.22035	7	7	0	1	9.87241406214365	9.87241406214365	0	3.22035	1.05896	5.38174	1	7	1	7	0	0	0.13	0.0134	0.24426	NA	NA	NA	0	0	0	0	1	1	8.74611240536016
AC-P07-TP-NT-SM-63B4V-SM-63B4W	3	194371894	194380831	4	8937	0.42407	0	4.1498	7	6.90344	0	1	13.1491170635754	13.1491170635754	0	4.1498	1.29239	7.00721	1	4	1.34089	3.76061	0	0	0.54	0.01571	0.97447	NA	NA	NA	0	0	0	0	1	1.34089	11.6113458378941
AC-P07-TP-NT-SM-63B4V-SM-63B4W	3	194386974	197765487	242	3378513	0.04253	0.00122004880195208	3.23575	7	7	0	1	9.92670555304908	9.92670555304908	0	3.23575	0.8758	5.5957	1	7	1	7	0	0	0.2	0.02798	0.37549	NA	NA	NA	0	0	0	0	1	1	9.1232619960785
AC-P07-TP-NT-SM-63B4V-SM-63B4W	4	59385	68703968	1850	68644583	0.00468	0.0247909916396656	0.98091	2	2	0	0	2	1.97744416647812	0	0.98091	0.98091	0.98091	1	1	1	1	0	0	0.01	0	0.0446	0.01	0	0.0446	0	0	0	0	0	1	1
AC-P07-TP-NT-SM-63B4V-SM-63B4W	4	68725335	69520856	37	795521	0.03653	0.000290011600464019	1.08367	2	2.00021	0	0	2.00021	2.33971647851978	0	1.08367	1.08367	1.08367	1	1	1	1	0	0	0.17	0.02595	0.31722	0.17	0.02595	0.31722	0	0	0	0	0	1	1
AC-P07-TP-NT-SM-63B4V-SM-63B4W	4	69533831	191012705	3484	121478874	0.00343	0.0438617544701788	0.98597	2	2	0	0	2	1.99528279920419	0	0.98597	0.98597	0.98597	1	1	1	1	0	0	0	0	0.03745	0	0	0.03745	0	0	0	0	0	1	1
AC-P07-TP-NT-SM-63B4V-SM-63B4W	5	143556	150858965	5064	150715409	0.00282	0.0544221768870755	0.97828	2	2	0	0	2	1.96817230796635	0	0.97828	0.97828	0.97828	1	1	1	1	0	0	0.02	0	0.04763	0.02	0	0.04763	0	0	0	0	0	1	1
AC-P07-TP-NT-SM-63B4V-SM-63B4W	5	150885391	151045995	25	160604	0.04462	6.00024000960038e-05	1.08802	2	2.00621	0	0	2.00621	2.35505206198982	0	1.08802	1.08802	1.08802	1	1	1.00001	1.00001	0	0	0.18	0.00539	0.52097	0.18	0.00539	0.52097	0	0	0	0	0	1.00001	1.00001
AC-P07-TP-NT-SM-63B4V-SM-63B4W	5	151049284	176793963	854	25744679	0.00684	0.00930037201488059	0.97375	2	2	0	0	2	1.95220214862858	0	0.97375	0.97359	0.97392	1	1	1	1	0	0	0.02	0	0.06277	0.02	0	0.06205	0	0	0	0	0	1	1
AC-P07-TP-NT-SM-63B4V-SM-63B4W	5	176795819	177156520	88	360701	0.02201	0.000130005200208008	1.00655	2	2	0	0	2	2.06783597341417	0	1.00655	1.00655	1.00655	1	1	1	1	0	0	0.03	0	0.28941	0.03	0	0.28941	0	0	0	0	0	1	1
AC-P07-TP-NT-SM-63B4V-SM-63B4W	5	177161392	177465878	11	304486	0.06213	0.000110004400176007	1.00458	2	2.00022	0	0	2.00022	2.06089089308406	0	1.00458	0.48654	1.52263	0	2	0.2211	1.86727	0	0	0.88	0.06483	0.98208	0.94	0.07478	0.98366	1	0	0	0	0	0.2211	1.86727
AC-P07-TP-NT-SM-63B4V-SM-63B4W	5	177468728	180794756	256	3326028	0.0127	0.00120004800192008	0.99016	2	2	0	0	2	2.01005431523625	0	0.99016	0.99013	0.99018	1	1	1	1	0	0	0	0	0.0479	0.01	0	0.04795	0	0	0	0	0	1	1
AC-P07-TP-NT-SM-63B4V-SM-63B4W	6	345890	38790711	2498	38444821	0.00408	0.0138805552222089	0.99389	2	2	0	0	2	2.02320413738412	0	0.99389	0.99389	0.99389	1	1	1	1	0	0	0.01	0	0.04532	0.01	0	0.04532	0	0	0	0	0	1	1
AC-P07-TP-NT-SM-63B4V-SM-63B4W	6	38794049	39881548	112	1087499	0.01784	0.000390015600624025	0.91983	2	2	0	0	2	1.76211142202984	0	0.91983	0.91983	0.91983	1	1	1	1	0	0	0.12	0.00503	0.25976	0.12	0.00503	0.25976	0	0	0	0	0	1	1
AC-P07-TP-NT-SM-63B4V-SM-63B4W	6	39895192	161032673	4378	121137481	0.00303	0.0437417496699868	0.97598	2	2	0	0	2	1.96006383854541	0	0.97598	0.97598	0.97598	1	1	1	1	0	0	0.02	0	0.05067	0.02	0	0.05067	0	0	0	0	0	1	1
AC-P07-TP-NT-SM-63B4V-SM-63B4W	6	161038228	161067336	12	29108	0.0873	1.00004000160006e-05	1.47661	4	3.92616	0	0	3.92616	3.72499559776514	NA	NA	NA	NA	NA	NA	NA	NA	NA	NA	NA	NA	NA	NA	NA	NA	NA	NA	NA	NA	NA	NA	NA
AC-P07-TP-NT-SM-63B4V-SM-63B4W	6	161085221	170892713	261	9807492	0.01226	0.00354014160566423	0.96537	2	2	0	0	2	1.92265911656446	0	0.96537	0.96537	0.96537	1	1	1	1	0	0	0.04	0	0.08248	0.04	0	0.08248	0	0	0	0	0	1	1
AC-P07-TP-NT-SM-63B4V-SM-63B4W	7	540563	4800806	228	4260243	0.01335	0.0015400616024641	0.9828	2	2	0	0	2	1.98410721308924	0	0.9828	0.97985	0.98575	1	1	1	1	0	0	0.01	0	0.08996	0	0	0.08252	0	0	0	0	0	1	1
AC-P07-TP-NT-SM-63B4V-SM-63B4W	7	4821291	6370395	147	1549104	0.01235	0.000560022400896036	0.72837	1	1	0	0	1	1.08713422405886	0	0.72837	0.41295	1.04378	0	1	0	1	0	0	1	0.89355	1	0.1	0.0088	0.19223	1	0	0	0	0	0	1
AC-P07-TP-NT-SM-63B4V-SM-63B4W	7	6431613	74169854	1829	67738241	0.00471	0.0244609784391376	0.98269	2	2	0	0	2	1.98371941672563	0	0.98269	0.98269	0.98269	1	1	1	1	0	0	0.01	0	0.04208	0.01	0	0.04208	0	0	0	0	0	1	1
AC-P07-TP-NT-SM-63B4V-SM-63B4W	7	74172312	74193685	5	21373	0.11553	1.00004000160006e-05	1.26062	3	3.0097	0	0	3.0097	2.96353981070909	NA	NA	NA	NA	NA	NA	NA	NA	NA	NA	NA	NA	NA	NA	NA	NA	NA	NA	NA	NA	NA	NA	NA
AC-P07-TP-NT-SM-63B4V-SM-63B4W	7	74197921	99913436	1162	25715515	0.00587	0.00928037121484859	0.976	2	2	0	0	2	1.96013434697515	0	0.976	0.976	0.976	1	1	1	1	0	0	0.02	0	0.05539	0.02	0	0.05539	0	0	0	0	0	1	1
AC-P07-TP-NT-SM-63B4V-SM-63B4W	7	99917309	100470305	174	552996	0.01597	0.000200008000320013	1.02705	2	2	0	0	2	2.14010711390516	0	1.02705	1.02705	1.02705	1	1	1.03871	1.03871	0	0	0.07	0.00529	0.88682	0.07	0.00529	0.88682	0	0	0	0	0	1.03871	1.03871
AC-P07-TP-NT-SM-63B4V-SM-63B4W	7	100473272	158935187	2673	58461915	0.00391	0.0211108444337774	0.9855	2	2	0	0	2	1.99362585110512	0	0.9855	0.9855	0.9855	1	1	1	1	0	0	0	0	0.03772	0	0	0.03772	0	0	0	0	0	1	1
AC-P07-TP-NT-SM-63B4V-SM-63B4W	8	190901	75171678	2336	74980777	0.0043	0.0270710828433137	1.01228	2	2	0	0	2	2.08803663853677	0	1.01228	1.01228	1.01228	1	1	1	1	0	0	0.04	0.00229	0.07735	0.04	0.00229	0.07735	0	0	0	0	0	1	1
AC-P07-TP-NT-SM-63B4V-SM-63B4W	8	75233332	90782078	241	15548746	0.01656	0.00561022440897636	1.25411	3	3	0	0	3	2.94058931682634	0	1.25411	0.94826	1.55997	1	2	1	2	0	0	0.07	0	0.17323	0.01	0	0.12302	0	0	0	0	0	1	2
AC-P07-TP-NT-SM-63B4V-SM-63B4W	8	90798867	133953691	1333	43154824	0.00868	0.015580623224929	1.54802	4	4	0	0	4	3.9767459461779	0	1.54802	0.94629	2.14976	1	3	1	3	0	0	0.07	0.00561	0.13476	0.05	0	0.11188	0	0	0	0	0	1	3
AC-P07-TP-NT-SM-63B4V-SM-63B4W	8	133973285	146279473	638	12306188	0.01275	0.00444017760710428	1.5733	4	4	0	0	4	4.0658686013785	0	1.5733	1.01388	2.13272	1	3	1	3	0	0	0.05	0	0.12188	0.02	0	0.09779	0	0	0	0	0	1	3
AC-P07-TP-NT-SM-63B4V-SM-63B4W	9	286572	135866347	4929	135579775	0.00287	0.0489519580783231	0.98077	2	2	0	0	2	1.97695060746989	0	0.98077	0.98077	0.98077	1	1	1	1	0	0	0.01	0	0.04417	0.01	0	0.04417	0	0	0	0	0	1	1
AC-P07-TP-NT-SM-63B4V-SM-63B4W	9	135919213	135932223	7	13010	0.10045	0	1.29704	3	3.03999	0	0	3.03999	3.09193566127894	NA	NA	NA	NA	NA	NA	NA	NA	NA	NA	NA	NA	NA	NA	NA	NA	NA	NA	NA	NA	NA	NA	NA
AC-P07-TP-NT-SM-63B4V-SM-63B4W	9	135939865	141016185	714	5076320	0.0075	0.00183007320292812	0.97746	2	2	0	0	2	1.96528146234671	0	0.97746	0.97746	0.97746	1	1	1	1	0	0	0.02	0	0.06661	0.02	0	0.06661	0	0	0	0	0	1	1
AC-P07-TP-NT-SM-63B4V-SM-63B4W	10	94609	50966536	1676	50871927	0.00488	0.0183707348293932	0.97281	2	2	0	0	2	1.94888825243046	0	0.97281	0.97281	0.97281	1	1	1	1	0	0	0.03	0	0.06172	0.03	0	0.06172	0	0	0	0	0	1	1
AC-P07-TP-NT-SM-63B4V-SM-63B4W	10	51227127	51246297	5	19170	0.06376	1.00004000160006e-05	0.69349	1	1.00008	0	0	1.00008	0.964167522579559	NA	NA	NA	NA	NA	NA	NA	NA	NA	NA	NA	NA	NA	NA	NA	NA	NA	NA	NA	NA	NA	NA	NA
AC-P07-TP-NT-SM-63B4V-SM-63B4W	10	51486089	135490828	4101	84004739	0.00318	0.0303312132485299	0.99338	2	2	0	0	2	2.02140617242556	0	0.99338	0.99338	0.99338	1	1	1	1	0	0	0.01	0	0.04335	0.01	0	0.04335	0	0	0	0	0	1	1
AC-P07-TP-NT-SM-63B4V-SM-63B4W	11	194433	1857164	327	1662731	0.01104	0.000600024000960038	0.9727	2	2	0	0	2	1.94850045606685	0	0.9727	0.9727	0.9727	1	1	1	1	0	0	0.03	0	0.08684	0.03	0	0.08684	0	0	0	0	0	1	1
AC-P07-TP-NT-SM-63B4V-SM-63B4W	11	1858038	1904719	10	46681	0.07458	2.00008000320013e-05	1.1504	3	2.82731	0	0	2.82731	2.57496785437168	0	1.1504	1.1504	1.1504	1	1	1.12268	1.12268	0	0	0.29	0.0135	0.89901	0.29	0.0135	0.89901	0	0	0	0	0	1.12268	1.12268
AC-P07-TP-NT-SM-63B4V-SM-63B4W	11	1905531	20066864	1236	18161333	0.00576	0.00656026241049642	0.98732	2	2	0	0	2	2.00004211821213	0	0.98732	0.98732	0.98732	1	1	1	1	0	0	0	0	0.03667	0	0	0.03667	0	0	0	0	0	1	1
AC-P07-TP-NT-SM-63B4V-SM-63B4W	11	20071414	20119206	15	47792	0.06036	2.00008000320013e-05	1.14024	3	2.79296	0	0	2.79296	2.53914957206004	0	1.14024	1.14024	1.14024	1	1	1.00014	1.00014	0	0	0.27	0.02371	0.58793	0.27	0.02371	0.58793	0	0	0	0	0	1.00014	1.00014
AC-P07-TP-NT-SM-63B4V-SM-63B4W	11	20124877	71952239	3296	51827362	0.00354	0.0187107484299372	0.99095	2	2	0	0	2	2.01283939821127	0	0.99095	0.99095	0.99095	1	1	1	1	0	0	0.01	0	0.03923	0.01	0	0.03923	0	0	0	0	0	1	1
AC-P07-TP-NT-SM-63B4V-SM-63B4W	11	72005117	73120618	95	1115501	0.01486	0.000400016000640026	0.7048	1	1	0	0	1	1.00404003960166	0	0.7048	0.45099	0.9586	0	1	0	1	0	0	0.95	0.80358	1	0.05	0	0.18292	1	0	0	0	0	0	1
AC-P07-TP-NT-SM-63B4V-SM-63B4W	11	73130981	73933385	68	802404	0.0189	0.000290011600464019	0.75864	1	1	0	0	1	1.19384873248141	0	0.75864	0.3957	1.12157	0	1	0	1	0	0	1	0.84667	1	0.24	0.07795	0.38696	1	0	0	0	0	0	1
AC-P07-TP-NT-SM-63B4V-SM-63B4W	11	73962726	118828342	1726	44865616	0.00349	0.016200648025921	0.70586	1	1	0	0	1	1.00777698637827	0	0.70586	0.43099	0.98072	0	1	0	1	0	0	0.98	0.92637	1	0.01	0	0.05703	1	0	0	0	0	0	1
AC-P07-TP-NT-SM-63B4V-SM-63B4W	11	118849528	129830824	742	10981296	0.00527	0.00396015840633625	0.69898	1	1	0	0	1	0.983522086545195	0	0.69898	0.40455	0.99341	0	1	0	1	0	0	1	0.95225	1	0.01	0	0.0628	1	0	0	0	0	0	1
AC-P07-TP-NT-SM-63B4V-SM-63B4W	11	129980494	132016291	61	2035797	0.01682	0.000740029601184047	0.63871	1	1	0	0	1	0.771044933501683	0	0.63871	0.44597	0.83145	0	1	0	1	0	0	0.95	0.74877	1	0.27	0.08561	0.45645	1	0	0	0	0	0	1
AC-P07-TP-NT-SM-63B4V-SM-63B4W	11	132177649	134257497	97	2079848	0.01474	0.000750030001200048	0.70617	1	1	0	0	1	1.00886986703935	0	0.70617	0.3538	1.05855	0	1	0	1	0	0	1	0.81595	1	0.13	0.00145	0.34475	1	0	0	0	0	0	1
AC-P07-TP-NT-SM-63B4V-SM-63B4W	12	266776	2711072	177	2444296	0.01555	0.000880035201408056	1.0088	2	2	0	0	2	2.07576817176074	0	1.0088	1.00845	1.00915	1	1	1	1	0	0	0.04	0	0.09461	0.04	0	0.09576	0	0	0	0	0	1	1
AC-P07-TP-NT-SM-63B4V-SM-63B4W	12	2719785	2757656	4	37871	0.07486	1.00004000160006e-05	0.72852	1	1.00729	0	0	1.00729	1.08766303728197	NA	NA	NA	NA	NA	NA	NA	NA	NA	NA	NA	NA	NA	NA	NA	NA	NA	NA	NA	NA	NA	NA	NA
AC-P07-TP-NT-SM-63B4V-SM-63B4W	12	2778149	52776268	2887	49998119	0.00381	0.0180507220288812	0.99714	2	2	0	0	2	2.03466175721806	0	0.99714	0.99714	0.99714	1	1	1	1	0	0	0.02	0	0.04895	0.02	0	0.04895	0	0	0	0	0	1	1
AC-P07-TP-NT-SM-63B4V-SM-63B4W	12	52777477	52908874	46	131397	0.03455	5.00020000800032e-05	1.14315	3	2.97268	0	0	2.97268	2.54940854858828	0	1.14315	1.14315	1.14315	1	1	1	1	0	0	0.27	0.12076	0.41883	0.27	0.12076	0.41883	0	0	0	0	0	1	1
AC-P07-TP-NT-SM-63B4V-SM-63B4W	12	52910953	52938421	7	27468	0.10819	1.00004000160006e-05	1.39728	3	3.45186	0	0	3.45186	3.44532391117244	0	1.39728	1.39728	1.39728	2	2	1.66122	1.66122	0	0	0.72	0.04188	0.9767	0.72	0.04188	0.9767	0	0	0	0	0	1.66122	1.66122
AC-P07-TP-NT-SM-63B4V-SM-63B4W	12	52941703	133779095	4968	80837392	0.0029	0.0291911676467059	0.99494	2	2	0	0	2	2.02690582994585	0	0.99494	0.99494	0.99494	1	1	1	1	0	0	0.01	0	0.04609	0.01	0	0.04609	0	0	0	0	0	1	1
AC-P07-TP-NT-SM-63B4V-SM-63B4W	13	19751406	30857833	465	11106427	0.00933	0.00401016040641626	0.98035	2	2	0	0	2	1.97546993044519	0	0.98035	0.98035	0.98035	1	1	1	1	0	0	0.01	0	0.05223	0.01	0	0.05223	0	0	0	0	0	1	1
AC-P07-TP-NT-SM-63B4V-SM-63B4W	13	31036608	31491594	17	454986	0.0481	0.00016000640025601	0.96661	2	2	0	0	2	1.92703063920879	0	0.96661	0.6998	1.23343	1	1	0.51645	1.09056	0	0	0.51	0.15601	0.84595	0.43	0.09641	0.77902	0	0	0	0	0	0.51645	1.09056
AC-P07-TP-NT-SM-63B4V-SM-63B4W	13	31495840	32711058	56	1215218	0.02733	0.000440017600704028	0.99704	2	2	0	0	2	2.03430921506932	0	0.99704	0.99704	0.99704	1	1	1	1	0	0	0.02	0	0.08755	0.02	0	0.08755	0	0	0	0	0	1	1
AC-P07-TP-NT-SM-63B4V-SM-63B4W	13	32729713	78493640	1151	45763927	0.00423	0.0165206608264331	0.69893	1	1	0	0	1	0.983345815470826	0	0.69893	0.416	0.98185	0	1	0	1	0	0	1	0.94524	1	0.01	0	0.05702	1	0	0	0	0	0	1
AC-P07-TP-NT-SM-63B4V-SM-63B4W	13	79177399	88329081	33	9151682	0.03392	0.00330013200528021	0.94954	2	2	0	0	2	1.86685169441947	0	0.94954	0.94954	0.94954	1	1	1	1	0	0	0.07	0	0.27359	0.07	0	0.27359	0	0	0	0	0	1	1
AC-P07-TP-NT-SM-63B4V-SM-63B4W	13	92003039	99174067	201	7171028	0.02274	0.00259010360414417	1.57462	4	4	0	0	4	4.07052215774182	0	1.57462	1.01739	2.13185	1	3	1	3	0	0	0.05	0	0.25298	0.02	0	0.22545	0	0	0	0	0	1	3
AC-P07-TP-NT-SM-63B4V-SM-63B4W	13	99339906	99340777	3	871	0.23683	0	2.0045	5	5.35025	0	0	5.35025	5.58603034673045	NA	NA	NA	NA	NA	NA	NA	NA	NA	NA	NA	NA	NA	NA	NA	NA	NA	NA	NA	NA	NA	NA	NA
AC-P07-TP-NT-SM-63B4V-SM-63B4W	13	99356615	109445925	250	10089310	0.01973	0.00364014560582423	1.52346	4	4	0	0	4	3.89016159444821	0	1.52346	0.95167	2.09525	1	3	1	3	0	0	0.06	0	0.22806	0.95	0.77503	1	0	0	0	0	0	1	3
AC-P07-TP-NT-SM-63B4V-SM-63B4W	13	109459089	110850895	46	1391806	0.04479	0.000500020000800032	1.4832	4	3.99994	0	0	3.99994	3.74822812536688	0	1.4832	1.16165	1.80475	1	2	1.00002	2.01631	0	0	0.31	0.05943	0.56462	0.44	0.17509	0.6976	0	0	0	0	0	1.00002	2.01631
AC-P07-TP-NT-SM-63B4V-SM-63B4W	13	110853826	115090536	312	4236710	0.01778	0.0015300612024481	1.53376	4	4	0	0	4	3.92647343576807	0	1.53376	0.98815	2.07937	1	3	1	3	0	0	0	0	0.1078	0.92	0.82008	1	0	0	0	0	0	1	3
AC-P07-TP-NT-SM-63B4V-SM-63B4W	14	19558773	36986853	1292	17428080	0.00565	0.0062902516100644	0.98999	2	2	0	0	2	2.00945499358339	0	0.98999	0.98999	0.98999	1	1	1	1	0	0	0	0	0.04257	0	0	0.04257	0	0	0	0	0	1	1
AC-P07-TP-NT-SM-63B4V-SM-63B4W	14	37145529	37154039	3	8510	0.15075	0	1.27413	3	3.08789	0	0	3.08789	3.01116825500339	NA	NA	NA	NA	NA	NA	NA	NA	NA	NA	NA	NA	NA	NA	NA	NA	NA	NA	NA	NA	NA	NA	NA
AC-P07-TP-NT-SM-63B4V-SM-63B4W	14	37194828	60977885	752	23783057	0.00727	0.00859034361374455	0.97227	2	2	0	0	2	1.94698452482728	0	0.97227	0.97227	0.97227	1	1	1	1	0	0	0.03	0	0.06052	0.03	0	0.06052	0	0	0	0	0	1	1
AC-P07-TP-NT-SM-63B4V-SM-63B4W	14	61115627	61201624	5	85997	0.11335	3.00012000480019e-05	1.23675	3	2.97042	0	0	2.97042	2.87938799980568	NA	NA	NA	NA	NA	NA	NA	NA	NA	NA	NA	NA	NA	NA	NA	NA	NA	NA	NA	NA	NA	NA	NA
AC-P07-TP-NT-SM-63B4V-SM-63B4W	14	61278774	107114171	2483	45835397	0.00403	0.0165506620264811	0.97841	2	2	0	0	2	1.9686306127597	0	0.97841	0.97841	0.97841	1	1	1	1	0	0	0.02	0	0.0482	0.02	0	0.0482	0	0	0	0	0	1	1
AC-P07-TP-NT-SM-63B4V-SM-63B4W	14	107131182	107283203	13	152021	0.06228	5.00020000800032e-05	1.09513	2	2.12754	0	0	2.12754	2.38011780876499	0	1.09513	0.52106	1.6692	0	2	0	2	0	0	0.82	0.63374	0.97083	0.2	0.03165	0.37944	1	0	0	0	0	0	2
AC-P07-TP-NT-SM-63B4V-SM-63B4W	15	20170331	22483260	30	2312929	0.03656	0.000840033601344054	0.97597	2	2	0	0	2	1.96002858433053	0	0.97597	0.40184	1.5501	0	2	0	2	0	0	1	0.72787	1	0.99	0.70077	1	1	0	0	0	0	0	2
AC-P07-TP-NT-SM-63B4V-SM-63B4W	15	22738244	102500730	4769	79762486	0.00294	0.0288011520460818	0.98882	2	2	0	0	2	2.00533025044318	0	0.98882	0.98882	0.98882	1	1	1	1	0	0	0	0	0.03701	0	0	0.03701	0	0	0	0	0	1	1
AC-P07-TP-NT-SM-63B4V-SM-63B4W	16	105503	3533479	752	3427976	0.00741	0.00124004960198408	0.99009	2	2	0	0	2	2.00980753573213	0	0.99009	0.99009	0.99009	1	1	1	1	0	0	0	0	0.04653	0	0	0.04653	0	0	0	0	0	1	1
AC-P07-TP-NT-SM-63B4V-SM-63B4W	16	3554775	3582813	9	28038	0.09157	1.00004000160006e-05	1.34088	3	3.0972	0	0	3.0972	3.24649013928503	0	1.34088	1.34088	1.34088	2	2	1.76915	1.76915	0	0	0.62	0.10084	0.96457	0.62	0.10084	0.96457	0	0	0	0	0	1.76915	1.76915
AC-P07-TP-NT-SM-63B4V-SM-63B4W	16	3594287	16346334	662	12752047	0.00785	0.00460018400736029	0.98481	2	2	0	0	2	1.99119331027884	0	0.98481	0.98481	0.98481	1	1	1	1	0	0	0	0	0.04966	0	0	0.04966	0	0	0	0	0	1	1
AC-P07-TP-NT-SM-63B4V-SM-63B4W	16	16349939	16367890	10	17951	0.04679	1.00004000160006e-05	0.71998	1	1	0	0	1	1.05755593777987	NA	NA	NA	NA	NA	NA	NA	NA	NA	NA	NA	NA	NA	NA	NA	NA	NA	NA	NA	NA	NA	NA	NA
AC-P07-TP-NT-SM-63B4V-SM-63B4W	16	16369236	90141820	4195	73772584	0.00312	0.0266410656426257	0.98361	2	2	0	0	2	1.986962804494	0	0.98361	0.98361	0.98361	1	1	1	1	0	0	0.01	0	0.0395	0.01	0	0.0395	0	0	0	0	0	1	1
AC-P07-TP-NT-SM-63B4V-SM-63B4W	17	96988	7826458	1447	7729470	0.00538	0.00279011160446418	0.99719	2	2	0	0	2	2.03483802829243	0	0.99719	0.99719	0.99719	1	1	1	1	0	0	0.02	0	0.05049	0.02	0	0.05049	0	0	0	0	0	1	1
AC-P07-TP-NT-SM-63B4V-SM-63B4W	17	7827332	7827775	3	443	0.16197	0	1.36937	3	3.41016	0	0	3.41016	3.34692939746007	NA	NA	NA	NA	NA	NA	NA	NA	NA	NA	NA	NA	NA	NA	NA	NA	NA	NA	NA	NA	NA	NA	NA
AC-P07-TP-NT-SM-63B4V-SM-63B4W	17	7829022	8046059	82	217037	0.02308	8.00032001280051e-05	1.01904	2	2	0	0	2	2.11186848779136	0	1.01904	1.01904	1.01904	1	1	1.00002	1.00002	0	0	0.06	0	0.49499	0.06	0	0.49499	0	0	0	0	0	1.00002	1.00002
AC-P07-TP-NT-SM-63B4V-SM-63B4W	17	8049365	8050267	4	902	0.08186	0	0.79714	1	1.24744	0	0	1.24744	1.32957745974498	0	0.79714	0.79714	0.79714	1	1	0.99995	0.99995	0	0	0.34	0.0827	0.58762	0.34	0.0827	0.58762	0	0	0	0	0	0.99995	0.99995
AC-P07-TP-NT-SM-63B4V-SM-63B4W	17	8050841	39768674	2876	31717833	0.00383	0.0114504580183207	1.00137	2	2	0	0	2	2.04957429010961	0	1.00137	1.00137	1.00137	1	1	1	1	0	0	0.02	0	0.0574	0.02	0	0.0574	0	0	0	0	0	1	1
AC-P07-TP-NT-SM-63B4V-SM-63B4W	17	39776798	39780545	7	3747	0.10627	0	1.37246	3	3.30391	0	0	3.30391	3.35782294985603	NA	NA	NA	NA	NA	NA	NA	NA	NA	NA	NA	NA	NA	NA	NA	NA	NA	NA	NA	NA	NA	NA	NA
AC-P07-TP-NT-SM-63B4V-SM-63B4W	17	39846390	62020320	2259	22173930	0.00433	0.00801032041281651	1.00417	2	2	0	0	2	2.05944547027424	0	1.00417	1.00415	1.00419	1	1	1	1	0	0	0.03	0	0.06222	0.03	0	0.06231	0	0	0	0	0	1	1
AC-P07-TP-NT-SM-63B4V-SM-63B4W	17	62022858	62492805	46	469947	0.0284	0.000170006800272011	0.93871	2	2	0	0	2	1.8286713797113	0	0.93871	0.74945	1.12796	1	1	0.68065	1.14444	0	0	0.42	0.02226	0.95062	0.25	0.01144	0.92078	0	0	0	0	0	0.68065	1.14444
AC-P07-TP-NT-SM-63B4V-SM-63B4W	17	62496778	80059649	1588	17562871	0.00515	0.00634025361014441	1	2	2	0	0	2	2.04474446267192	0	1	1	1	1	1	1	1	0	0	0.02	0	0.05543	0.02	0	0.05543	0	0	0	0	0	1	1
AC-P07-TP-NT-SM-63B4V-SM-63B4W	17	80085675	81052160	102	966485	0.01961	0.000350014000560022	0.96546	2	2	0	0	2	1.92297640449832	0	0.96546	0.89614	1.03478	1	1	1	1	0	0	0.16	0.00523	0.41621	0.08	0	0.34868	0	0	0	0	0	1	1
AC-P07-TP-NT-SM-63B4V-SM-63B4W	18	166802	5419792	173	5252990	0.01989	0.00190007600304012	1.27642	3	3	0	0	3	3.01924147020946	0	1.27642	1.00384	1.549	1	2	1	2	0	0	0.03	0	0.22059	0.99	0.78357	1	0	0	0	0	0	1	2
AC-P07-TP-NT-SM-63B4V-SM-63B4W	18	5424309	7023268	68	1598959	0.03774	0.000580023200928037	1.51977	4	4	0	0	4	3.87715278915983	0	1.51977	0.91289	2.12664	1	3	1	3	0	0	0.13	0.004	0.31148	0.01	0	0.20802	0	0	0	0	0	1	3
AC-P07-TP-NT-SM-63B4V-SM-63B4W	18	7034583	8387151	38	1352568	0.04988	0.000490019600784031	1.50129	4	3.99995	0	0	3.99995	3.81200300007331	0	1.50129	1.50129	1.50129	2	2	2	2	0	0	0.91	0.58374	1	0.91	0.58374	1	0	0	0	0	0	2	2
AC-P07-TP-NT-SM-63B4V-SM-63B4W	18	8394541	14183707	228	5789166	0.02118	0.00209008360334413	1.56191	4	4	0	0	4	4.0257140506374	0	1.56191	0.9643	2.15953	1	3	1	3	0	0	0.04	0	0.18576	0.07	0	0.20754	0	0	0	0	0	1	3
AC-P07-TP-NT-SM-63B4V-SM-63B4W	18	18562758	19239217	30	676459	0.03502	0.000240009600384015	0.93462	2	2	0	0	2	1.81425240582797	NA	NA	NA	NA	NA	NA	NA	NA	NA	NA	NA	NA	NA	NA	NA	NA	NA	NA	NA	NA	NA	NA	NA
AC-P07-TP-NT-SM-63B4V-SM-63B4W	18	19282367	19996655	26	714288	0.05965	0.000260010400416017	1.48508	4	3.99694	0	0	3.99694	3.75485591776312	0	1.48508	1.08117	1.88899	1	2	1.13809	2.2682	0	0	0.17	0.01161	0.95785	0.59	0.02257	0.97277	0	0	0	0	0	1.13809	2.2682
AC-P07-TP-NT-SM-63B4V-SM-63B4W	18	20529628	21061189	35	531561	0.0334	0.000190007600304012	0.96299	2	2	0	0	2	1.91426861342453	NA	NA	NA	NA	NA	NA	NA	NA	NA	NA	NA	NA	NA	NA	NA	NA	NA	NA	NA	NA	NA	NA	NA
AC-P07-TP-NT-SM-63B4V-SM-63B4W	18	21086975	21723150	121	636175	0.02901	0.000230009200368015	1.55849	4	4	0	0	4	4.01365710915061	0	1.55849	1.03213	2.08484	1	3	1	3	0	0	0.08	0	0.35862	0.93	0.64235	1	0	0	0	0	0	1	3
AC-P07-TP-NT-SM-63B4V-SM-63B4W	18	21739734	22932039	41	1192305	0.03082	0.000430017200688028	0.96192	2	2	0	0	2	1.91049641243305	0	0.96192	0.96192	0.96192	1	1	1	1	0	0	0.04	0	0.16489	0.04	0	0.16489	0	0	0	0	0	1	1
AC-P07-TP-NT-SM-63B4V-SM-63B4W	18	23615029	53254311	797	29639282	0.01136	0.0107004280171207	1.56677	4	4	0	0	4	4.042847599066	0	1.56677	1.00232	2.13121	1	3	1	3	0	0	0.03	0	0.11688	0.02	0	0.10852	0	0	0	0	0	1	3
AC-P07-TP-NT-SM-63B4V-SM-63B4W	18	54281740	55315831	54	1034091	0.01891	0.000370014800592024	0.67598	1	1	0	0	1	0.902437392335791	0	0.67598	0.41366	0.93831	0	1	0.0021	0.99636	0	0	1	0.37404	1	0.09	0.00158	0.68404	1	0	0	0	0	0.0021	0.99636
AC-P07-TP-NT-SM-63B4V-SM-63B4W	18	55319334	59483390	106	4164056	0.03132	0.0015000600024001	1.57449	4	4	0	0	4	4.07006385294846	0	1.57449	1.02114	2.12784	1	3	1	3	0	0	0.06	0	0.20954	0.01	0	0.1702	0	0	0	0	0	1	3
AC-P07-TP-NT-SM-63B4V-SM-63B4W	18	60230309	67992708	187	7762399	0.01952	0.00280011200448018	1.30297	3	3	0	0	3	3.11284141069901	0	1.30297	0.97615	1.62979	1	2	1	2	0	0	0.02	0	0.14039	0.13	0.0203	0.24372	0	0	0	0	0	1	2
AC-P07-TP-NT-SM-63B4V-SM-63B4W	18	70205947	77960703	158	7754756	0.01122	0.00280011200448018	0.686	1	1	0	0	1	0.937762115639192	0	0.686	0.41348	0.95852	0	1	0	1	0	0	1	0.91642	1	0.05	0	0.124	1	0	0	0	0	0	1
AC-P07-TP-NT-SM-63B4V-SM-63B4W	19	111137	1979567	256	1868430	0.01227	0.000670026801072043	0.95644	2	2	0	0	2	1.89117710268229	0	0.95644	0.94381	0.96907	1	1	1	1	0	0	0.08	0	0.17704	0.03	0	0.1372	0	0	0	0	0	1	1
AC-P07-TP-NT-SM-63B4V-SM-63B4W	19	1980174	41349791	4330	39369617	0.00311	0.0142105684227369	0.99919	2	2	0	0	2	2.04188887126716	0	0.99919	0.99919	0.99919	1	1	1	1	0	0	0.02	0	0.05221	0.02	0	0.05221	0	0	0	0	0	1	1
AC-P07-TP-NT-SM-63B4V-SM-63B4W	19	41351292	41381688	8	30396	0.05064	1.00004000160006e-05	0.69679	1	1	0	0	1	0.975801413487864	NA	NA	NA	NA	NA	NA	NA	NA	NA	NA	NA	NA	NA	NA	NA	NA	NA	NA	NA	NA	NA	NA	NA
AC-P07-TP-NT-SM-63B4V-SM-63B4W	19	41383188	43699285	340	2316097	0.01126	0.000840033601344054	1.01251	2	2	0	0	2	2.08884748547886	0	1.01251	1.01226	1.01275	1	1	1	1	0	0	0.04	0	0.08766	0.04	0	0.08834	0	0	0	0	0	1	1
AC-P07-TP-NT-SM-63B4V-SM-63B4W	19	43708220	43763147	5	54927	0.06731	2.00008000320013e-05	0.73244	1	1.00242	0	0	1.00242	1.10148268951244	NA	NA	NA	NA	NA	NA	NA	NA	NA	NA	NA	NA	NA	NA	NA	NA	NA	NA	NA	NA	NA	NA	NA
AC-P07-TP-NT-SM-63B4V-SM-63B4W	19	43772118	55358690	1739	11586572	0.0049	0.00418016720668827	0.996	2	2	0	0	2	2.03064277672246	0	0.996	0.996	0.996	1	1	1	1	0	0	0.02	0	0.04838	0.02	0	0.04838	0	0	0	0	0	1	1
AC-P07-TP-NT-SM-63B4V-SM-63B4W	19	55359377	55367220	5	7843	0.04943	0	0.53659	1	0.7362	0	0	0.7362	0.41102889121193	NA	NA	NA	NA	NA	NA	NA	NA	NA	NA	NA	NA	NA	NA	NA	NA	NA	NA	NA	NA	NA	NA	NA
AC-P07-TP-NT-SM-63B4V-SM-63B4W	19	55377311	59082558	449	3705247	0.00953	0.00134005360214409	0.98418	2	2	0	0	2	1.9889722947418	0	0.98418	0.98418	0.98418	1	1	1	1	0	0	0.01	0	0.04727	0.01	0	0.04727	0	0	0	0	0	1	1
AC-P07-TP-NT-SM-63B4V-SM-63B4W	20	76851	60879574	3148	60802723	0.00358	0.0219508780351214	0.97901	2	2	0	0	2	1.97074586565212	0	0.97901	0.97901	0.97901	1	1	1	1	0	0	0.01	0	0.04744	0.01	0	0.04744	0	0	0	0	0	1	1
AC-P07-TP-NT-SM-63B4V-SM-63B4W	20	60882467	62904763	338	2022296	0.01076	0.000730029201168047	0.96387	2	2	0	0	2	1.91737098433341	0	0.96387	0.94835	0.97939	1	1	1	1	0	0	0.07	0	0.18419	0.01	0	0.13806	0	0	0	0	0	1	1
AC-P07-TP-NT-SM-63B4V-SM-63B4W	21	10862908	10944727	13	81819	0.04643	3.00012000480019e-05	0.81521	1	1.05202	0	0	1.05202	1.39328182602167	0	0.81521	0.81521	0.81521	1	1	0.96279	0.96279	0	0	0.3	0.01735	0.80124	0.3	0.01735	0.80124	0	0	0	0	0	0.96279	0.96279
AC-P07-TP-NT-SM-63B4V-SM-63B4W	21	10952937	46275147	1176	35322210	0.00594	0.0127505100204008	0.99233	2	2	0	0	2	2.01770447986383	0	0.99233	0.99233	0.99233	1	1	1	1	0	0	0.01	0	0.04649	0.01	0	0.04649	0	0	0	0	0	1	1
AC-P07-TP-NT-SM-63B4V-SM-63B4W	21	46281131	46380048	15	98917	0.03703	4.00016000640026e-05	0.69763	1	1	0	0	1	0.978762767537251	0	0.69763	0.69763	0.69763	0	0	0.41835	0.41835	0	0	0.51	0.24616	0.76501	0.51	0.24616	0.76501	1	1	0	0	0	0.41835	0.41835
AC-P07-TP-NT-SM-63B4V-SM-63B4W	21	46596111	47822320	126	1226209	0.01784	0.000440017600704028	0.97624	2	2	0	0	2	1.96098044813212	0	0.97624	0.97624	0.97624	1	1	1	1	0	0	0.02	0	0.08101	0.02	0	0.08101	0	0	0	0	0	1	1
AC-P07-TP-NT-SM-63B4V-SM-63B4W	21	47832828	47865218	15	32390	0.06933	1.00004000160006e-05	1.31052	3	3.00322	0	0	3.00322	3.13945834292862	0	1.31052	1.31052	1.31052	2	2	1.9408	1.9408	0	0	0.57	0.26683	0.85757	0.57	0.26683	0.85757	0	0	0	0	0	1.9408	1.9408
AC-P07-TP-NT-SM-63B4V-SM-63B4W	21	47929229	48084222	32	154993	0.03619	6.00024000960038e-05	0.99788	2	2	0	0	2	2.03727056911871	0	0.99788	0.99788	0.99788	1	1	1	1	0	0	0.02	0	0.26539	0.02	0	0.26539	0	0	0	0	0	1	1
AC-P07-TP-NT-SM-63B4V-SM-63B4W	22	16282534	23029600	374	6747066	0.01094	0.00244009760390416	1.03146	2	2	0	0	2	2.15565422266444	0	1.03146	1.03146	1.03146	1	1	1	1	0	0	0.08	0.02439	0.12059	0.08	0.02439	0.12059	0	0	0	0	0	1	1
AC-P07-TP-NT-SM-63B4V-SM-63B4W	22	23047161	23090263	5	43102	0.05148	2.00008000320013e-05	0.55894	1	0.97188	0	0	0.97188	0.489822061454546	NA	NA	NA	NA	NA	NA	NA	NA	NA	NA	NA	NA	NA	NA	NA	NA	NA	NA	NA	NA	NA	NA	NA
AC-P07-TP-NT-SM-63B4V-SM-63B4W	22	23114930	51237387	2237	28122457	0.00443	0.0101504060162407	1.0217	2	2	0	0	2	2.12124610894775	0	1.0217	1.0217	1.0217	1	1	1	1	0	0	0.06	0.01976	0.09223	0.06	0.01976	0.09223	0	0	0	0	0	1	1
